0 0.018066 0.692871 0.036133 0.108398
0 0.065918 0.845703 0.131836 0.095703
0 0.010742 0.227051 0.021484 0.079102
0 0.034668 0.352539 0.061523 0.037109
0 0.120117 0.365723 0.080078 0.079102
0 0.052734 0.312988 0.046875 0.047852
0 0.206055 0.334961 0.068359 0.052734
0 0.205566 0.147949 0.067383 0.049805
0 0.218750 0.078613 0.041016 0.083008
0 0.046387 0.166992 0.086914 0.056641
0 0.259766 0.012207 0.058594 0.024414
0 0.357910 0.027832 0.073242 0.055664
0 0.811035 0.046875 0.067383 0.093750
0 0.672363 0.067383 0.057617 0.087891
0 0.595703 0.118164 0.136719 0.078125
0 0.270996 0.173340 0.086914 0.049805
0 0.440430 0.179688 0.056641 0.048828
0 0.551270 0.180664 0.200195 0.062500
0 0.509766 0.230957 0.105469 0.051758
0 0.473633 0.272461 0.132812 0.085938
0 0.307617 0.275879 0.054688 0.049805
0 0.333496 0.351562 0.114258 0.074219
0 0.468750 0.370117 0.169922 0.097656
0 0.614746 0.365723 0.045898 0.055664
0 0.630859 0.306641 0.068359 0.054688
0 0.727539 0.331543 0.052734 0.067383
0 0.742188 0.213867 0.099609 0.078125
0 0.852539 0.218262 0.117188 0.063477
0 0.873535 0.143555 0.063477 0.050781
0 0.894531 0.441406 0.078125 0.101562
0 0.954102 0.438965 0.050781 0.053711
0 0.778809 0.430664 0.067383 0.052734
0 0.655762 0.473145 0.075195 0.043945
0 0.478516 0.450684 0.101562 0.049805
0 0.379395 0.461914 0.063477 0.048828
0 0.318848 0.446777 0.067383 0.077148
0 0.281738 0.545898 0.073242 0.060547
0 0.436523 0.513184 0.050781 0.047852
0 0.713379 0.507812 0.075195 0.064453
0 0.794922 0.512207 0.087891 0.098633
0 0.716309 0.697266 0.081055 0.056641
0 0.631836 0.738281 0.070312 0.089844
0 0.441406 0.654785 0.068359 0.069336
0 0.739746 0.777832 0.100586 0.055664
0 0.862793 0.764648 0.124023 0.054688
0 0.918457 0.738281 0.081055 0.050781
0 0.910156 0.905273 0.150391 0.150391
0 0.804199 0.958496 0.061523 0.083008
0 0.676270 0.898438 0.170898 0.087891
0 0.383789 0.843750 0.056641 0.062500
0 0.308105 0.944824 0.135742 0.075195
0 0.430664 0.957520 0.080078 0.084961
0 0.490723 0.907227 0.061523 0.058594
0 0.763672 0.536621 0.158203 0.084961
0 0.581543 0.430664 0.084961 0.072266
