0 0.336426 0.026855 0.034180 0.047852
0 0.950195 0.018555 0.087891 0.037109
0 0.963379 0.058594 0.067383 0.042969
0 0.985352 0.106445 0.029297 0.052734
0 0.934570 0.183594 0.070312 0.027344
0 0.949707 0.257324 0.069336 0.040039
0 0.975098 0.329590 0.049805 0.038086
0 0.891113 0.317383 0.081055 0.054688
0 0.820312 0.398926 0.091797 0.116211
0 0.740234 0.248047 0.062500 0.033203
0 0.726562 0.105957 0.060547 0.038086
0 0.780762 0.037598 0.077148 0.041992
0 0.785645 0.215332 0.040039 0.038086
0 0.692871 0.271484 0.081055 0.056641
0 0.630371 0.281738 0.077148 0.043945
0 0.538086 0.208496 0.076172 0.047852
0 0.443848 0.129395 0.049805 0.049805
0 0.510742 0.083008 0.048828 0.048828
0 0.296875 0.096680 0.041016 0.046875
0 0.391602 0.298828 0.044922 0.041016
0 0.248535 0.225098 0.059570 0.032227
0 0.283691 0.276367 0.038086 0.048828
0 0.101074 0.223633 0.040039 0.066406
0 0.186523 0.273438 0.050781 0.050781
0 0.036621 0.399414 0.067383 0.056641
0 0.042969 0.168457 0.035156 0.041992
0 0.293945 0.593750 0.060547 0.042969
0 0.368652 0.665527 0.043945 0.036133
0 0.280273 0.707520 0.085938 0.038086
0 0.384277 0.719238 0.086914 0.045898
0 0.845215 0.654785 0.081055 0.038086
0 0.854492 0.728516 0.105469 0.044922
0 0.680176 0.739258 0.047852 0.042969
0 0.645508 0.767090 0.058594 0.053711
0 0.766113 0.828613 0.059570 0.032227
0 0.830078 0.894531 0.072266 0.066406
0 0.732422 0.972168 0.072266 0.055664
0 0.683594 0.841309 0.042969 0.026367
0 0.537598 0.873047 0.057617 0.062500
0 0.468750 0.931641 0.046875 0.091797
0 0.379395 0.840332 0.077148 0.053711
0 0.405762 0.800781 0.108398 0.068359
0 0.326172 0.883789 0.060547 0.078125
0 0.253906 0.973145 0.042969 0.053711
0 0.164062 0.661133 0.042969 0.037109
0 0.111328 0.671875 0.033203 0.031250
0 0.104492 0.776367 0.054688 0.033203
0 0.136719 0.828613 0.044922 0.051758
0 0.127930 0.930664 0.056641 0.082031
0 0.091309 0.907227 0.043945 0.076172
0 0.053711 0.969727 0.033203 0.060547
0 0.434570 0.803223 0.076172 0.079102
0 0.398438 0.836426 0.078125 0.040039
0 0.796387 0.639160 0.041992 0.041992
0 0.865723 0.092773 0.063477 0.037109
