0 0.413574 0.339844 0.110352 0.107422
0 0.044434 0.582520 0.088867 0.079102
0 0.207520 0.250977 0.153320 0.074219
0 0.196289 0.763672 0.136719 0.060547
0 0.407715 0.026367 0.125977 0.052734
0 0.259766 0.834473 0.164062 0.104492
0 0.936035 0.376953 0.110352 0.078125
0 0.560547 0.547852 0.167969 0.132812
0 0.176758 0.393066 0.171875 0.112305
0 0.747559 0.886230 0.258789 0.108398
0 0.046875 0.971680 0.093750 0.056641
0 0.322754 0.358398 0.135742 0.187500
0 0.972168 0.620117 0.055664 0.111328
0 0.422852 0.530762 0.103516 0.086914
0 0.131836 0.807129 0.207031 0.125977
0 0.263184 0.199219 0.165039 0.109375
0 0.164062 0.668457 0.187500 0.182617
0 0.963379 0.798340 0.073242 0.077148
0 0.827637 0.278320 0.163086 0.103516
0 0.409180 0.100098 0.109375 0.073242
0 0.476074 0.697754 0.176758 0.081055
0 0.958496 0.043457 0.083008 0.086914
0 0.669434 0.981445 0.106445 0.037109
0 0.318359 0.024414 0.091797 0.048828
0 0.943359 0.499023 0.103516 0.175781
0 0.896973 0.092773 0.202148 0.140625
0 0.067383 0.891113 0.134766 0.079102
0 0.847656 0.337402 0.136719 0.071289
0 0.532227 0.941406 0.066406 0.117188
0 0.446777 0.598633 0.151367 0.087891
0 0.887695 0.533691 0.117188 0.081055
0 0.748535 0.565430 0.168945 0.072266
0 0.646973 0.532227 0.110352 0.068359
0 0.334961 0.471680 0.113281 0.093750
0 0.107422 0.189453 0.083984 0.064453
0 0.176758 0.128906 0.085938 0.068359
