0 0.158203 0.071777 0.078125 0.084961
0 0.100098 0.263184 0.083008 0.063477
0 0.188477 0.261719 0.101562 0.074219
0 0.144531 0.522461 0.066406 0.072266
0 0.116699 0.591309 0.094727 0.065430
0 0.225586 0.621094 0.068359 0.083984
0 0.169922 0.668945 0.068359 0.078125
0 0.088379 0.723145 0.083008 0.083008
0 0.043945 0.645020 0.087891 0.063477
0 0.018555 0.698242 0.037109 0.066406
0 0.094238 0.869629 0.067383 0.108398
0 0.591797 0.971191 0.056641 0.057617
0 0.583496 0.916992 0.106445 0.068359
0 0.984863 0.853516 0.030273 0.064453
0 0.946289 0.856934 0.058594 0.067383
0 0.919434 0.810059 0.065430 0.069336
0 0.935059 0.734375 0.069336 0.078125
0 0.843262 0.791504 0.069336 0.047852
0 0.854980 0.723633 0.092773 0.097656
0 0.708496 0.694336 0.069336 0.099609
0 0.812012 0.591797 0.083008 0.089844
0 0.943359 0.597656 0.101562 0.097656
0 0.645508 0.744141 0.044922 0.064453
0 0.402832 0.804688 0.084961 0.078125
0 0.290039 0.764648 0.070312 0.072266
0 0.423828 0.699219 0.082031 0.076172
0 0.472656 0.780762 0.074219 0.088867
0 0.534668 0.774414 0.069336 0.083984
0 0.587402 0.687988 0.096680 0.112305
0 0.244141 0.846191 0.060547 0.057617
0 0.395020 0.590332 0.083008 0.077148
0 0.559082 0.517578 0.094727 0.113281
0 0.764160 0.437500 0.075195 0.070312
0 0.723145 0.331055 0.073242 0.066406
0 0.368652 0.291992 0.073242 0.074219
0 0.766602 0.206055 0.068359 0.062500
0 0.761230 0.264160 0.069336 0.063477
0 0.490234 0.140137 0.121094 0.084961
0 0.312500 0.203613 0.085938 0.081055
0 0.789551 0.157227 0.067383 0.070312
0 0.917969 0.103027 0.080078 0.071289
0 0.340332 0.031738 0.075195 0.063477
0 0.743652 0.599609 0.063477 0.066406
0 0.841797 0.034668 0.074219 0.057617
0 0.562500 0.728027 0.080078 0.118164
0 0.092773 0.491211 0.052734 0.062500
0 0.092773 0.549805 0.052734 0.039062
0 0.009766 0.349121 0.019531 0.075195
0 0.401855 0.013672 0.067383 0.027344
