0 0.789062 0.185547 0.142578 0.115234
0 0.953613 0.146973 0.092773 0.106445
0 0.791504 0.425781 0.079102 0.109375
0 0.914551 0.503418 0.083008 0.100586
0 0.879395 0.750000 0.088867 0.099609
0 0.770020 0.776367 0.118164 0.083984
0 0.696777 0.702637 0.088867 0.061523
0 0.936523 0.982910 0.064453 0.034180
0 0.477051 0.985840 0.069336 0.028320
0 0.307129 0.980469 0.065430 0.039062
0 0.281250 0.916992 0.062500 0.060547
0 0.380371 0.831543 0.077148 0.059570
0 0.369141 0.700195 0.076172 0.087891
0 0.142578 0.597656 0.105469 0.074219
0 0.104004 0.673828 0.069336 0.080078
0 0.135254 0.786133 0.127930 0.085938
0 0.238770 0.835938 0.122070 0.064453
0 0.104980 0.846680 0.159180 0.095703
0 0.091309 0.461914 0.098633 0.076172
0 0.293457 0.421387 0.084961 0.063477
0 0.469727 0.493652 0.064453 0.063477
0 0.665527 0.487305 0.055664 0.097656
0 0.686035 0.424805 0.059570 0.062500
0 0.444336 0.202637 0.082031 0.075195
0 0.382324 0.286133 0.094727 0.113281
0 0.187500 0.203613 0.082031 0.073242
0 0.085449 0.131836 0.073242 0.056641
0 0.042969 0.313477 0.085938 0.078125
0 0.505859 0.167480 0.087891 0.086914
0 0.569824 0.080566 0.065430 0.077148
0 0.424316 0.077637 0.098633 0.063477
0 0.389160 0.035645 0.055664 0.057617
0 0.523438 0.046387 0.056641 0.077148
0 0.771484 0.050293 0.060547 0.063477
0 0.954102 0.422852 0.058594 0.060547
