0 0.691895 0.223145 0.090820 0.104492
0 0.579590 0.349609 0.073242 0.064453
0 0.470703 0.637695 0.091797 0.117188
0 0.394043 0.427246 0.129883 0.086914
0 0.304199 0.270020 0.155273 0.114258
0 0.128418 0.157227 0.088867 0.126953
0 0.034668 0.298828 0.067383 0.064453
0 0.885742 0.322754 0.080078 0.083008
0 0.877441 0.872070 0.120117 0.130859
0 0.354004 0.891113 0.145508 0.102539
0 0.237793 0.155762 0.040039 0.047852
0 0.273438 0.456543 0.115234 0.086914
0 0.783691 0.291992 0.079102 0.076172
0 0.298340 0.579102 0.088867 0.066406
0 0.384277 0.580566 0.071289 0.057617
0 0.115723 0.563965 0.096680 0.051758
0 0.156250 0.714355 0.232422 0.131836
0 0.215332 0.747070 0.108398 0.060547
0 0.527344 0.743652 0.078125 0.116211
0 0.713379 0.616699 0.077148 0.040039
0 0.726562 0.676270 0.054688 0.053711
0 0.832520 0.647949 0.067383 0.104492
0 0.818359 0.493164 0.123047 0.078125
0 0.850098 0.392578 0.079102 0.052734
0 0.953125 0.429199 0.056641 0.036133
0 0.843262 0.980469 0.166992 0.039062
0 0.229004 0.935547 0.073242 0.082031
0 0.023438 0.884766 0.046875 0.070312
