0 0.053711 0.517090 0.107422 0.084961
0 0.028320 0.385742 0.056641 0.078125
0 0.874512 0.538086 0.155273 0.107422
0 0.709473 0.293457 0.092773 0.083008
0 0.348145 0.727051 0.122070 0.090820
0 0.626953 0.775879 0.080078 0.077148
0 0.412109 0.065918 0.134766 0.129883
0 0.429199 0.908691 0.120117 0.102539
0 0.398438 0.230957 0.087891 0.057617
0 0.477051 0.229492 0.084961 0.074219
0 0.479980 0.229492 0.084961 0.080078
0 0.238281 0.457520 0.115234 0.084961
0 0.521973 0.326660 0.100586 0.084961
0 0.353516 0.211914 0.074219 0.056641
0 0.189453 0.329590 0.074219 0.069336
0 0.503418 0.706055 0.137695 0.117188
0 0.948730 0.609863 0.102539 0.084961
0 0.319824 0.176270 0.053711 0.051758
0 0.327637 0.497070 0.063477 0.080078
