0 0.362305 0.074219 0.080078 0.080078
0 0.280762 0.472168 0.086914 0.084961
0 0.680664 0.154785 0.091797 0.065430
0 0.675781 0.037109 0.087891 0.074219
0 0.512207 0.295410 0.075195 0.067383
0 0.784668 0.393066 0.094727 0.077148
0 0.514648 0.706055 0.099609 0.072266
0 0.665527 0.754883 0.137695 0.080078
0 0.313477 0.018555 0.123047 0.037109
0 0.188477 0.312988 0.087891 0.067383
0 0.062012 0.411621 0.120117 0.084961
0 0.464355 0.414551 0.104492 0.084961
0 0.279785 0.226074 0.110352 0.092773
0 0.518066 0.144531 0.083008 0.070312
0 0.687012 0.564453 0.110352 0.070312
0 0.120605 0.171875 0.092773 0.089844
0 0.723145 0.510742 0.122070 0.052734
0 0.083496 0.036621 0.065430 0.061523
0 0.865723 0.453125 0.073242 0.072266
0 0.153320 0.773438 0.062500 0.078125
0 0.469727 0.202148 0.125000 0.070312
0 0.628418 0.532227 0.092773 0.070312
0 0.489258 0.480469 0.089844 0.062500
0 0.062988 0.493652 0.057617 0.057617
0 0.259277 0.141113 0.120117 0.067383
0 0.142090 0.379395 0.092773 0.067383
0 0.271973 0.733398 0.110352 0.097656
0 0.107910 0.000977 0.057617 0.001953
0 0.139648 0.289551 0.080078 0.045898
0 0.478516 0.633301 0.097656 0.086914
0 0.690918 0.460449 0.083008 0.067383
0 0.770508 0.240723 0.087891 0.086914
