0 0.807617 0.123535 0.101562 0.034180
0 0.329102 0.103516 0.126953 0.064453
0 0.429688 0.469238 0.169922 0.110352
0 0.295410 0.640137 0.063477 0.055664
0 0.372070 0.171875 0.125000 0.103516
0 0.408691 0.696777 0.065430 0.061523
0 0.043457 0.980469 0.086914 0.039062
0 0.120605 0.032227 0.149414 0.064453
0 0.567871 0.069336 0.104492 0.107422
0 0.934082 0.859375 0.079102 0.095703
0 0.044434 0.177734 0.088867 0.078125
0 0.074219 0.718262 0.105469 0.122070
0 0.489258 0.619141 0.109375 0.072266
0 0.887695 0.806641 0.060547 0.082031
0 0.732422 0.439453 0.144531 0.060547
0 0.542969 0.117188 0.146484 0.083984
0 0.806641 0.598145 0.076172 0.079102
0 0.678223 0.026367 0.088867 0.052734
0 0.460449 0.923340 0.057617 0.067383
0 0.979980 0.485840 0.040039 0.124023
0 0.521484 0.194824 0.134766 0.057617
0 0.413574 0.100586 0.065430 0.109375
0 0.131836 0.291992 0.169922 0.046875
0 0.264160 0.852539 0.092773 0.070312
0 0.082031 0.868164 0.126953 0.089844
0 0.897949 0.028320 0.098633 0.056641
0 0.030762 0.773438 0.061523 0.052734
0 0.060059 0.817383 0.110352 0.074219
0 0.300293 0.978027 0.092773 0.043945
0 0.505371 0.909668 0.098633 0.108398
0 0.525879 0.861328 0.075195 0.060547
0 0.027344 0.232910 0.054688 0.088867
0 0.027344 0.326660 0.054688 0.051758
0 0.852539 0.747070 0.103516 0.085938
0 0.798340 0.780762 0.108398 0.090820
0 0.772461 0.817383 0.064453 0.082031
0 0.725586 0.734863 0.126953 0.065430
0 0.671387 0.791016 0.149414 0.060547
0 0.700195 0.776855 0.087891 0.043945
0 0.823242 0.023438 0.107422 0.046875
0 0.802246 0.059082 0.120117 0.047852
0 0.708984 0.197754 0.089844 0.059570
0 0.846680 0.484863 0.111328 0.041992
0 0.822754 0.454102 0.120117 0.044922
0 0.758789 0.557129 0.218750 0.135742
0 0.737305 0.609375 0.134766 0.144531
0 0.663086 0.838379 0.070312 0.063477
0 0.133789 0.803223 0.056641 0.045898
