0 0.856445 0.787598 0.087891 0.155273
0 0.317871 0.758789 0.077148 0.103516
0 0.966309 0.884766 0.067383 0.072266
0 0.171875 0.333496 0.074219 0.086914
0 0.865723 0.048828 0.075195 0.097656
0 0.716797 0.439453 0.074219 0.072266
0 0.267090 0.893066 0.096680 0.141602
0 0.577637 0.551270 0.112305 0.055664
0 0.708008 0.973633 0.093750 0.052734
0 0.704102 0.171875 0.199219 0.093750
0 0.063965 0.545898 0.092773 0.078125
0 0.134277 0.961914 0.137695 0.076172
0 0.854980 0.350098 0.073242 0.079102
0 0.084473 0.390137 0.157227 0.124023
0 0.041016 0.090332 0.080078 0.122070
0 0.788086 0.477539 0.089844 0.070312
0 0.699707 0.837402 0.084961 0.098633
0 0.449219 0.240234 0.136719 0.179688
0 0.560059 0.465820 0.120117 0.103516
0 0.763672 0.276855 0.101562 0.153320
0 0.169922 0.513672 0.117188 0.087891
0 0.198730 0.169922 0.137695 0.078125
0 0.480957 0.662109 0.112305 0.113281
0 0.932617 0.963379 0.091797 0.071289
0 0.106934 0.612793 0.108398 0.092773
0 0.599121 0.886719 0.133789 0.083984
0 0.865723 0.184570 0.114258 0.113281
0 0.030762 0.161133 0.061523 0.060547
0 0.317383 0.353027 0.091797 0.083008
0 0.249023 0.279785 0.070312 0.073242
0 0.149902 0.273438 0.120117 0.080078
0 0.032227 0.763672 0.064453 0.121094
0 0.046387 0.889648 0.092773 0.091797
0 0.236816 0.875488 0.090820 0.081055
0 0.202637 0.710449 0.090820 0.079102
0 0.292480 0.682617 0.069336 0.072266
0 0.971191 0.782227 0.057617 0.056641
0 0.497559 0.658203 0.075195 0.140625
0 0.916016 0.321777 0.054688 0.055664
0 0.908203 0.036621 0.068359 0.073242
0 0.660156 0.576660 0.107422 0.118164
0 0.921387 0.271973 0.047852 0.036133
