0 0.018555 0.189941 0.037109 0.094727
0 0.048340 0.123535 0.077148 0.077148
0 0.150391 0.275879 0.078125 0.096680
0 0.092773 0.527344 0.066406 0.093750
0 0.188477 0.496094 0.072266 0.189453
0 0.419922 0.905762 0.083984 0.086914
0 0.582031 0.973145 0.099609 0.053711
0 0.886230 0.949707 0.084961 0.100586
0 0.693359 0.646973 0.072266 0.092773
0 0.547852 0.600098 0.062500 0.075195
0 0.429688 0.616211 0.089844 0.072266
0 0.370117 0.681641 0.070312 0.064453
0 0.284180 0.775391 0.113281 0.136719
0 0.343750 0.593262 0.107422 0.112305
0 0.329590 0.483887 0.098633 0.092773
0 0.308594 0.399414 0.064453 0.074219
0 0.417480 0.375977 0.079102 0.109375
0 0.386719 0.212402 0.089844 0.104492
0 0.365723 0.103027 0.096680 0.151367
0 0.671875 0.166504 0.080078 0.065430
0 0.694824 0.231934 0.143555 0.100586
0 0.790039 0.169434 0.095703 0.104492
0 0.666016 0.443359 0.085938 0.097656
0 0.605957 0.505371 0.139648 0.086914
0 0.855957 0.439941 0.065430 0.137695
0 0.943359 0.605957 0.091797 0.106445
0 0.937012 0.239746 0.100586 0.075195
0 0.616699 0.028320 0.088867 0.056641
0 0.536133 0.049316 0.076172 0.098633
0 0.615234 0.825195 0.144531 0.085938
0 0.565918 0.653320 0.118164 0.091797
0 0.707520 0.526855 0.075195 0.086914
0 0.922852 0.040039 0.083984 0.080078
