0 0.698242 0.414551 0.171875 0.100586
0 0.122070 0.835449 0.130859 0.102539
0 0.669434 0.811035 0.139648 0.102539
0 0.914551 0.510742 0.145508 0.091797
0 0.659668 0.025879 0.139648 0.051758
0 0.787109 0.545898 0.115234 0.078125
0 0.027832 0.839355 0.055664 0.102539
0 0.608398 0.172852 0.218750 0.101562
0 0.882324 0.629395 0.139648 0.075195
0 0.769531 0.642090 0.154297 0.120117
0 0.697266 0.929688 0.160156 0.134766
0 0.394531 0.359375 0.050781 0.064453
0 0.059570 0.939941 0.105469 0.084961
0 0.889648 0.913574 0.189453 0.067383
0 0.794434 0.302734 0.063477 0.062500
