0 0.945801 0.539551 0.108398 0.120117
0 0.163086 0.461914 0.126953 0.140625
0 0.723145 0.112305 0.102539 0.089844
0 0.489258 0.019531 0.099609 0.039062
0 0.633301 0.472168 0.096680 0.075195
0 0.546875 0.429199 0.105469 0.084961
0 0.819824 0.521973 0.094727 0.104492
0 0.541016 0.526855 0.107422 0.084961
0 0.583496 0.171875 0.127930 0.109375
0 0.897949 0.048340 0.086914 0.083008
0 0.925781 0.233398 0.091797 0.087891
0 0.963867 0.780762 0.072266 0.083008
0 0.360840 0.224609 0.118164 0.095703
0 0.754883 0.208008 0.089844 0.087891
0 0.329590 0.018555 0.094727 0.037109
0 0.364258 0.090820 0.099609 0.087891
0 0.706055 0.741699 0.097656 0.094727
0 0.769531 0.416016 0.095703 0.087891
0 0.825684 0.873047 0.176758 0.162109
0 0.113281 0.807129 0.142578 0.129883
0 0.410645 0.326660 0.182617 0.129883
0 0.191895 0.639648 0.094727 0.095703
0 0.422852 0.828613 0.134766 0.155273
0 0.755859 0.599121 0.078125 0.084961
0 0.376953 0.531738 0.080078 0.075195
0 0.577148 0.260742 0.099609 0.082031
0 0.076660 0.590820 0.075195 0.087891
0 0.477051 0.948242 0.100586 0.078125
0 0.666992 0.796875 0.099609 0.089844
0 0.593262 0.928223 0.077148 0.067383
0 0.343262 0.429688 0.077148 0.080078
0 0.320801 0.889648 0.057617 0.099609
0 0.218262 0.018555 0.073242 0.037109
0 0.138184 0.681641 0.067383 0.080078
0 0.043457 0.279785 0.083008 0.094727
0 0.037109 0.021973 0.074219 0.043945
0 0.443359 0.670898 0.062500 0.052734
0 0.041992 0.940918 0.083984 0.118164
0 0.208984 0.970703 0.136719 0.058594
0 0.907227 0.379395 0.064453 0.049805
0 0.043457 0.451660 0.083008 0.084961
0 0.019531 0.653320 0.035156 0.097656
0 0.481934 0.773438 0.069336 0.052734
0 0.284668 0.905762 0.084961 0.073242
