0 0.746094 0.702148 0.107422 0.064453
0 0.651855 0.437500 0.094727 0.095703
0 0.694824 0.134766 0.084961 0.080078
0 0.563477 0.038086 0.072266 0.052734
0 0.554688 0.637207 0.115234 0.065430
0 0.948242 0.326172 0.091797 0.097656
0 0.686035 0.586914 0.157227 0.115234
0 0.756836 0.208496 0.089844 0.102539
0 0.194824 0.638184 0.049805 0.051758
0 0.269531 0.579590 0.115234 0.110352
0 0.275391 0.475586 0.062500 0.123047
0 0.836914 0.488281 0.089844 0.087891
0 0.247559 0.227539 0.094727 0.085938
0 0.942383 0.574707 0.115234 0.129883
0 0.873047 0.952148 0.107422 0.095703
0 0.355469 0.667969 0.062500 0.062500
0 0.783203 0.933594 0.087891 0.097656
0 0.506836 0.756836 0.105469 0.089844
0 0.475586 0.608398 0.082031 0.126953
0 0.077148 0.751953 0.115234 0.109375
0 0.268066 0.032227 0.067383 0.060547
0 0.332031 0.039551 0.060547 0.075195
0 0.208496 0.471680 0.067383 0.115234
0 0.105957 0.162109 0.083008 0.099609
0 0.355957 0.788086 0.092773 0.072266
0 0.389648 0.431641 0.089844 0.080078
0 0.654297 0.284180 0.035156 0.062500
