0 0.019043 0.303711 0.038086 0.078125
0 0.064453 0.181641 0.128906 0.121094
0 0.146484 0.100586 0.117188 0.201172
0 0.245605 0.046875 0.075195 0.093750
0 0.354004 0.144043 0.151367 0.190430
0 0.165039 0.335938 0.099609 0.121094
0 0.151855 0.713867 0.118164 0.189453
0 0.320801 0.891602 0.114258 0.109375
0 0.809082 0.949707 0.061523 0.100586
0 0.613770 0.847168 0.092773 0.086914
0 0.911133 0.724121 0.177734 0.157227
0 0.870117 0.770996 0.103516 0.243164
0 0.660645 0.773926 0.325195 0.081055
0 0.679688 0.574219 0.068359 0.109375
0 0.711426 0.620605 0.221680 0.208008
0 0.348633 0.786133 0.078125 0.132812
0 0.395996 0.596191 0.182617 0.336914
0 0.401367 0.413086 0.148438 0.289062
0 0.335938 0.404785 0.216797 0.190430
0 0.556641 0.521973 0.199219 0.219727
0 0.151367 0.519043 0.162109 0.397461
0 0.226074 0.582520 0.057617 0.190430
0 0.834961 0.343262 0.060547 0.125977
0 0.814453 0.281738 0.087891 0.079102
0 0.694336 0.155762 0.160156 0.301758
0 0.654785 0.082031 0.129883 0.164062
0 0.641113 0.140625 0.143555 0.205078
0 0.432617 0.249023 0.074219 0.080078
0 0.347168 0.270996 0.061523 0.071289
0 0.557129 0.712402 0.071289 0.151367
0 0.508301 0.626953 0.090820 0.158203
0 0.539062 0.698242 0.142578 0.240234
0 0.259766 0.175781 0.064453 0.210938
0 0.105469 0.044922 0.083984 0.089844
