0 0.049316 0.086426 0.075195 0.098633
0 0.229004 0.023438 0.073242 0.046875
0 0.125977 0.074707 0.064453 0.055664
0 0.116211 0.528809 0.054688 0.083008
0 0.036621 0.578125 0.073242 0.074219
0 0.124512 0.779297 0.086914 0.074219
0 0.014160 0.816406 0.028320 0.062500
0 0.115234 0.866699 0.089844 0.086914
0 0.270508 0.858887 0.083984 0.075195
0 0.263672 0.740234 0.082031 0.087891
0 0.348633 0.769043 0.066406 0.114258
0 0.288574 0.441895 0.110352 0.096680
0 0.160645 0.337402 0.088867 0.081055
0 0.331055 0.572266 0.068359 0.123047
0 0.279785 0.581543 0.049805 0.133789
0 0.267090 0.207031 0.106445 0.076172
0 0.480957 0.014160 0.059570 0.028320
0 0.457520 0.076660 0.077148 0.067383
0 0.432129 0.132812 0.051758 0.054688
0 0.407715 0.248535 0.090820 0.094727
0 0.496094 0.350098 0.068359 0.084961
0 0.704102 0.221191 0.082031 0.084961
0 0.657715 0.108887 0.075195 0.075195
0 0.793457 0.204102 0.055664 0.091797
0 0.958984 0.083496 0.082031 0.075195
0 0.932617 0.012207 0.080078 0.024414
0 0.938965 0.268066 0.079102 0.069336
0 0.805176 0.345703 0.075195 0.099609
0 0.696289 0.362793 0.056641 0.084961
0 0.693359 0.496094 0.062500 0.099609
0 0.669922 0.620117 0.072266 0.105469
0 0.923828 0.496582 0.080078 0.112305
0 0.984375 0.418457 0.031250 0.084961
0 0.925293 0.695312 0.065430 0.091797
0 0.925293 0.781738 0.059570 0.067383
0 0.802246 0.777344 0.057617 0.085938
0 0.967773 0.896973 0.064453 0.083008
0 0.973145 0.949707 0.053711 0.055664
0 0.596191 0.930176 0.084961 0.063477
0 0.739258 0.979004 0.056641 0.041992
0 0.491211 0.536133 0.058594 0.062500
