0 0.180176 0.109375 0.036133 0.025391
0 0.275879 0.125488 0.049805 0.032227
0 0.409668 0.114258 0.038086 0.035156
0 0.509277 0.193359 0.081055 0.029297
0 0.557129 0.052246 0.045898 0.041992
0 0.514648 0.034180 0.076172 0.029297
0 0.671387 0.094727 0.061523 0.048828
0 0.928711 0.062988 0.054688 0.051758
0 0.801758 0.169922 0.048828 0.052734
0 0.887207 0.155762 0.030273 0.030273
0 0.908203 0.596680 0.087891 0.039062
0 0.823242 0.405273 0.039062 0.054688
0 0.954102 0.216797 0.064453 0.037109
0 0.750488 0.338379 0.047852 0.063477
0 0.687500 0.446289 0.037109 0.054688
0 0.616699 0.350586 0.073242 0.042969
0 0.482422 0.324219 0.066406 0.056641
0 0.408203 0.268066 0.029297 0.028320
0 0.386719 0.372559 0.058594 0.034180
0 0.428711 0.413086 0.041016 0.031250
0 0.373047 0.426758 0.046875 0.041016
0 0.362305 0.500000 0.062500 0.046875
0 0.428711 0.604004 0.064453 0.067383
0 0.507812 0.618164 0.039062 0.056641
0 0.257324 0.527344 0.053711 0.037109
0 0.177246 0.482422 0.049805 0.035156
0 0.153320 0.358398 0.021484 0.035156
0 0.078125 0.213379 0.039062 0.040039
0 0.066895 0.230469 0.049805 0.029297
0 0.047363 0.319824 0.038086 0.047852
0 0.045410 0.484863 0.034180 0.030273
0 0.212402 0.594727 0.038086 0.042969
0 0.077148 0.812012 0.046875 0.077148
0 0.132812 0.858887 0.041016 0.059570
0 0.243164 0.882812 0.044922 0.054688
0 0.309570 0.654297 0.031250 0.041016
0 0.363281 0.793457 0.023438 0.040039
0 0.409668 0.867188 0.045898 0.044922
0 0.509766 0.818359 0.066406 0.064453
0 0.590820 0.867188 0.050781 0.068359
0 0.728027 0.970703 0.047852 0.052734
0 0.958496 0.716309 0.075195 0.124023
0 0.952148 0.887695 0.048828 0.041016
0 0.605469 0.076172 0.054688 0.033203
0 0.018066 0.553223 0.028320 0.057617
