0 0.904297 0.433594 0.191406 0.142578
0 0.913574 0.110352 0.127930 0.220703
0 0.194336 0.401855 0.162109 0.094727
0 0.716309 0.570801 0.098633 0.084961
0 0.395508 0.052246 0.330078 0.083008
0 0.340820 0.124023 0.248047 0.103516
0 0.743652 0.442871 0.145508 0.084961
0 0.423340 0.208008 0.104492 0.093750
0 0.687988 0.021973 0.200195 0.043945
0 0.454590 0.918945 0.276367 0.095703
0 0.547852 0.864258 0.214844 0.097656
0 0.773438 0.886719 0.144531 0.117188
0 0.698730 0.724121 0.149414 0.096680
0 0.810547 0.770996 0.152344 0.049805
0 0.230957 0.536621 0.098633 0.124023
0 0.055176 0.349121 0.108398 0.086914
0 0.046875 0.412598 0.093750 0.063477
0 0.060547 0.221191 0.113281 0.067383
0 0.044434 0.083984 0.088867 0.072266
0 0.614258 0.485352 0.058594 0.128906
0 0.846680 0.166992 0.296875 0.169922
0 0.718750 0.134766 0.212891 0.082031
0 0.720215 0.177734 0.120117 0.060547
0 0.475098 0.962402 0.067383 0.075195
