0 0.457031 0.015137 0.115234 0.030273
0 0.171387 0.114746 0.071289 0.077148
0 0.073730 0.132812 0.102539 0.128906
0 0.170410 0.236816 0.096680 0.147461
0 0.113770 0.344727 0.059570 0.082031
0 0.036133 0.544922 0.072266 0.121094
0 0.171387 0.452637 0.079102 0.098633
0 0.318359 0.358398 0.142578 0.121094
0 0.359863 0.512207 0.098633 0.198242
0 0.560547 0.312012 0.109375 0.166992
0 0.647949 0.380371 0.084961 0.211914
0 0.822266 0.351562 0.119141 0.173828
0 0.599121 0.104492 0.081055 0.074219
0 0.943848 0.092773 0.092773 0.097656
0 0.533203 0.546875 0.089844 0.085938
0 0.390625 0.655273 0.117188 0.095703
0 0.099609 0.718750 0.099609 0.074219
0 0.215820 0.842773 0.082031 0.117188
0 0.076172 0.940918 0.087891 0.118164
0 0.468262 0.829102 0.200195 0.082031
0 0.738281 0.914551 0.130859 0.084961
0 0.825684 0.838379 0.106445 0.165039
0 0.530273 0.134277 0.060547 0.057617
