0 0.374512 0.955078 0.079102 0.078125
0 0.265625 0.512695 0.041016 0.125000
0 0.358398 0.833008 0.072266 0.144531
0 0.015625 0.909180 0.031250 0.050781
0 0.196289 0.421387 0.068359 0.108398
0 0.005859 0.594727 0.011719 0.052734
0 0.034180 0.589355 0.068359 0.067383
0 0.830566 0.947266 0.061523 0.101562
0 0.942871 0.250488 0.034180 0.083008
0 0.625977 0.592773 0.130859 0.072266
0 0.198730 0.256348 0.036133 0.088867
0 0.686523 0.216309 0.054688 0.081055
0 0.680664 0.729492 0.064453 0.148438
0 0.450195 0.074707 0.066406 0.139648
0 0.698730 0.528809 0.120117 0.124023
0 0.711426 0.278809 0.112305 0.073242
0 0.508301 0.243164 0.057617 0.107422
0 0.360352 0.076660 0.033203 0.141602
0 0.109863 0.124512 0.081055 0.081055
0 0.733398 0.447754 0.050781 0.083008
0 0.765137 0.574219 0.098633 0.103516
0 0.497070 0.890625 0.074219 0.046875
0 0.969238 0.500977 0.049805 0.062500
0 0.892578 0.154297 0.066406 0.056641
0 0.594727 0.095215 0.099609 0.153320
0 0.736328 0.146973 0.046875 0.086914
0 0.528320 0.622070 0.056641 0.095703
0 0.217773 0.494629 0.054688 0.073242
0 0.960938 0.539062 0.037109 0.070312
0 0.088379 0.380859 0.086914 0.111328
0 0.395508 0.565918 0.027344 0.094727
0 0.803711 0.852051 0.103516 0.110352
0 0.277832 0.028320 0.077148 0.054688
0 0.686523 0.396484 0.058594 0.105469
0 0.270996 0.876953 0.057617 0.056641
0 0.071289 0.442871 0.037109 0.081055
0 0.681641 0.578125 0.056641 0.066406
0 0.302734 0.315918 0.046875 0.059570
0 0.170898 0.949219 0.060547 0.062500
0 0.041992 0.910156 0.037109 0.058594
0 0.479980 0.041016 0.030273 0.082031
0 0.062988 0.224609 0.057617 0.037109
0 0.428711 0.926758 0.064453 0.019531
0 0.783203 0.877441 0.083984 0.045898
0 0.441895 0.618652 0.071289 0.041992
0 0.534180 0.587891 0.029297 0.048828
0 0.767578 0.147461 0.029297 0.089844
0 0.815430 0.788086 0.035156 0.142578
0 0.605469 0.648438 0.041016 0.046875
0 0.483398 0.979004 0.029297 0.041992
0 0.556641 0.565918 0.046875 0.057617
0 0.739258 0.080566 0.064453 0.102539
0 0.598145 0.027344 0.061523 0.037109
0 0.533691 0.042969 0.051758 0.085938
0 0.483398 0.533691 0.058594 0.038086
0 0.368164 0.629395 0.044922 0.030273
0 0.800781 0.191406 0.056641 0.087891
0 0.107422 0.173340 0.050781 0.049805
0 0.036621 0.121582 0.073242 0.129883
0 0.309082 0.956543 0.034180 0.032227
