0 0.217285 0.042969 0.098633 0.085938
0 0.061523 0.433105 0.078125 0.083008
0 0.723633 0.734375 0.103516 0.095703
0 0.717285 0.565430 0.065430 0.056641
0 0.084961 0.290039 0.138672 0.064453
0 0.325195 0.791504 0.091797 0.045898
0 0.974609 0.196289 0.050781 0.089844
0 0.828613 0.928711 0.112305 0.044922
0 0.269531 0.731934 0.128906 0.057617
0 0.821777 0.650391 0.131836 0.101562
0 0.011719 0.547363 0.023438 0.047852
0 0.652832 0.521973 0.106445 0.047852
0 0.524902 0.525879 0.075195 0.043945
0 0.499023 0.628906 0.083984 0.123047
0 0.694824 0.811035 0.125977 0.049805
0 0.396484 0.336426 0.025391 0.110352
0 0.073730 0.865723 0.065430 0.051758
0 0.172852 0.927734 0.125000 0.056641
0 0.315918 0.843262 0.090820 0.032227
0 0.940430 0.080566 0.046875 0.141602
0 0.479004 0.822754 0.071289 0.043945
0 0.275391 0.454590 0.074219 0.043945
0 0.744629 0.216309 0.104492 0.038086
0 0.847168 0.867188 0.090820 0.041016
0 0.757812 0.398438 0.050781 0.025391
0 0.514648 0.156250 0.048828 0.083984
0 0.064941 0.193359 0.100586 0.027344
0 0.081543 0.020508 0.094727 0.021484
0 0.022461 0.128906 0.044922 0.103516
0 0.881836 0.483398 0.097656 0.054688
0 0.258789 0.204102 0.068359 0.019531
0 0.648438 0.872559 0.066406 0.040039
0 0.955078 0.604004 0.085938 0.063477
0 0.053711 0.715820 0.107422 0.105469
0 0.245117 0.518555 0.201172 0.087891
0 0.055176 0.958496 0.110352 0.040039
0 0.561035 0.024902 0.055664 0.020508
0 0.785156 0.275879 0.136719 0.041992
0 0.412109 0.567871 0.056641 0.036133
0 0.469727 0.983887 0.033203 0.032227
0 0.010254 0.213379 0.020508 0.020508
0 0.130859 0.575195 0.054688 0.037109
0 0.198730 0.526367 0.213867 0.062500
0 0.509766 0.139648 0.171875 0.087891
0 0.714844 0.025391 0.123047 0.033203
0 0.809570 0.751953 0.085938 0.035156
0 0.407715 0.264648 0.034180 0.058594
0 0.459961 0.929199 0.089844 0.018555
0 0.160156 0.991211 0.054688 0.017578
0 0.340332 0.028320 0.073242 0.046875
0 0.546875 0.978027 0.056641 0.040039
0 0.976562 0.521973 0.046875 0.018555
0 0.635254 0.142578 0.040039 0.058594
0 0.101074 0.592285 0.034180 0.057617
0 0.163574 0.630859 0.034180 0.048828
0 0.976074 0.937500 0.043945 0.054688
0 0.494141 0.020508 0.140625 0.041016
0 0.802246 0.039062 0.083008 0.070312
0 0.352051 0.327637 0.065430 0.018555
0 0.150879 0.191406 0.071289 0.052734
0 0.677734 0.226562 0.189453 0.099609
0 0.291016 0.517090 0.087891 0.079102
0 0.340332 0.474609 0.069336 0.027344
0 0.622070 0.577148 0.125000 0.044922
0 0.928711 0.528809 0.044922 0.043945
0 0.901367 0.489258 0.148438 0.050781
0 0.548828 0.262695 0.056641 0.044922
0 0.389648 0.007812 0.054688 0.015625
0 0.750488 0.900391 0.055664 0.044922
0 0.083984 0.156738 0.058594 0.045898
