0 0.084961 0.966309 0.066406 0.067383
0 0.030762 0.948730 0.061523 0.083008
0 0.027344 0.128906 0.054688 0.082031
0 0.091797 0.276367 0.072266 0.078125
0 0.142578 0.083496 0.089844 0.100586
0 0.115723 0.023438 0.067383 0.046875
0 0.411133 0.041504 0.048828 0.061523
0 0.259277 0.118164 0.053711 0.060547
0 0.497070 0.050293 0.060547 0.051758
0 0.556641 0.043945 0.125000 0.087891
0 0.526855 0.110840 0.096680 0.071289
0 0.708008 0.229980 0.082031 0.081055
0 0.717285 0.054688 0.059570 0.066406
0 0.803711 0.044922 0.060547 0.064453
0 0.949707 0.015625 0.069336 0.031250
0 0.945801 0.057617 0.053711 0.052734
0 0.888672 0.127441 0.056641 0.047852
0 0.923340 0.835449 0.084961 0.083008
0 0.874512 0.971191 0.065430 0.057617
0 0.316895 0.964355 0.079102 0.071289
0 0.486816 0.929199 0.059570 0.063477
0 0.387695 0.821289 0.111328 0.109375
0 0.465332 0.854492 0.047852 0.054688
0 0.210449 0.818848 0.061523 0.055664
0 0.217285 0.731445 0.071289 0.085938
0 0.345215 0.723633 0.065430 0.080078
0 0.317871 0.682129 0.098633 0.110352
0 0.261719 0.600586 0.085938 0.074219
0 0.310059 0.556641 0.084961 0.085938
0 0.384766 0.495605 0.068359 0.055664
0 0.457031 0.582031 0.054688 0.054688
0 0.494629 0.633301 0.090820 0.090820
0 0.620605 0.599121 0.065430 0.098633
0 0.745605 0.583496 0.047852 0.071289
0 0.785645 0.644531 0.083008 0.132812
0 0.698730 0.485352 0.092773 0.070312
0 0.518555 0.478516 0.083984 0.056641
0 0.590332 0.462402 0.071289 0.081055
0 0.731445 0.400879 0.082031 0.061523
0 0.828613 0.410156 0.047852 0.060547
0 0.908691 0.477051 0.059570 0.071289
0 0.962402 0.434570 0.075195 0.056641
0 0.982910 0.387207 0.034180 0.071289
0 0.479004 0.393555 0.086914 0.082031
0 0.425293 0.401367 0.061523 0.056641
0 0.325684 0.411621 0.075195 0.073242
0 0.245117 0.403809 0.091797 0.071289
0 0.205566 0.460449 0.065430 0.067383
0 0.071777 0.457031 0.075195 0.072266
0 0.678223 0.582520 0.053711 0.069336
0 0.018555 0.990234 0.037109 0.019531
0 0.596680 0.990234 0.056641 0.019531
0 0.936523 0.992676 0.072266 0.014648
0 0.511719 0.813477 0.074219 0.058594
0 0.984863 0.486328 0.030273 0.064453
0 0.650879 0.416016 0.098633 0.087891
0 0.160645 0.025879 0.065430 0.051758
0 0.553711 0.017090 0.056641 0.034180
