0 0.437012 0.584961 0.090820 0.080078
0 0.048340 0.230469 0.073242 0.097656
0 0.941895 0.497070 0.104492 0.109375
0 0.037109 0.055176 0.062500 0.077148
0 0.799805 0.191895 0.089844 0.094727
0 0.605469 0.964844 0.134766 0.070312
0 0.855957 0.569824 0.086914 0.094727
0 0.240723 0.142090 0.073242 0.184570
0 0.291992 0.520996 0.070312 0.067383
0 0.375977 0.160645 0.107422 0.127930
0 0.859375 0.480469 0.060547 0.107422
0 0.177246 0.553223 0.065430 0.092773
0 0.864258 0.798340 0.115234 0.083008
0 0.951660 0.711914 0.084961 0.115234
0 0.104492 0.448242 0.064453 0.087891
0 0.298340 0.408203 0.057617 0.091797
0 0.173340 0.795898 0.073242 0.082031
0 0.944336 0.358398 0.089844 0.078125
0 0.404785 0.441895 0.084961 0.069336
0 0.319336 0.720703 0.064453 0.072266
0 0.229492 0.755859 0.060547 0.097656
0 0.811035 0.314453 0.057617 0.060547
0 0.375977 0.513184 0.087891 0.073242
0 0.756836 0.025879 0.064453 0.047852
0 0.913086 0.287109 0.072266 0.060547
0 0.755859 0.573730 0.062500 0.102539
0 0.635742 0.242188 0.082031 0.080078
0 0.255859 0.336914 0.062500 0.105469
0 0.166992 0.154785 0.080078 0.129883
0 0.118652 0.307129 0.057617 0.069336
0 0.339844 0.447266 0.054688 0.054688
