0 0.848633 0.047363 0.074219 0.094727
0 0.037109 0.431641 0.074219 0.068359
0 0.480469 0.848633 0.070312 0.164062
0 0.803711 0.333496 0.105469 0.118164
0 0.150391 0.892090 0.136719 0.100586
0 0.356934 0.669434 0.114258 0.084961
0 0.436523 0.780762 0.052734 0.079102
0 0.233398 0.676270 0.136719 0.090820
0 0.225586 0.596680 0.103516 0.082031
0 0.466309 0.288086 0.063477 0.148438
0 0.247559 0.508789 0.133789 0.111328
0 0.466309 0.169434 0.061523 0.108398
0 0.357910 0.556152 0.081055 0.061523
0 0.912109 0.431641 0.105469 0.087891
0 0.329590 0.951172 0.166992 0.097656
0 0.202148 0.145020 0.138672 0.043945
0 0.969238 0.216309 0.061523 0.073242
0 0.342285 0.497559 0.100586 0.172852
0 0.312012 0.289551 0.102539 0.094727
0 0.320312 0.770996 0.166016 0.049805
0 0.369629 0.757324 0.071289 0.067383
0 0.321777 0.315918 0.131836 0.047852
0 0.429688 0.411621 0.078125 0.041992
0 0.414062 0.387207 0.078125 0.034180
0 0.512695 0.225586 0.076172 0.064453
0 0.224121 0.125488 0.122070 0.040039
0 0.568848 0.218262 0.129883 0.100586
