0 0.844238 0.489258 0.063477 0.087891
0 0.577637 0.617676 0.102539 0.059570
0 0.923340 0.146484 0.061523 0.091797
0 0.042480 0.327148 0.083008 0.126953
0 0.460449 0.537109 0.073242 0.083984
0 0.567871 0.468750 0.073242 0.066406
0 0.887207 0.807129 0.090820 0.069336
0 0.536133 0.203125 0.048828 0.109375
0 0.269531 0.921875 0.085938 0.083984
0 0.804199 0.801758 0.073242 0.076172
0 0.336914 0.234863 0.082031 0.110352
0 0.225586 0.042969 0.083984 0.083984
0 0.869629 0.112793 0.059570 0.092773
0 0.822266 0.745605 0.074219 0.079102
0 0.440430 0.386719 0.083984 0.082031
0 0.351562 0.488281 0.101562 0.082031
0 0.665039 0.739746 0.072266 0.112305
0 0.493652 0.659668 0.088867 0.090820
0 0.180664 0.534180 0.101562 0.101562
0 0.405273 0.110352 0.091797 0.085938
0 0.251953 0.320801 0.113281 0.104492
0 0.782227 0.968262 0.058594 0.059570
0 0.767090 0.306641 0.079102 0.097656
0 0.670898 0.793945 0.068359 0.050781
0 0.966309 0.733398 0.067383 0.052734
0 0.094238 0.432129 0.092773 0.071289
0 0.287598 0.527344 0.100586 0.082031
0 0.262207 0.839844 0.086914 0.083984
0 0.041016 0.199219 0.082031 0.074219
0 0.092285 0.748047 0.081055 0.076172
0 0.147461 0.308105 0.087891 0.108398
0 0.391113 0.041016 0.069336 0.082031
0 0.040527 0.131348 0.081055 0.098633
0 0.802734 0.494141 0.070312 0.064453
0 0.256348 0.250000 0.081055 0.085938
0 0.677246 0.631836 0.057617 0.080078
0 0.746582 0.603027 0.067383 0.041992
0 0.576172 0.742676 0.062500 0.059570
0 0.969238 0.044922 0.049805 0.080078
0 0.041016 0.833496 0.080078 0.059570
0 0.206543 0.677734 0.075195 0.050781
0 0.293457 0.475098 0.081055 0.069336
0 0.262207 0.774902 0.061523 0.088867
0 0.754883 0.117188 0.142578 0.068359
0 0.189941 0.462402 0.090820 0.075195
0 0.030273 0.597656 0.060547 0.062500
0 0.868164 0.982910 0.039062 0.034180
0 0.774902 0.020996 0.038086 0.041992
0 0.235352 0.976074 0.082031 0.043945
0 0.146973 0.322266 0.075195 0.085938
0 0.241211 0.365723 0.080078 0.102539
0 0.606934 0.895020 0.030273 0.092773
0 0.358398 0.309082 0.074219 0.098633
0 0.080078 0.979980 0.085938 0.036133
0 0.165527 0.198730 0.067383 0.071289
0 0.975098 0.032227 0.049805 0.064453
0 0.026855 0.700684 0.053711 0.061523
0 0.291992 0.030273 0.046875 0.058594
0 0.455078 0.343262 0.134766 0.102539
0 0.669922 0.596680 0.058594 0.056641
0 0.229980 0.410645 0.084961 0.059570
0 0.880859 0.230469 0.048828 0.042969
0 0.277344 0.029297 0.048828 0.058594
0 0.711914 0.987305 0.039062 0.025391
0 0.146484 0.150879 0.083984 0.092773
0 0.519043 0.305176 0.100586 0.141602
0 0.667480 0.043457 0.090820 0.084961
0 0.164551 0.374512 0.077148 0.065430
0 0.419922 0.311035 0.072266 0.088867
