0 0.912109 0.495117 0.087891 0.160156
0 0.339355 0.125000 0.102539 0.134766
0 0.636719 0.527344 0.164062 0.111328
0 0.646484 0.409180 0.158203 0.125000
0 0.464355 0.521973 0.145508 0.100586
0 0.765625 0.544922 0.097656 0.095703
0 0.786621 0.443359 0.084961 0.093750
0 0.331055 0.894531 0.072266 0.074219
0 0.427246 0.244141 0.116211 0.113281
0 0.201660 0.842285 0.094727 0.137695
0 0.884766 0.916992 0.060547 0.099609
0 0.746094 0.127930 0.076172 0.082031
0 0.415527 0.107910 0.067383 0.090820
0 0.239746 0.212402 0.084961 0.100586
0 0.077148 0.158691 0.099609 0.096680
0 0.353516 0.669434 0.082031 0.094727
0 0.950195 0.728027 0.080078 0.120117
0 0.278320 0.267578 0.080078 0.080078
0 0.572754 0.021484 0.098633 0.042969
0 0.274902 0.426270 0.081055 0.083008
0 0.209473 0.158203 0.086914 0.072266
0 0.301758 0.967285 0.089844 0.065430
0 0.824707 0.187012 0.110352 0.104492
0 0.064453 0.787109 0.125000 0.125000
0 0.777344 0.968750 0.080078 0.062500
0 0.288086 0.519531 0.091797 0.185547
0 0.037109 0.080566 0.070312 0.083008
0 0.050781 0.590820 0.097656 0.082031
0 0.347656 0.435547 0.091797 0.117188
0 0.137695 0.878418 0.087891 0.112305
