0 0.110840 0.184082 0.030273 0.043945
0 0.144043 0.180176 0.026367 0.028320
0 0.016602 0.334961 0.023438 0.021484
0 0.063477 0.358887 0.046875 0.045898
0 0.039062 0.414551 0.046875 0.065430
0 0.114746 0.256836 0.047852 0.044922
0 0.183594 0.224609 0.066406 0.031250
0 0.217773 0.249023 0.046875 0.068359
0 0.190430 0.286133 0.039062 0.058594
0 0.275879 0.300293 0.053711 0.051758
0 0.362793 0.303223 0.055664 0.043945
0 0.560059 0.237305 0.059570 0.050781
0 0.477051 0.352051 0.049805 0.079102
0 0.450684 0.374023 0.069336 0.033203
0 0.461426 0.406250 0.049805 0.046875
0 0.559570 0.366699 0.099609 0.040039
0 0.591309 0.470703 0.059570 0.070312
0 0.679199 0.377441 0.083008 0.032227
0 0.768555 0.404297 0.056641 0.035156
0 0.767090 0.441406 0.043945 0.082031
0 0.666504 0.337891 0.059570 0.066406
0 0.769531 0.173340 0.060547 0.071289
0 0.777832 0.284180 0.083008 0.041016
0 0.950684 0.866211 0.047852 0.074219
0 0.953125 0.956543 0.062500 0.086914
0 0.830566 0.979492 0.061523 0.041016
0 0.686035 0.983398 0.049805 0.033203
0 0.780762 0.833008 0.057617 0.031250
0 0.885742 0.854980 0.035156 0.045898
0 0.723633 0.742188 0.083984 0.064453
0 0.604004 0.766602 0.043945 0.048828
0 0.606934 0.792969 0.040039 0.042969
0 0.587891 0.878418 0.046875 0.043945
0 0.467773 0.825684 0.060547 0.077148
0 0.425293 0.861328 0.045898 0.046875
0 0.422363 0.890137 0.073242 0.049805
0 0.367676 0.811035 0.065430 0.047852
0 0.403320 0.713867 0.052734 0.050781
0 0.169922 0.682129 0.044922 0.043945
0 0.245117 0.844238 0.027344 0.030273
0 0.020996 0.749023 0.041992 0.046875
0 0.010742 0.844238 0.021484 0.084961
