0 0.476562 0.330078 0.062500 0.082031
0 0.382812 0.541992 0.074219 0.083984
0 0.300293 0.503906 0.051758 0.087891
0 0.402344 0.802246 0.066406 0.071289
0 0.260742 0.046875 0.042969 0.074219
0 0.604492 0.165527 0.087891 0.073242
0 0.350586 0.242676 0.050781 0.088867
0 0.342139 0.576758 0.082715 0.067187
0 0.800781 0.376953 0.080078 0.082031
0 0.525879 0.443359 0.047852 0.082031
0 0.087402 0.826172 0.077148 0.052734
0 0.969238 0.541016 0.055664 0.064453
0 0.937012 0.474609 0.047852 0.076172
0 0.089844 0.256348 0.058594 0.057617
0 0.835449 0.137207 0.040039 0.069336
0 0.832031 0.285156 0.033203 0.066406
0 0.755371 0.463867 0.041992 0.087891
0 0.772461 0.853516 0.050781 0.064453
0 0.870117 0.036621 0.050781 0.073242
0 0.632324 0.854004 0.047852 0.092773
0 0.216797 0.061523 0.060547 0.070312
0 0.908203 0.018555 0.033203 0.037109
0 0.043945 0.024902 0.085938 0.049805
0 0.442871 0.979004 0.055664 0.038086
0 0.628418 0.645508 0.040039 0.078125
0 0.741699 0.309570 0.059570 0.060547
0 0.413086 0.094238 0.093750 0.081055
0 0.397949 0.163086 0.081055 0.113281
0 0.819824 0.054688 0.067383 0.089844
0 0.525391 0.681641 0.054688 0.048828
0 0.084473 0.633789 0.065430 0.058594
0 0.253418 0.270020 0.049805 0.069336
0 0.249512 0.734375 0.051758 0.054688
0 0.724121 0.027832 0.067383 0.055664
0 0.037109 0.944336 0.044922 0.054688
0 0.915527 0.599609 0.034180 0.056641
0 0.469727 0.477539 0.054688 0.076172
0 0.502930 0.594238 0.060547 0.065430
0 0.542480 0.535156 0.067383 0.080078
0 0.212402 0.663086 0.040039 0.062500
0 0.796387 0.278320 0.055664 0.058594
0 0.604004 0.563965 0.043945 0.057617
0 0.405762 0.663086 0.043945 0.058594
0 0.408691 0.192383 0.065430 0.080078
0 0.555664 0.315918 0.070312 0.059570
0 0.211426 0.536621 0.041992 0.083008
0 0.301758 0.040039 0.046875 0.041016
0 0.419434 0.333496 0.045898 0.051758
0 0.715820 0.717773 0.042969 0.056641
0 0.672852 0.728027 0.037109 0.041992
0 0.795898 0.585449 0.041016 0.067383
0 0.529297 0.975098 0.041016 0.049805
0 0.878418 0.390625 0.038086 0.058594
0 0.591309 0.187012 0.057617 0.084961
0 0.057129 0.466309 0.071289 0.049805
0 0.898438 0.115234 0.044922 0.042969
0 0.979492 0.067871 0.041016 0.071289
0 0.983398 0.609375 0.033203 0.111328
0 0.507812 0.916016 0.058594 0.052734
0 0.509766 0.646973 0.078125 0.069336
