0 0.185547 0.052246 0.111328 0.104492
0 0.447266 0.020508 0.097656 0.041016
0 0.937988 0.023926 0.083008 0.047852
0 0.946289 0.166992 0.095703 0.150391
0 0.784180 0.156738 0.119141 0.200195
0 0.540527 0.062500 0.122070 0.125000
0 0.459473 0.137695 0.077148 0.091797
0 0.294434 0.176270 0.149414 0.106445
0 0.968750 0.694824 0.062500 0.106445
0 0.950195 0.545898 0.099609 0.117188
0 0.876953 0.779297 0.062500 0.087891
0 0.444336 0.603516 0.087891 0.189453
0 0.409668 0.729980 0.077148 0.114258
0 0.293945 0.630859 0.134766 0.113281
0 0.145020 0.619141 0.110352 0.095703
0 0.181152 0.431641 0.116211 0.083984
0 0.071777 0.433105 0.143555 0.120117
0 0.637695 0.794922 0.099609 0.177734
0 0.493652 0.861328 0.141602 0.214844
0 0.322754 0.794922 0.086914 0.109375
0 0.099609 0.130859 0.058594 0.076172
0 0.296387 0.142090 0.159180 0.077148
0 0.063477 0.542480 0.060547 0.083008
0 0.695801 0.775391 0.104492 0.136719
