0 0.047363 0.831543 0.067383 0.081055
0 0.286621 0.937012 0.084961 0.065430
0 0.532715 0.922852 0.139648 0.082031
0 0.418457 0.975586 0.081055 0.048828
0 0.638184 0.864258 0.084961 0.080078
0 0.702148 0.932617 0.074219 0.083984
0 0.928223 0.848145 0.118164 0.084961
0 0.967285 0.949707 0.065430 0.053711
0 0.776367 0.768555 0.087891 0.070312
0 0.742188 0.680176 0.068359 0.063477
0 0.832031 0.623535 0.064453 0.071289
0 0.906738 0.565430 0.133789 0.074219
0 0.946289 0.528809 0.107422 0.083008
0 0.902832 0.702148 0.084961 0.056641
0 0.959473 0.765137 0.081055 0.065430
0 0.185547 0.824219 0.066406 0.080078
0 0.143066 0.731934 0.084961 0.094727
0 0.331543 0.749023 0.108398 0.060547
0 0.037598 0.451172 0.071289 0.050781
0 0.212402 0.398926 0.069336 0.069336
0 0.273926 0.371094 0.086914 0.087891
0 0.295410 0.318848 0.081055 0.069336
0 0.396973 0.349121 0.057617 0.051758
0 0.538086 0.343750 0.078125 0.068359
0 0.443359 0.229980 0.070312 0.069336
0 0.134766 0.077148 0.087891 0.105469
0 0.250000 0.200684 0.062500 0.106445
0 0.508789 0.554199 0.107422 0.086914
0 0.525391 0.680664 0.109375 0.078125
0 0.604492 0.755371 0.093750 0.065430
0 0.739258 0.478027 0.097656 0.065430
0 0.545898 0.472168 0.083984 0.049805
0 0.737793 0.293457 0.073242 0.075195
0 0.846191 0.254395 0.079102 0.094727
0 0.972168 0.365723 0.055664 0.096680
0 0.116211 0.266602 0.089844 0.058594
0 0.033203 0.280273 0.066406 0.052734
0 0.076660 0.168945 0.088867 0.070312
0 0.249512 0.021973 0.075195 0.043945
0 0.046387 0.482910 0.084961 0.043945
0 0.709473 0.020508 0.096680 0.041016
0 0.886230 0.024902 0.088867 0.049805
0 0.910645 0.077148 0.084961 0.087891
0 0.566895 0.199707 0.071289 0.057617
0 0.637207 0.253418 0.069336 0.069336
0 0.348145 0.203613 0.090820 0.086914
0 0.405762 0.145508 0.098633 0.060547
0 0.157227 0.874512 0.056641 0.053711
0 0.601562 0.664062 0.064453 0.103516
0 0.845703 0.725098 0.074219 0.061523
0 0.856934 0.363281 0.102539 0.044922
0 0.877441 0.862305 0.065430 0.052734
0 0.616211 0.046387 0.046875 0.047852
0 0.487793 0.190430 0.100586 0.072266
0 0.708008 0.867188 0.085938 0.062500
0 0.188477 0.311523 0.068359 0.054688
0 0.340820 0.349121 0.056641 0.055664
