0 0.899414 0.025391 0.103516 0.050781
0 0.885742 0.148438 0.060547 0.068359
0 0.923340 0.247070 0.065430 0.085938
0 0.973633 0.482910 0.052734 0.065430
0 0.847168 0.770020 0.100586 0.081055
0 0.795898 0.875977 0.091797 0.089844
0 0.678711 0.570801 0.089844 0.141602
0 0.747070 0.509766 0.064453 0.087891
0 0.673340 0.813965 0.102539 0.069336
0 0.632812 0.870117 0.080078 0.062500
0 0.597656 0.962402 0.083984 0.075195
0 0.684570 0.936523 0.072266 0.074219
0 0.970703 0.867188 0.058594 0.085938
0 0.932617 0.979980 0.085938 0.040039
0 0.836914 0.970215 0.078125 0.059570
0 0.732910 0.955078 0.065430 0.080078
0 0.432617 0.830078 0.068359 0.072266
0 0.391602 0.889648 0.097656 0.080078
0 0.125488 0.978027 0.170898 0.043945
0 0.054688 0.880371 0.109375 0.084961
0 0.238281 0.953125 0.058594 0.074219
0 0.194336 0.909668 0.072266 0.081055
0 0.272461 0.880859 0.078125 0.074219
0 0.203125 0.827148 0.070312 0.076172
0 0.106445 0.742188 0.078125 0.080078
0 0.172852 0.722168 0.072266 0.083008
0 0.248535 0.721680 0.102539 0.107422
0 0.358398 0.735352 0.062500 0.068359
0 0.312500 0.807617 0.074219 0.070312
0 0.152344 0.047852 0.072266 0.095703
0 0.308594 0.046387 0.066406 0.069336
0 0.392578 0.255859 0.076172 0.091797
0 0.286133 0.347656 0.080078 0.068359
0 0.163086 0.438965 0.103516 0.147461
0 0.469238 0.435547 0.075195 0.078125
0 0.263672 0.527344 0.082031 0.078125
0 0.469727 0.369629 0.080078 0.067383
0 0.532715 0.318848 0.077148 0.118164
0 0.640137 0.050781 0.094727 0.080078
0 0.751953 0.017578 0.125000 0.035156
0 0.739746 0.079102 0.067383 0.074219
0 0.958984 0.220215 0.060547 0.067383
0 0.085938 0.043457 0.095703 0.086914
0 0.691406 0.761230 0.068359 0.077148
0 0.701172 0.874023 0.085938 0.080078
0 0.209961 0.789551 0.072266 0.065430
0 0.023438 0.965820 0.046875 0.068359
0 0.441406 0.722168 0.078125 0.094727
