0 0.765137 0.520020 0.065430 0.079102
0 0.773438 0.436035 0.056641 0.081055
0 0.955078 0.448242 0.070312 0.078125
0 0.559082 0.189453 0.086914 0.105469
0 0.664551 0.184570 0.065430 0.101562
0 0.114746 0.503906 0.059570 0.076172
0 0.234863 0.759277 0.073242 0.065430
0 0.962891 0.792480 0.062500 0.073242
0 0.607910 0.868164 0.047852 0.083984
0 0.398926 0.177734 0.065430 0.076172
0 0.729980 0.040039 0.075195 0.078125
0 0.097168 0.540527 0.065430 0.051758
0 0.477051 0.442383 0.077148 0.080078
0 0.175781 0.123535 0.093750 0.098633
0 0.233398 0.502930 0.107422 0.054688
0 0.658203 0.771484 0.093750 0.072266
0 0.437012 0.323730 0.061523 0.084961
0 0.909668 0.101074 0.065430 0.055664
0 0.696289 0.477051 0.083984 0.077148
0 0.610840 0.031738 0.075195 0.047852
0 0.310059 0.886719 0.061523 0.054688
0 0.490234 0.604492 0.093750 0.046875
0 0.678711 0.258789 0.068359 0.052734
0 0.656738 0.475098 0.061523 0.081055
0 0.166504 0.834473 0.081055 0.051758
0 0.822754 0.930664 0.086914 0.041016
0 0.150391 0.024414 0.072266 0.046875
0 0.526855 0.918457 0.067383 0.055664
0 0.746582 0.246094 0.028320 0.080078
0 0.561523 0.339844 0.054688 0.066406
0 0.141602 0.900879 0.097656 0.083008
0 0.237793 0.946289 0.114258 0.056641
0 0.496094 0.369141 0.062500 0.058594
0 0.726074 0.843262 0.061523 0.043945
0 0.770508 0.020996 0.066406 0.041992
0 0.290039 0.435059 0.056641 0.043945
0 0.204102 0.255859 0.083984 0.046875
0 0.496094 0.102539 0.054688 0.050781
0 0.888184 0.103516 0.059570 0.066406
0 0.506348 0.983887 0.069336 0.030273
0 0.420410 0.984375 0.051758 0.031250
0 0.686523 0.640625 0.078125 0.048828
0 0.283203 0.293457 0.087891 0.100586
0 0.288574 0.149414 0.114258 0.042969
0 0.324219 0.544434 0.132812 0.047852
0 0.416992 0.351562 0.072266 0.037109
0 0.431641 0.019043 0.052734 0.036133
0 0.486328 0.633301 0.087891 0.061523
0 0.025879 0.525391 0.051758 0.046875
0 0.655273 0.984863 0.076172 0.030273
0 0.024902 0.561523 0.049805 0.048828
0 0.395996 0.784668 0.108398 0.090820
0 0.959961 0.708008 0.080078 0.076172
0 0.323730 0.721680 0.055664 0.046875
0 0.283691 0.266602 0.069336 0.054688
0 0.433594 0.800781 0.054688 0.064453
0 0.357422 0.316406 0.048828 0.058594
0 0.312988 0.384766 0.047852 0.035156
0 0.089844 0.639160 0.048828 0.051758
0 0.207520 0.683594 0.069336 0.037109
0 0.141602 0.681152 0.078125 0.065430
0 0.522949 0.771973 0.041992 0.022461
0 0.021973 0.103027 0.043945 0.036133
0 0.015625 0.893066 0.031250 0.055664
0 0.205566 0.887207 0.084961 0.038086
