0 0.886719 0.591797 0.068359 0.085938
0 0.960938 0.048828 0.050781 0.087891
0 0.681641 0.755859 0.099609 0.058594
0 0.591309 0.397949 0.045898 0.114258
0 0.872070 0.039062 0.068359 0.076172
0 0.429688 0.547363 0.099609 0.047852
0 0.288574 0.779785 0.092773 0.104492
0 0.706055 0.398438 0.064453 0.101562
0 0.654297 0.969727 0.066406 0.060547
0 0.747070 0.150391 0.095703 0.130859
0 0.582031 0.154297 0.082031 0.080078
0 0.515137 0.099609 0.055664 0.039062
0 0.203125 0.641602 0.119141 0.068359
0 0.275879 0.354492 0.104492 0.085938
0 0.625000 0.321777 0.072266 0.090820
0 0.102051 0.156250 0.104492 0.064453
0 0.397461 0.298340 0.070312 0.092773
0 0.854980 0.417969 0.100586 0.080078
0 0.252930 0.380371 0.101562 0.077148
0 0.713867 0.458984 0.101562 0.083984
0 0.907227 0.318848 0.058594 0.114258
0 0.530762 0.977539 0.088867 0.044922
0 0.779297 0.315918 0.130859 0.081055
0 0.537598 0.507812 0.065430 0.058594
0 0.168945 0.665039 0.091797 0.083984
0 0.956055 0.971191 0.082031 0.057617
0 0.159180 0.847168 0.099609 0.040039
0 0.043457 0.440430 0.086914 0.083984
0 0.628906 0.099121 0.109375 0.079102
0 0.774902 0.442383 0.057617 0.064453
0 0.257324 0.847168 0.065430 0.045898
0 0.288574 0.097656 0.077148 0.060547
0 0.075684 0.740234 0.100586 0.072266
0 0.793457 0.565918 0.065430 0.036133
0 0.439941 0.812012 0.086914 0.051758
0 0.471191 0.117676 0.057617 0.069336
0 0.226074 0.258789 0.104492 0.128906
0 0.376465 0.666504 0.127930 0.045898
0 0.731445 0.870605 0.050781 0.051758
0 0.077148 0.094238 0.154297 0.114258
0 0.137695 0.969238 0.097656 0.040039
0 0.471680 0.974609 0.042969 0.050781
0 0.160645 0.717773 0.170898 0.052734
0 0.542480 0.778809 0.096680 0.038086
0 0.424805 0.374023 0.082031 0.056641
0 0.627441 0.862793 0.057617 0.043945
0 0.885254 0.019043 0.036133 0.038086
0 0.585449 0.733887 0.057617 0.043945
0 0.804199 0.259277 0.043945 0.032227
0 0.505859 0.861328 0.060547 0.029297
0 0.417969 0.940918 0.109375 0.051758
0 0.856445 0.989746 0.068359 0.020508
0 0.543457 0.593262 0.083008 0.036133
0 0.249023 0.023926 0.050781 0.047852
0 0.549316 0.172852 0.086914 0.078125
0 0.615723 0.790527 0.116211 0.057617
0 0.167480 0.462891 0.053711 0.037109
0 0.882324 0.760254 0.081055 0.077148
0 0.363281 0.330566 0.095703 0.053711
0 0.203125 0.075684 0.154297 0.143555
0 0.131348 0.097168 0.047852 0.067383
0 0.104004 0.022461 0.069336 0.044922
0 0.496582 0.838379 0.057617 0.028320
