0 0.703125 0.208008 0.078125 0.097656
0 0.882324 0.269531 0.084961 0.089844
0 0.250488 0.448730 0.067383 0.102539
0 0.874512 0.854492 0.145508 0.074219
0 0.611816 0.292480 0.065430 0.084961
0 0.935547 0.755371 0.082031 0.067383
0 0.104492 0.903320 0.080078 0.091797
0 0.699219 0.371094 0.134766 0.097656
0 0.802246 0.574707 0.084961 0.059570
0 0.090820 0.244629 0.082031 0.155273
0 0.684570 0.568359 0.074219 0.072266
0 0.828125 0.714355 0.072266 0.059570
0 0.500977 0.219238 0.062500 0.084961
0 0.441895 0.692871 0.075195 0.067383
0 0.673340 0.880859 0.083008 0.087891
0 0.526855 0.950684 0.073242 0.079102
0 0.764648 0.768066 0.070312 0.067383
0 0.512207 0.086914 0.049805 0.089844
0 0.163086 0.161133 0.072266 0.107422
0 0.634277 0.764648 0.065430 0.109375
0 0.722168 0.652344 0.069336 0.054688
0 0.718750 0.824707 0.062500 0.059570
0 0.209473 0.825684 0.065430 0.047852
0 0.902344 0.497070 0.169922 0.060547
0 0.998535 0.539551 0.002930 0.079102
0 0.449707 0.539551 0.059570 0.104492
0 0.931152 0.137207 0.137695 0.084961
0 0.789551 0.058105 0.065430 0.102539
0 0.286133 0.291016 0.072266 0.087891
0 0.501953 0.551758 0.064453 0.070312
0 0.054688 0.109375 0.080078 0.070312
0 0.208496 0.097656 0.067383 0.082031
0 0.976074 0.326172 0.047852 0.062500
0 0.541992 0.781738 0.115234 0.084961
0 0.416016 0.050781 0.082031 0.097656
0 0.864258 0.789551 0.080078 0.069336
0 0.499512 0.310547 0.059570 0.097656
0 0.311035 0.750977 0.077148 0.062500
0 0.582031 0.381836 0.064453 0.054688
0 0.406738 0.234863 0.084961 0.200195
0 0.164551 0.290527 0.079102 0.067383
0 0.510742 0.825684 0.068359 0.112305
0 0.979004 0.156250 0.040039 0.082031
0 0.812012 0.432129 0.045898 0.100586
0 0.323242 0.445801 0.042969 0.067383
0 0.533691 0.656738 0.057617 0.049805
0 0.032227 0.561035 0.060547 0.077148
0 0.291992 0.021973 0.099609 0.040039
0 0.574219 0.024414 0.089844 0.044922
0 0.400879 0.974121 0.094727 0.043945
0 0.421875 0.312012 0.048828 0.057617
0 0.159180 0.054199 0.080078 0.094727
0 0.625977 0.064453 0.152344 0.080078
0 0.423340 0.115723 0.047852 0.092773
0 0.040527 0.878418 0.043945 0.041992
