0 0.398926 0.051758 0.081055 0.087891
0 0.891113 0.083008 0.065430 0.105469
0 0.431641 0.395508 0.095703 0.074219
0 0.981934 0.075684 0.036133 0.104492
0 0.380859 0.216797 0.109375 0.056641
0 0.290527 0.107910 0.108398 0.114258
0 0.840332 0.357422 0.079102 0.052734
0 0.766113 0.761719 0.104492 0.052734
0 0.410645 0.942871 0.104492 0.051758
0 0.583008 0.965332 0.066406 0.069336
0 0.748535 0.136719 0.094727 0.072266
0 0.075684 0.795410 0.141602 0.057617
0 0.604004 0.061035 0.088867 0.090820
0 0.493164 0.088379 0.095703 0.043945
0 0.902832 0.270508 0.100586 0.041016
0 0.561035 0.416016 0.090820 0.091797
0 0.909180 0.351562 0.083984 0.080078
0 0.461426 0.162598 0.129883 0.049805
0 0.635254 0.972656 0.077148 0.054688
0 0.099609 0.053711 0.074219 0.054688
0 0.556641 0.687988 0.089844 0.083008
0 0.117676 0.120605 0.124023 0.055664
0 0.243652 0.790039 0.141602 0.064453
0 0.553711 0.734863 0.070312 0.057617
0 0.104980 0.420898 0.075195 0.042969
0 0.240723 0.856445 0.090820 0.041016
0 0.614746 0.366211 0.081055 0.082031
0 0.577148 0.811523 0.091797 0.035156
0 0.566406 0.089844 0.066406 0.083984
0 0.256348 0.121582 0.075195 0.098633
0 0.169434 0.688965 0.051758 0.114258
0 0.212402 0.927246 0.083008 0.059570
0 0.779785 0.391602 0.114258 0.085938
0 0.681641 0.376465 0.148438 0.086914
0 0.779297 0.805176 0.064453 0.043945
0 0.667969 0.485840 0.099609 0.053711
0 0.571777 0.289551 0.182617 0.088867
0 0.485840 0.224609 0.110352 0.037109
0 0.307617 0.455078 0.136719 0.101562
0 0.104492 0.034180 0.072266 0.066406
0 0.291992 0.967285 0.083984 0.057617
0 0.778320 0.079590 0.064453 0.153320
0 0.528320 0.965820 0.119141 0.068359
0 0.016602 0.507812 0.033203 0.039062
0 0.917969 0.460938 0.146484 0.066406
0 0.266602 0.980957 0.058594 0.038086
0 0.944336 0.132812 0.054688 0.035156
0 0.378906 0.337891 0.089844 0.058594
0 0.992188 0.327148 0.015625 0.107422
0 0.534180 0.464355 0.103516 0.047852
0 0.916016 0.839355 0.083984 0.045898
0 0.024414 0.455566 0.048828 0.038086
0 0.935059 0.461426 0.129883 0.075195
0 0.354980 0.303223 0.081055 0.053711
0 0.131836 0.739258 0.091797 0.052734
0 0.110352 0.614746 0.078125 0.120117
0 0.086914 0.979980 0.171875 0.040039
0 0.229492 0.837891 0.099609 0.042969
0 0.210449 0.451172 0.086914 0.050781
0 0.028809 0.820312 0.057617 0.052734
0 0.576172 0.795410 0.089844 0.032227
0 0.063965 0.581055 0.108398 0.042969
0 0.725586 0.688965 0.070312 0.057617
0 0.916016 0.363281 0.080078 0.070312
0 0.707520 0.635254 0.122070 0.045898
0 0.799805 0.971680 0.162109 0.054688
0 0.055176 0.530273 0.110352 0.042969
0 0.387207 0.474609 0.090820 0.056641
0 0.447266 0.473633 0.087891 0.050781
0 0.904297 0.505859 0.099609 0.048828
0 0.574219 0.502930 0.062500 0.037109
0 0.268555 0.319336 0.136719 0.101562
0 0.249512 0.393555 0.057617 0.048828
0 0.972656 0.324219 0.035156 0.042969
0 0.974609 0.240234 0.050781 0.041016
0 0.305664 0.070801 0.066406 0.047852
0 0.018555 0.353516 0.037109 0.046875
0 0.280273 0.048340 0.130859 0.096680
0 0.017090 0.129395 0.034180 0.051758
