0 0.532227 0.744141 0.115234 0.095703
0 0.658203 0.394043 0.128906 0.083008
0 0.959473 0.244141 0.081055 0.125000
0 0.650391 0.187988 0.083984 0.083008
0 0.513672 0.245117 0.089844 0.097656
0 0.058105 0.239746 0.079102 0.104492
0 0.079590 0.826172 0.075195 0.085938
0 0.190918 0.757812 0.081055 0.093750
0 0.536621 0.925293 0.106445 0.104492
0 0.752441 0.470703 0.133789 0.095703
0 0.545898 0.508789 0.121094 0.099609
0 0.363770 0.861816 0.114258 0.088867
0 0.386230 0.984375 0.194336 0.031250
0 0.215820 0.487305 0.052734 0.117188
0 0.296387 0.513672 0.075195 0.080078
0 0.451172 0.426270 0.078125 0.110352
0 0.369629 0.338867 0.071289 0.062500
0 0.309082 0.230469 0.063477 0.078125
0 0.452148 0.094238 0.130859 0.129883
0 0.628418 0.054688 0.081055 0.070312
0 0.748535 0.089355 0.063477 0.075195
0 0.622559 0.538574 0.051758 0.051758
0 0.676758 0.559570 0.072266 0.095703
0 0.726074 0.646484 0.041992 0.048828
0 0.721680 0.852051 0.099609 0.061523
0 0.616211 0.866699 0.048828 0.065430
0 0.014160 0.966797 0.028320 0.066406
0 0.098633 0.973633 0.068359 0.052734
0 0.181152 0.911133 0.067383 0.076172
0 0.855957 0.221680 0.073242 0.080078
0 0.918457 0.074219 0.084961 0.074219
0 0.907715 0.364258 0.125977 0.064453
0 0.798340 0.757324 0.077148 0.061523
0 0.969238 0.791504 0.061523 0.051758
0 0.830566 0.687012 0.069336 0.061523
0 0.865234 0.847168 0.066406 0.055664
0 0.901367 0.946289 0.097656 0.074219
