0 0.437012 0.925781 0.112305 0.111328
0 0.633301 0.249512 0.118164 0.065430
0 0.774414 0.232422 0.080078 0.089844
0 0.949219 0.940430 0.087891 0.117188
0 0.765625 0.107910 0.087891 0.102539
0 0.972168 0.480957 0.055664 0.083008
0 0.880859 0.481934 0.062500 0.120117
0 0.693359 0.930664 0.072266 0.072266
0 0.597168 0.050781 0.094727 0.101562
0 0.426758 0.142090 0.089844 0.090820
0 0.791016 0.806152 0.117188 0.067383
0 0.663086 0.599609 0.082031 0.095703
0 0.597168 0.778320 0.094727 0.091797
0 0.772949 0.460449 0.092773 0.067383
0 0.662109 0.804688 0.074219 0.115234
0 0.885742 0.730957 0.097656 0.172852
0 0.964844 0.329590 0.070312 0.055664
0 0.655762 0.372070 0.073242 0.064453
0 0.915527 0.097168 0.047852 0.075195
0 0.508301 0.313477 0.131836 0.152344
0 0.867188 0.639648 0.089844 0.060547
0 0.523438 0.268066 0.082031 0.083008
0 0.720703 0.758301 0.091797 0.086914
0 0.584473 0.929688 0.065430 0.099609
0 0.550781 0.359375 0.078125 0.080078
0 0.863281 0.093262 0.056641 0.086914
0 0.539551 0.334473 0.110352 0.069336
0 0.889648 0.798340 0.105469 0.127930
0 0.750977 0.775879 0.052734 0.083008
0 0.538086 0.639160 0.056641 0.049805
0 0.812012 0.979492 0.092773 0.041016
