0 0.179688 0.061523 0.097656 0.056641
0 0.311523 0.061035 0.054688 0.059570
0 0.318848 0.120605 0.059570 0.057617
0 0.354980 0.083008 0.075195 0.058594
0 0.376953 0.038574 0.076172 0.077148
0 0.420898 0.025391 0.070312 0.050781
0 0.022949 0.038086 0.045898 0.076172
0 0.483887 0.204590 0.073242 0.069336
0 0.680176 0.216797 0.129883 0.076172
0 0.797852 0.148438 0.072266 0.083984
0 0.976562 0.149414 0.046875 0.085938
0 0.954102 0.081543 0.083984 0.063477
0 0.899414 0.113770 0.060547 0.047852
0 0.880859 0.064453 0.107422 0.066406
0 0.762695 0.045410 0.103516 0.090820
0 0.246094 0.489258 0.076172 0.072266
0 0.308594 0.511719 0.083984 0.062500
0 0.348633 0.561035 0.068359 0.081055
0 0.038086 0.471680 0.076172 0.078125
0 0.039551 0.585449 0.067383 0.061523
0 0.056641 0.646484 0.076172 0.070312
0 0.222168 0.587402 0.079102 0.057617
0 0.225586 0.655762 0.087891 0.057617
0 0.202637 0.720215 0.077148 0.049805
0 0.111816 0.718750 0.086914 0.074219
0 0.125000 0.916992 0.105469 0.062500
0 0.275391 0.974609 0.068359 0.050781
0 0.266602 0.922363 0.054688 0.051758
0 0.615234 0.633789 0.076172 0.062500
0 0.726074 0.628906 0.108398 0.115234
0 0.615234 0.563965 0.070312 0.053711
0 0.554199 0.469727 0.059570 0.054688
0 0.492676 0.543945 0.059570 0.050781
0 0.518066 0.582520 0.096680 0.043945
0 0.377441 0.630371 0.118164 0.081055
0 0.488281 0.924805 0.082031 0.046875
0 0.516602 0.824219 0.068359 0.044922
0 0.680176 0.876953 0.053711 0.068359
0 0.769531 0.888672 0.072266 0.054688
0 0.924316 0.908203 0.077148 0.060547
0 0.627930 0.969238 0.064453 0.061523
0 0.670898 0.989258 0.066406 0.021484
0 0.735352 0.973633 0.083984 0.052734
0 0.818359 0.974609 0.054688 0.050781
0 0.894043 0.943848 0.065430 0.043945
0 0.907227 0.983398 0.062500 0.033203
0 0.506348 0.972168 0.108398 0.055664
0 0.422852 0.988281 0.082031 0.023438
0 0.991211 0.542969 0.017578 0.050781
0 0.915527 0.452148 0.086914 0.064453
0 0.882812 0.531250 0.060547 0.054688
0 0.406250 0.097168 0.048828 0.061523
0 0.455566 0.102051 0.073242 0.071289
0 0.601562 0.031250 0.093750 0.062500
0 0.077637 0.814453 0.063477 0.070312
