0 0.621582 0.307617 0.067383 0.082031
0 0.833496 0.342285 0.088867 0.112305
0 0.870117 0.269043 0.052734 0.083008
0 0.137695 0.726074 0.070312 0.077148
0 0.505371 0.672852 0.041992 0.136719
0 0.209473 0.780273 0.104492 0.083984
0 0.770508 0.805176 0.091797 0.120117
0 0.687500 0.720215 0.064453 0.081055
0 0.067871 0.799316 0.047852 0.098633
0 0.769531 0.455078 0.119141 0.097656
0 0.572754 0.867188 0.108398 0.076172
0 0.954590 0.857910 0.040039 0.077148
0 0.036621 0.233398 0.073242 0.085938
0 0.299805 0.802734 0.080078 0.091797
0 0.455078 0.075195 0.054688 0.083984
0 0.455566 0.293457 0.102539 0.077148
0 0.556152 0.703613 0.063477 0.163086
0 0.017090 0.852051 0.034180 0.094727
0 0.912598 0.596680 0.100586 0.134766
0 0.647461 0.496094 0.064453 0.078125
0 0.308594 0.092773 0.089844 0.183594
0 0.668945 0.580566 0.140625 0.135742
0 0.024414 0.137207 0.048828 0.061523
0 0.875977 0.726074 0.054688 0.067383
0 0.384277 0.131836 0.088867 0.117188
0 0.466797 0.034180 0.097656 0.068359
0 0.045898 0.038574 0.091797 0.077148
0 0.904785 0.784668 0.094727 0.057617
0 0.665527 0.173340 0.059570 0.174805
0 0.476562 0.456543 0.058594 0.081055
0 0.068848 0.728027 0.032227 0.102539
0 0.864746 0.874023 0.084961 0.101562
0 0.529785 0.121582 0.069336 0.055664
0 0.954102 0.336914 0.085938 0.115234
0 0.390137 0.733887 0.208008 0.073242
0 0.579102 0.039062 0.046875 0.068359
0 0.010742 0.741699 0.021484 0.083008
0 0.664062 0.978516 0.027344 0.042969
0 0.902832 0.475586 0.043945 0.109375
0 0.891602 0.827148 0.052734 0.087891
0 0.371582 0.871582 0.147461 0.112305
0 0.386230 0.879395 0.094727 0.047852
0 0.649902 0.834473 0.083008 0.061523
0 0.968262 0.358887 0.063477 0.071289
0 0.971680 0.292969 0.037109 0.052734
0 0.250977 0.221680 0.085938 0.070312
0 0.754883 0.020508 0.031250 0.041016
0 0.725098 0.020508 0.040039 0.041016
0 0.720703 0.052246 0.078125 0.059570
0 0.771484 0.157715 0.121094 0.170898
0 0.833984 0.141113 0.031250 0.106445
0 0.875977 0.114258 0.048828 0.046875
0 0.813965 0.058594 0.088867 0.117188
0 0.867676 0.020996 0.034180 0.041992
0 0.057129 0.909180 0.077148 0.052734
0 0.929199 0.533203 0.043945 0.044922
0 0.864746 0.518066 0.204102 0.084961
0 0.498535 0.807617 0.071289 0.101562
0 0.347168 0.555176 0.055664 0.051758
0 0.331543 0.635742 0.088867 0.152344
0 0.373047 0.648438 0.078125 0.097656
0 0.989258 0.898926 0.021484 0.047852
