0 0.030273 0.963867 0.060547 0.066406
0 0.698242 0.071777 0.064453 0.098633
0 0.798828 0.383789 0.097656 0.134766
0 0.932617 0.494141 0.044922 0.095703
0 0.388184 0.039551 0.063477 0.077148
0 0.236816 0.776855 0.069336 0.063477
0 0.668945 0.441895 0.050781 0.083008
0 0.449707 0.860840 0.069336 0.075195
0 0.753418 0.435059 0.065430 0.079102
0 0.534180 0.135742 0.082031 0.087891
0 0.316406 0.477051 0.054688 0.083008
0 0.386230 0.510254 0.041992 0.098633
0 0.492676 0.720215 0.061523 0.067383
0 0.243164 0.852539 0.083984 0.050781
0 0.103516 0.422852 0.072266 0.068359
0 0.288086 0.295898 0.126953 0.033203
0 0.226562 0.547852 0.087891 0.060547
0 0.686035 0.521973 0.034180 0.063477
0 0.927734 0.751465 0.054688 0.075195
0 0.697266 0.753418 0.054688 0.057617
0 0.414551 0.685547 0.051758 0.074219
0 0.810059 0.804688 0.041992 0.074219
0 0.733398 0.493652 0.031250 0.094727
0 0.102539 0.020508 0.070312 0.041016
0 0.319824 0.807617 0.040039 0.074219
0 0.405273 0.191406 0.076172 0.044922
0 0.652832 0.973633 0.083008 0.052734
0 0.929688 0.201172 0.033203 0.076172
0 0.006348 0.466797 0.012695 0.052734
0 0.968750 0.888672 0.062500 0.058594
0 0.822266 0.020996 0.044922 0.040039
0 0.083496 0.812500 0.059570 0.050781
0 0.968262 0.150879 0.063477 0.051758
0 0.250000 0.453613 0.029297 0.065430
0 0.226074 0.949219 0.041992 0.033203
0 0.366699 0.237793 0.049805 0.043945
0 0.620117 0.756836 0.054688 0.056641
0 0.732910 0.165039 0.045898 0.064453
0 0.674805 0.211914 0.033203 0.076172
0 0.492676 0.921387 0.047852 0.051758
0 0.480469 0.754883 0.046875 0.062500
0 0.550293 0.834473 0.045898 0.026367
0 0.208496 0.793945 0.043945 0.044922
0 0.798340 0.210938 0.026367 0.076172
0 0.161621 0.559570 0.073242 0.042969
0 0.195312 0.319336 0.078125 0.050781
0 0.681152 0.443359 0.047852 0.085938
0 0.506348 0.064941 0.092773 0.114258
0 0.775879 0.175781 0.120117 0.066406
0 0.405762 0.454102 0.059570 0.041016
0 0.490723 0.538086 0.071289 0.023438
0 0.656250 0.843750 0.066406 0.052734
0 0.852051 0.911621 0.055664 0.067383
0 0.763184 0.875000 0.041992 0.037109
0 0.022461 0.792969 0.044922 0.062500
