0 0.175293 0.954590 0.081055 0.067383
0 0.042969 0.885742 0.076172 0.060547
0 0.182129 0.859863 0.086914 0.071289
0 0.155762 0.768555 0.067383 0.113281
0 0.057129 0.794434 0.049805 0.051758
0 0.344727 0.780273 0.064453 0.080078
0 0.227539 0.636719 0.052734 0.076172
0 0.159668 0.649902 0.069336 0.067383
0 0.095215 0.576660 0.075195 0.065430
0 0.195801 0.563965 0.075195 0.061523
0 0.019043 0.472168 0.038086 0.069336
0 0.068848 0.168945 0.077148 0.097656
0 0.204590 0.234863 0.088867 0.090820
0 0.135742 0.414062 0.070312 0.119141
0 0.245605 0.452148 0.069336 0.082031
0 0.166992 0.492188 0.066406 0.070312
0 0.413574 0.569824 0.069336 0.075195
0 0.352539 0.429688 0.039062 0.060547
0 0.397949 0.409668 0.059570 0.055664
0 0.310059 0.489746 0.053711 0.063477
0 0.304688 0.338379 0.072266 0.067383
0 0.291504 0.202148 0.067383 0.109375
0 0.374512 0.190918 0.061523 0.100586
0 0.411133 0.280762 0.107422 0.100586
0 0.448242 0.347168 0.097656 0.069336
0 0.562500 0.382812 0.066406 0.089844
0 0.531250 0.164551 0.074219 0.213867
0 0.635742 0.267578 0.072266 0.134766
0 0.785645 0.245117 0.094727 0.103516
0 0.780273 0.372559 0.177734 0.106445
0 0.656250 0.593750 0.085938 0.072266
0 0.701660 0.439453 0.069336 0.070312
0 0.576660 0.530273 0.065430 0.085938
0 0.519531 0.594238 0.074219 0.083008
0 0.744141 0.760254 0.103516 0.110352
0 0.683594 0.869629 0.062500 0.084961
0 0.741211 0.847656 0.062500 0.068359
0 0.824219 0.835449 0.068359 0.069336
0 0.752930 0.927734 0.062500 0.074219
0 0.605469 0.982910 0.070312 0.034180
0 0.964844 0.957031 0.062500 0.068359
0 0.976562 0.739746 0.046875 0.110352
0 0.934570 0.733887 0.048828 0.092773
0 0.941406 0.596680 0.080078 0.058594
0 0.862305 0.534668 0.080078 0.084961
0 0.455078 0.241699 0.060547 0.092773
0 0.779785 0.330566 0.102539 0.065430
0 0.342285 0.830566 0.038086 0.040039
0 0.398926 0.503906 0.053711 0.064453
0 0.087402 0.990723 0.049805 0.018555
0 0.122559 0.846191 0.047852 0.043945
0 0.137695 0.758789 0.054688 0.078125
