0 0.326172 0.779785 0.093750 0.120117
0 0.058594 0.828125 0.117188 0.097656
0 0.369629 0.601074 0.139648 0.108398
0 0.102539 0.309570 0.128906 0.140625
0 0.474609 0.671875 0.115234 0.140625
0 0.079102 0.113281 0.107422 0.082031
0 0.418457 0.407227 0.163086 0.089844
0 0.154297 0.404785 0.189453 0.086914
0 0.584473 0.615723 0.174805 0.176758
0 0.290039 0.590820 0.085938 0.097656
0 0.305664 0.932129 0.187500 0.135742
0 0.521973 0.224609 0.110352 0.189453
0 0.141113 0.702637 0.227539 0.342773
0 0.480957 0.176758 0.086914 0.179688
0 0.650879 0.261719 0.166992 0.070312
0 0.776367 0.078613 0.447266 0.129883
0 0.967285 0.950684 0.065430 0.083008
0 0.128418 0.507324 0.256836 0.165039
0 0.667969 0.209473 0.101562 0.290039
0 0.237793 0.450684 0.067383 0.077148
