0 0.855469 0.338867 0.085938 0.097656
0 0.893848 0.054395 0.111914 0.093164
0 0.198730 0.195801 0.124023 0.112305
0 0.539062 0.070801 0.089844 0.065430
0 0.233887 0.030762 0.090820 0.057617
0 0.728516 0.399902 0.111328 0.063477
0 0.061035 0.977539 0.122070 0.044922
0 0.430664 0.125000 0.107422 0.052734
0 0.644531 0.186523 0.091797 0.050781
0 0.096191 0.531738 0.104492 0.061523
0 0.608887 0.252930 0.100586 0.060547
0 0.039551 0.647461 0.077148 0.058594
0 0.789551 0.770508 0.125977 0.054688
0 0.945312 0.762695 0.097656 0.068359
0 0.957031 0.397461 0.085938 0.062500
0 0.627441 0.846191 0.118164 0.053711
0 0.304688 0.789551 0.101562 0.041992
0 0.422852 0.470215 0.082031 0.063477
0 0.108887 0.440918 0.135742 0.055664
0 0.561523 0.165527 0.091797 0.049805
0 0.034668 0.028809 0.067383 0.045898
0 0.059570 0.300781 0.119141 0.085938
0 0.086914 0.791992 0.173828 0.048828
0 0.914062 0.346680 0.064453 0.068359
0 0.297852 0.916992 0.126953 0.048828
0 0.407715 0.677734 0.176758 0.062500
0 0.962402 0.440918 0.075195 0.032227
0 0.214844 0.388184 0.134766 0.030273
0 0.607422 0.030273 0.072266 0.056641
0 0.185547 0.350098 0.113281 0.041992
0 0.937500 0.046875 0.076172 0.056641
0 0.743652 0.695801 0.116211 0.051758
0 0.527832 0.082520 0.090820 0.057617
0 0.422852 0.822266 0.097656 0.054688
0 0.350098 0.424316 0.118164 0.061523
0 0.988770 0.757324 0.022461 0.028320
0 0.192871 0.747070 0.178711 0.041016
0 0.622559 0.027832 0.065430 0.051758
0 0.785645 0.010254 0.071289 0.020508
0 0.059082 0.322754 0.116211 0.059570
0 0.302246 0.829102 0.143555 0.033203
0 0.141602 0.419434 0.154297 0.032227
0 0.853516 0.742676 0.126953 0.071289
0 0.894531 0.411133 0.113281 0.039062
0 0.570801 0.441895 0.096680 0.055664
0 0.841309 0.824219 0.086914 0.042969
0 0.909180 0.811035 0.167969 0.038086
0 0.291016 0.334473 0.187500 0.043945
0 0.432129 0.399414 0.174805 0.044922
0 0.456055 0.380859 0.136719 0.033203
0 0.776367 0.736328 0.107422 0.056641
0 0.033691 0.087891 0.059570 0.033203
0 0.019043 0.822754 0.038086 0.038086
0 0.475098 0.440918 0.108398 0.065430
0 0.165527 0.726074 0.106445 0.045898
0 0.072754 0.713379 0.122070 0.040039
0 0.514648 0.961426 0.167969 0.061523
0 0.075684 0.516602 0.131836 0.039062
0 0.162598 0.497559 0.096680 0.041992
