0 0.175293 0.653320 0.114258 0.060547
0 0.881348 0.296387 0.059570 0.086914
0 0.281250 0.490234 0.087891 0.058594
0 0.975586 0.166992 0.044922 0.087891
0 0.602539 0.139648 0.050781 0.072266
0 0.827637 0.964844 0.053711 0.066406
0 0.988770 0.422363 0.022461 0.038086
0 0.734375 0.046875 0.064453 0.089844
0 0.508789 0.638184 0.078125 0.092773
0 0.625977 0.319336 0.072266 0.080078
0 0.062500 0.157715 0.066406 0.098633
0 0.523438 0.466309 0.074219 0.092773
0 0.190918 0.095703 0.059570 0.095703
0 0.582520 0.601562 0.084961 0.070312
0 0.040039 0.904297 0.080078 0.056641
0 0.185059 0.580566 0.094727 0.053711
0 0.754395 0.127930 0.040039 0.101562
0 0.852539 0.722168 0.083984 0.084961
0 0.141113 0.373047 0.086914 0.062500
0 0.611816 0.013184 0.059570 0.024414
0 0.676270 0.442383 0.041992 0.099609
0 0.566895 0.736328 0.083008 0.042969
0 0.805664 0.831543 0.025391 0.063477
0 0.142578 0.975098 0.089844 0.040039
0 0.366699 0.744629 0.083008 0.043945
0 0.909668 0.027344 0.071289 0.054688
0 0.299316 0.458984 0.069336 0.054688
0 0.251953 0.861328 0.029297 0.060547
0 0.607422 0.816895 0.044922 0.118164
0 0.746094 0.286621 0.050781 0.049805
0 0.828125 0.333496 0.060547 0.051758
0 0.536621 0.085938 0.028320 0.054688
0 0.968262 0.604980 0.043945 0.069336
0 0.020508 0.941406 0.041016 0.039062
0 0.070801 0.228027 0.077148 0.043945
0 0.258789 0.202148 0.072266 0.048828
0 0.693848 0.627441 0.041992 0.061523
0 0.228516 0.408203 0.058594 0.044922
0 0.489746 0.528809 0.051758 0.063477
0 0.515137 0.838379 0.073242 0.038086
0 0.113281 0.823730 0.058594 0.083008
0 0.804199 0.873535 0.051758 0.022461
0 0.129395 0.270020 0.081055 0.053711
0 0.519531 0.972656 0.078125 0.037109
0 0.046875 0.276855 0.093750 0.055664
0 0.418457 0.634766 0.067383 0.039062
0 0.307617 0.664551 0.048828 0.045898
0 0.035645 0.564941 0.071289 0.043945
0 0.518066 0.073242 0.040039 0.060547
0 0.632812 0.280762 0.035156 0.063477
0 0.769043 0.854004 0.034180 0.061523
0 0.576172 0.235352 0.046875 0.037109
0 0.426270 0.825195 0.059570 0.054688
0 0.599121 0.033203 0.077148 0.062500
0 0.608398 0.343750 0.039062 0.044922
0 0.421875 0.760742 0.056641 0.107422
0 0.292480 0.257324 0.059570 0.045898
0 0.596680 0.610352 0.046875 0.037109
0 0.917480 0.930176 0.063477 0.045898
0 0.530762 0.202637 0.063477 0.063477
