0 0.017578 0.212891 0.035156 0.062500
0 0.182617 0.250977 0.072266 0.082031
0 0.356934 0.265137 0.110352 0.065430
0 0.792480 0.034180 0.090820 0.062500
0 0.632324 0.154297 0.133789 0.085938
0 0.777344 0.171387 0.115234 0.073242
0 0.695801 0.224121 0.065430 0.083008
0 0.813477 0.266602 0.074219 0.064453
0 0.901367 0.270996 0.111328 0.075195
0 0.976562 0.231934 0.046875 0.057617
0 0.654297 0.410156 0.091797 0.078125
0 0.239258 0.413086 0.054688 0.058594
0 0.304688 0.399902 0.078125 0.055664
0 0.301270 0.345703 0.073242 0.064453
0 0.376465 0.347656 0.098633 0.070312
0 0.146484 0.606934 0.087891 0.098633
0 0.362305 0.675781 0.076172 0.109375
0 0.582031 0.596680 0.068359 0.107422
0 0.660156 0.554688 0.078125 0.074219
0 0.840820 0.598145 0.064453 0.071289
0 0.894043 0.629883 0.071289 0.041016
0 0.027344 0.813477 0.054688 0.082031
0 0.115723 0.789551 0.057617 0.090820
0 0.157227 0.761230 0.062500 0.053711
0 0.172363 0.819336 0.069336 0.083984
0 0.212402 0.730957 0.077148 0.114258
0 0.342773 0.782227 0.066406 0.070312
0 0.391113 0.806152 0.084961 0.079102
0 0.532227 0.740723 0.087891 0.086914
0 0.610840 0.677246 0.069336 0.065430
0 0.452148 0.842773 0.074219 0.058594
0 0.475098 0.798828 0.102539 0.060547
0 0.540039 0.861816 0.101562 0.069336
0 0.747070 0.890137 0.072266 0.067383
0 0.831543 0.796875 0.092773 0.074219
0 0.849609 0.870117 0.103516 0.048828
0 0.875977 0.908203 0.095703 0.060547
0 0.942871 0.937988 0.096680 0.057617
0 0.809570 0.912109 0.058594 0.060547
0 0.874512 0.968750 0.077148 0.062500
0 0.486816 0.963379 0.118164 0.073242
0 0.205078 0.968262 0.097656 0.063477
0 0.033203 0.976562 0.056641 0.046875
0 0.961426 0.763672 0.067383 0.070312
