0 0.967285 0.513184 0.065430 0.092773
0 0.568359 0.649414 0.082031 0.105469
0 0.459961 0.468262 0.109375 0.083008
0 0.743164 0.187988 0.177734 0.092773
0 0.663574 0.852051 0.077148 0.079102
0 0.916992 0.616699 0.070312 0.075195
0 0.432129 0.374512 0.075195 0.069336
0 0.283691 0.611816 0.102539 0.104492
0 0.300781 0.976074 0.091797 0.047852
0 0.681152 0.948242 0.057617 0.062500
0 0.523926 0.070801 0.071289 0.104492
0 0.434570 0.959961 0.074219 0.080078
0 0.314453 0.833496 0.115234 0.208008
0 0.302246 0.364746 0.094727 0.155273
0 0.778320 0.688477 0.072266 0.082031
0 0.142090 0.148438 0.090820 0.097656
0 0.978516 0.951660 0.042969 0.049805
0 0.233398 0.687012 0.123047 0.104492
0 0.750488 0.312988 0.077148 0.112305
0 0.845703 0.973633 0.062500 0.052734
0 0.716797 0.478027 0.105469 0.127930
0 0.834473 0.292969 0.090820 0.072266
0 0.501953 0.312988 0.074219 0.077148
0 0.211914 0.469727 0.115234 0.125000
0 0.812012 0.423340 0.069336 0.073242
0 0.395508 0.652344 0.087891 0.179688
0 0.075684 0.459473 0.073242 0.110352
0 0.523438 0.188477 0.097656 0.132812
0 0.753418 0.958496 0.092773 0.083008
0 0.865723 0.458008 0.067383 0.132812
0 0.525879 0.854492 0.092773 0.150391
0 0.161133 0.341797 0.177734 0.150391
0 0.296875 0.086914 0.115234 0.169922
0 0.864258 0.748535 0.070312 0.067383
0 0.513184 0.743164 0.083008 0.082031
0 0.047363 0.775879 0.049805 0.067383
0 0.315430 0.532227 0.072266 0.105469
0 0.865723 0.909180 0.127930 0.080078
0 0.949219 0.742676 0.095703 0.112305
0 0.367188 0.195801 0.134766 0.182617
0 0.069824 0.970703 0.043945 0.056641
0 0.838379 0.803223 0.077148 0.073242
0 0.586914 0.783203 0.095703 0.087891
0 0.961914 0.867676 0.048828 0.118164
0 0.605957 0.904297 0.057617 0.080078
0 0.894531 0.279785 0.074219 0.094727
0 0.448242 0.742188 0.056641 0.080078
0 0.741211 0.116211 0.144531 0.105469
0 0.048340 0.044434 0.092773 0.084961
0 0.709961 0.104492 0.080078 0.109375
0 0.109375 0.352051 0.080078 0.139648
0 0.460938 0.077148 0.082031 0.060547
0 0.832031 0.589355 0.070312 0.059570
0 0.016602 0.690918 0.029297 0.071289
0 0.029297 0.300781 0.054688 0.082031
0 0.189941 0.045898 0.084961 0.087891
0 0.683105 0.561035 0.047852 0.057617
0 0.404785 0.861816 0.065430 0.110352
0 0.348633 0.811035 0.052734 0.102539
0 0.564453 0.377930 0.064453 0.052734
0 0.312012 0.256836 0.065430 0.080078
0 0.019531 0.595703 0.035156 0.037109
0 0.405762 0.098145 0.067383 0.092773
