0 0.298340 0.041992 0.139648 0.076172
0 0.054199 0.068848 0.083008 0.092773
0 0.078613 0.269531 0.069336 0.105469
0 0.319824 0.282227 0.127930 0.083984
0 0.025879 0.428711 0.051758 0.064453
0 0.769531 0.302246 0.121094 0.067383
0 0.630371 0.533691 0.088867 0.077148
0 0.885742 0.439941 0.095703 0.081055
0 0.876465 0.585938 0.073242 0.130859
0 0.940430 0.153320 0.119141 0.119141
0 0.906250 0.046875 0.144531 0.085938
0 0.719238 0.055664 0.102539 0.111328
0 0.494629 0.060547 0.151367 0.109375
0 0.362305 0.183105 0.113281 0.086914
0 0.734375 0.972656 0.138672 0.054688
0 0.409180 0.929688 0.107422 0.097656
0 0.219727 0.862305 0.136719 0.089844
0 0.024902 0.739746 0.049805 0.092773
0 0.822754 0.127930 0.051758 0.089844
0 0.356445 0.415039 0.062500 0.080078
0 0.346680 0.968262 0.080078 0.063477
0 0.660156 0.852051 0.060547 0.061523
0 0.512695 0.647461 0.064453 0.048828
0 0.954590 0.921387 0.090820 0.077148
0 0.988281 0.693359 0.023438 0.064453
0 0.216309 0.601074 0.090820 0.077148
