0 0.028809 0.974121 0.047852 0.051758
0 0.033691 0.846680 0.057617 0.058594
0 0.210938 0.882812 0.130859 0.091797
0 0.186523 0.966309 0.048828 0.067383
0 0.023926 0.409180 0.047852 0.144531
0 0.123047 0.435059 0.064453 0.065430
0 0.171387 0.383301 0.092773 0.065430
0 0.046387 0.319824 0.069336 0.065430
0 0.146973 0.310059 0.088867 0.073242
0 0.175293 0.209961 0.077148 0.093750
0 0.082520 0.205566 0.090820 0.108398
0 0.017090 0.184082 0.034180 0.102539
0 0.229492 0.397949 0.054688 0.053711
0 0.278320 0.038086 0.089844 0.076172
0 0.626953 0.058594 0.080078 0.089844
0 0.714844 0.030273 0.119141 0.060547
0 0.693359 0.111816 0.171875 0.079102
0 0.818359 0.142578 0.083984 0.117188
0 0.724609 0.187500 0.093750 0.056641
0 0.239746 0.267578 0.061523 0.078125
0 0.333984 0.337891 0.125000 0.089844
0 0.302734 0.410645 0.125000 0.081055
0 0.330078 0.489258 0.074219 0.062500
0 0.500488 0.538086 0.141602 0.140625
0 0.508301 0.471680 0.075195 0.080078
0 0.530273 0.428711 0.078125 0.064453
0 0.437988 0.277832 0.129883 0.079102
0 0.651855 0.326660 0.092773 0.065430
0 0.716309 0.291504 0.049805 0.047852
0 0.787598 0.258301 0.106445 0.053711
0 0.873047 0.240723 0.066406 0.040039
0 0.916992 0.281738 0.103516 0.083008
0 0.735352 0.361816 0.060547 0.049805
0 0.790039 0.420410 0.080078 0.081055
0 0.661621 0.611328 0.088867 0.140625
0 0.620605 0.673828 0.055664 0.056641
0 0.586426 0.762207 0.086914 0.057617
0 0.487305 0.687012 0.117188 0.069336
0 0.418945 0.651855 0.097656 0.137695
0 0.308594 0.845215 0.087891 0.077148
0 0.422363 0.766602 0.077148 0.097656
0 0.448242 0.842773 0.078125 0.060547
0 0.530273 0.854004 0.085938 0.065430
0 0.614746 0.806152 0.102539 0.069336
0 0.642578 0.873047 0.113281 0.060547
0 0.780273 0.895996 0.150391 0.057617
0 0.670410 0.932617 0.120117 0.091797
0 0.718262 0.982910 0.149414 0.034180
0 0.575684 0.937012 0.075195 0.092773
0 0.466797 0.936523 0.126953 0.070312
0 0.364746 0.969238 0.067383 0.061523
0 0.972168 0.710938 0.055664 0.070312
0 0.723145 0.650391 0.081055 0.048828
0 0.176758 0.013672 0.083984 0.027344
0 0.919434 0.449219 0.124023 0.070312
0 0.575195 0.164062 0.052734 0.093750
0 0.495117 0.252441 0.130859 0.086914
