0 0.435059 0.374023 0.100586 0.134766
0 0.789551 0.802246 0.129883 0.067383
0 0.155762 0.834473 0.122070 0.155273
0 0.596191 0.101074 0.145508 0.075195
0 0.267578 0.164062 0.097656 0.113281
0 0.896973 0.113770 0.166992 0.131836
0 0.451660 0.474609 0.088867 0.099609
0 0.247559 0.306152 0.083008 0.077148
0 0.108887 0.404785 0.165039 0.147461
0 0.288574 0.532227 0.112305 0.294922
0 0.939941 0.897949 0.120117 0.174805
0 0.106934 0.068848 0.055664 0.102539
0 0.083984 0.790527 0.072266 0.084961
0 0.085449 0.547363 0.106445 0.254883
0 0.444336 0.163086 0.144531 0.292969
0 0.421387 0.766113 0.311523 0.122070
0 0.437012 0.712402 0.084961 0.254883
0 0.455566 0.859863 0.084961 0.092773
0 0.920410 0.536133 0.102539 0.357422
0 0.243164 0.030273 0.072266 0.056641
0 0.359375 0.725586 0.099609 0.251953
0 0.936523 0.669434 0.126953 0.159180
