0 0.045410 0.376953 0.053711 0.076172
0 0.053711 0.323242 0.058594 0.054688
0 0.019531 0.103516 0.039062 0.062500
0 0.143555 0.422852 0.060547 0.060547
0 0.178223 0.341309 0.063477 0.069336
0 0.124023 0.344727 0.056641 0.056641
0 0.128906 0.145996 0.068359 0.079102
0 0.131836 0.623047 0.083984 0.074219
0 0.110840 0.679688 0.053711 0.068359
0 0.045898 0.686523 0.087891 0.066406
0 0.011230 0.992188 0.022461 0.015625
0 0.059570 0.829590 0.048828 0.063477
0 0.189941 0.905273 0.098633 0.087891
0 0.113770 0.963867 0.065430 0.054688
0 0.314453 0.880859 0.058594 0.052734
0 0.310547 0.833496 0.066406 0.049805
0 0.268066 0.722656 0.055664 0.050781
0 0.481934 0.862305 0.065430 0.046875
0 0.449707 0.888184 0.075195 0.059570
0 0.358887 0.940918 0.067383 0.057617
0 0.321777 0.968750 0.043945 0.048828
0 0.472168 0.957520 0.079102 0.061523
0 0.241211 0.587402 0.046875 0.043945
0 0.317871 0.600098 0.077148 0.047852
0 0.356445 0.666016 0.072266 0.068359
0 0.368652 0.716797 0.102539 0.068359
0 0.510742 0.688965 0.085938 0.108398
0 0.403809 0.531250 0.069336 0.058594
0 0.166016 0.485840 0.089844 0.057617
0 0.293457 0.433105 0.069336 0.081055
0 0.282227 0.488770 0.052734 0.057617
0 0.334961 0.395020 0.044922 0.055664
0 0.422852 0.369141 0.080078 0.054688
0 0.297363 0.264160 0.061523 0.047852
0 0.344238 0.240234 0.063477 0.058594
0 0.211914 0.163574 0.054688 0.086914
0 0.268066 0.207520 0.071289 0.075195
0 0.520996 0.376953 0.057617 0.056641
0 0.577637 0.295410 0.083008 0.065430
0 0.586426 0.340820 0.069336 0.052734
0 0.480469 0.178711 0.080078 0.064453
0 0.521973 0.226074 0.079102 0.059570
0 0.407715 0.015137 0.051758 0.030273
0 0.515625 0.054688 0.078125 0.109375
0 0.606934 0.094238 0.047852 0.086914
0 0.612793 0.139648 0.059570 0.068359
0 0.921875 0.115234 0.058594 0.070312
0 0.670410 0.274902 0.081055 0.053711
0 0.878418 0.187012 0.102539 0.045898
0 0.903809 0.211426 0.077148 0.041992
0 0.970703 0.153809 0.058594 0.051758
0 0.540039 0.453125 0.080078 0.054688
0 0.601074 0.468750 0.065430 0.078125
0 0.674316 0.745117 0.071289 0.062500
0 0.548828 0.805176 0.089844 0.069336
0 0.603027 0.797852 0.083008 0.050781
0 0.765137 0.859863 0.139648 0.090820
0 0.794434 0.825684 0.108398 0.047852
0 0.912109 0.741699 0.085938 0.055664
0 0.785645 0.643066 0.084961 0.063477
0 0.651367 0.563965 0.099609 0.061523
0 0.758789 0.537109 0.107422 0.076172
0 0.798828 0.344238 0.080078 0.055664
0 0.852539 0.980957 0.066406 0.038086
0 0.921875 0.964355 0.060547 0.071289
0 0.640137 0.927734 0.067383 0.054688
0 0.590820 0.871582 0.052734 0.045898
0 0.972168 0.719238 0.055664 0.098633
0 0.757324 0.406738 0.090820 0.061523
0 0.875977 0.574219 0.066406 0.078125
0 0.911133 0.523926 0.072266 0.065430
0 0.956055 0.565430 0.082031 0.082031
0 0.853027 0.390625 0.086914 0.095703
0 0.924805 0.409180 0.089844 0.080078
0 0.223145 0.408691 0.032227 0.040039
0 0.791016 0.514160 0.072266 0.041992
0 0.741211 0.924805 0.052734 0.054688
0 0.945312 0.781250 0.074219 0.041016
0 0.446289 0.530273 0.052734 0.072266
0 0.325684 0.779297 0.049805 0.048828
0 0.223633 0.660645 0.066406 0.047852
0 0.086426 0.719727 0.047852 0.046875
0 0.854004 0.304199 0.061523 0.043945
0 0.865234 0.079102 0.048828 0.082031
0 0.945312 0.321777 0.066406 0.047852
0 0.937012 0.447754 0.073242 0.090820
0 0.507812 0.311523 0.052734 0.052734
0 0.400391 0.306152 0.058594 0.049805
0 0.272949 0.164062 0.090820 0.076172
