0 0.042969 0.965820 0.085938 0.068359
0 0.102051 0.847168 0.083008 0.081055
0 0.190430 0.822266 0.078125 0.068359
0 0.163574 0.746094 0.077148 0.062500
0 0.028809 0.142578 0.057617 0.095703
0 0.115723 0.033691 0.077148 0.065430
0 0.077637 0.395508 0.088867 0.085938
0 0.213867 0.414551 0.064453 0.069336
0 0.243652 0.299316 0.104492 0.069336
0 0.336426 0.366699 0.071289 0.110352
0 0.409180 0.337891 0.087891 0.091797
0 0.440430 0.361816 0.082031 0.053711
0 0.382812 0.051758 0.076172 0.091797
0 0.436523 0.148926 0.080078 0.125977
0 0.535156 0.189453 0.056641 0.080078
0 0.610352 0.259277 0.080078 0.104492
0 0.697266 0.201660 0.095703 0.077148
0 0.745605 0.242188 0.120117 0.107422
0 0.840332 0.205566 0.079102 0.094727
0 0.780273 0.092285 0.183594 0.088867
0 0.507812 0.469238 0.068359 0.069336
0 0.645996 0.470703 0.086914 0.074219
0 0.741211 0.472168 0.089844 0.081055
0 0.790527 0.366211 0.084961 0.068359
0 0.984375 0.285156 0.031250 0.082031
0 0.950684 0.465820 0.094727 0.068359
0 0.409668 0.611816 0.133789 0.055664
0 0.425293 0.555664 0.077148 0.052734
0 0.476562 0.676270 0.085938 0.077148
0 0.062988 0.630859 0.094727 0.119141
0 0.106934 0.568359 0.077148 0.091797
0 0.187988 0.581543 0.116211 0.133789
0 0.653320 0.734863 0.093750 0.069336
0 0.736328 0.733887 0.091797 0.059570
0 0.586914 0.821777 0.085938 0.069336
0 0.674805 0.861328 0.132812 0.064453
0 0.633301 0.907715 0.108398 0.073242
0 0.845215 0.844238 0.077148 0.077148
0 0.918457 0.728516 0.071289 0.074219
0 0.932617 0.650391 0.125000 0.085938
0 0.230469 0.917480 0.091797 0.069336
0 0.328613 0.968750 0.077148 0.062500
0 0.435547 0.980469 0.126953 0.039062
0 0.850586 0.933105 0.074219 0.090820
0 0.982422 0.104980 0.035156 0.081055
0 0.953125 0.043457 0.093750 0.057617
0 0.620117 0.131836 0.076172 0.074219
0 0.710938 0.894531 0.080078 0.060547
0 0.894531 0.227051 0.074219 0.086914
0 0.038086 0.573242 0.070312 0.076172
0 0.023438 0.466797 0.046875 0.064453
0 0.596680 0.052246 0.089844 0.079102
0 0.883301 0.146484 0.106445 0.074219
0 0.897461 0.019043 0.095703 0.038086
