0 0.033203 0.336914 0.062500 0.076172
0 0.027344 0.400391 0.054688 0.072266
0 0.135254 0.448242 0.073242 0.052734
0 0.098145 0.281738 0.096680 0.073242
0 0.310059 0.256836 0.098633 0.068359
0 0.269531 0.320312 0.060547 0.058594
0 0.372070 0.437012 0.064453 0.057617
0 0.446289 0.438965 0.078125 0.053711
0 0.426758 0.522949 0.080078 0.055664
0 0.809570 0.100098 0.087891 0.071289
0 0.743164 0.362793 0.066406 0.069336
0 0.818848 0.273438 0.163086 0.078125
0 0.840820 0.320312 0.111328 0.052734
0 0.761230 0.549316 0.061523 0.061523
0 0.976562 0.414062 0.046875 0.054688
0 0.747559 0.689453 0.088867 0.109375
0 0.662598 0.640137 0.065430 0.069336
0 0.921875 0.880859 0.080078 0.082031
0 0.770996 0.904785 0.055664 0.092773
0 0.696777 0.786133 0.071289 0.052734
0 0.633301 0.892090 0.055664 0.090820
0 0.526367 0.976074 0.083984 0.047852
0 0.291016 0.849121 0.080078 0.065430
0 0.124023 0.793945 0.074219 0.062500
0 0.185547 0.839844 0.056641 0.058594
0 0.094238 0.931152 0.079102 0.090820
0 0.229492 0.917969 0.078125 0.062500
0 0.030762 0.640625 0.061523 0.070312
0 0.470215 0.896484 0.061523 0.046875
0 0.659668 0.051758 0.069336 0.046875
0 0.908691 0.272461 0.063477 0.052734
