0 0.196289 0.412109 0.128906 0.054688
0 0.258789 0.228027 0.068359 0.083008
0 0.115723 0.145996 0.102539 0.061523
0 0.319824 0.165039 0.065430 0.042969
0 0.143066 0.253418 0.073242 0.036133
0 0.257812 0.172852 0.076172 0.042969
0 0.274902 0.594727 0.102539 0.054688
0 0.958496 0.293945 0.083008 0.070312
0 0.763184 0.251465 0.081055 0.041992
0 0.580566 0.183594 0.102539 0.048828
0 0.043945 0.946289 0.070312 0.037109
0 0.090332 0.484863 0.104492 0.038086
0 0.102539 0.584473 0.097656 0.045898
0 0.235352 0.122559 0.087891 0.045898
0 0.739258 0.088867 0.054688 0.052734
0 0.396973 0.665039 0.061523 0.044922
0 0.151855 0.861816 0.098633 0.061523
0 0.105469 0.302246 0.074219 0.041992
0 0.189453 0.894531 0.074219 0.060547
0 0.514648 0.136719 0.080078 0.052734
0 0.236328 0.531738 0.085938 0.047852
0 0.910156 0.499512 0.093750 0.047852
0 0.942383 0.940430 0.080078 0.052734
0 0.072754 0.837402 0.083008 0.069336
0 0.685547 0.339844 0.056641 0.033203
0 0.068359 0.107910 0.078125 0.067383
0 0.854492 0.243164 0.101562 0.052734
0 0.370117 0.458984 0.066406 0.027344
0 0.964355 0.056152 0.059570 0.043945
0 0.677246 0.153809 0.065430 0.051758
0 0.699707 0.493652 0.055664 0.051758
0 0.705078 0.132324 0.080078 0.036133
0 0.371094 0.319824 0.087891 0.038086
0 0.331055 0.285156 0.072266 0.039062
0 0.148438 0.813477 0.095703 0.041016
0 0.375488 0.492676 0.077148 0.040039
0 0.918945 0.909668 0.097656 0.057617
0 0.348145 0.947754 0.067383 0.024414
0 0.712891 0.032715 0.052734 0.032227
0 0.471191 0.816895 0.067383 0.047852
0 0.765625 0.984863 0.070312 0.030273
0 0.542969 0.563965 0.068359 0.053711
0 0.776855 0.881836 0.086914 0.039062
0 0.172852 0.687012 0.058594 0.020508
0 0.736328 0.162598 0.062500 0.030273
0 0.733887 0.619629 0.090820 0.045898
0 0.355469 0.871582 0.091797 0.045898
0 0.570801 0.330566 0.084961 0.040039
0 0.941406 0.708496 0.062500 0.040039
0 0.205078 0.790039 0.097656 0.039062
0 0.379883 0.601562 0.089844 0.037109
0 0.235840 0.951660 0.086914 0.028320
0 0.476074 0.926758 0.083008 0.042969
0 0.100586 0.977051 0.085938 0.036133
0 0.916504 0.540527 0.086914 0.049805
0 0.281738 0.624023 0.051758 0.033203
0 0.833984 0.207520 0.050781 0.045898
0 0.721680 0.903320 0.091797 0.052734
0 0.491699 0.785645 0.083008 0.034180
0 0.138672 0.526367 0.078125 0.025391
0 0.951660 0.638672 0.059570 0.033203
0 0.602051 0.296387 0.075195 0.020508
0 0.458496 0.279297 0.077148 0.046875
0 0.531738 0.307129 0.083008 0.043945
0 0.585449 0.632324 0.079102 0.047852
0 0.308105 0.870605 0.063477 0.047852
0 0.621094 0.921387 0.060547 0.041992
0 0.951660 0.248047 0.071289 0.046875
0 0.434570 0.873535 0.074219 0.045898
0 0.733887 0.442871 0.075195 0.041992
0 0.825195 0.131836 0.068359 0.050781
0 0.736328 0.654297 0.080078 0.048828
0 0.900879 0.856934 0.071289 0.040039
0 0.844238 0.851074 0.083008 0.043945
0 0.179688 0.944824 0.126953 0.047852
0 0.345215 0.931641 0.102539 0.021484
0 0.714355 0.461426 0.061523 0.055664
0 0.984863 0.365723 0.030273 0.043945
0 0.023438 0.872559 0.046875 0.024414
