0 0.300781 0.906250 0.076172 0.109375
0 0.427246 0.943359 0.059570 0.085938
0 0.942383 0.859375 0.074219 0.062500
0 0.775879 0.954102 0.067383 0.080078
0 0.718262 0.977539 0.053711 0.044922
0 0.682617 0.962402 0.054688 0.047852
0 0.604004 0.837891 0.079102 0.074219
0 0.711426 0.766602 0.071289 0.080078
0 0.771484 0.785645 0.068359 0.077148
0 0.841309 0.739258 0.065430 0.066406
0 0.403809 0.757324 0.071289 0.069336
0 0.331055 0.687012 0.099609 0.059570
0 0.751953 0.603516 0.062500 0.068359
0 0.604004 0.601562 0.063477 0.062500
0 0.652344 0.634766 0.089844 0.078125
0 0.595703 0.664062 0.044922 0.078125
0 0.718750 0.538574 0.056641 0.079102
0 0.361816 0.579102 0.151367 0.074219
0 0.544922 0.494629 0.066406 0.118164
0 0.614258 0.473633 0.072266 0.074219
0 0.383789 0.468262 0.070312 0.059570
0 0.826660 0.500000 0.073242 0.087891
0 0.846191 0.570801 0.059570 0.057617
0 0.919922 0.548828 0.068359 0.060547
0 0.877441 0.505859 0.055664 0.070312
0 0.750000 0.370117 0.074219 0.085938
0 0.959961 0.328125 0.064453 0.171875
0 0.969238 0.211426 0.061523 0.075195
0 0.808105 0.194336 0.063477 0.060547
0 0.860840 0.163086 0.061523 0.074219
0 0.969238 0.078613 0.061523 0.083008
0 0.625000 0.193359 0.074219 0.068359
0 0.570312 0.152344 0.056641 0.066406
0 0.578125 0.051758 0.074219 0.066406
0 0.498047 0.045898 0.048828 0.064453
0 0.370117 0.033691 0.068359 0.067383
0 0.305664 0.113281 0.097656 0.091797
0 0.266113 0.045898 0.124023 0.091797
0 0.305176 0.020508 0.071289 0.041016
0 0.114258 0.173340 0.089844 0.106445
0 0.090332 0.087402 0.077148 0.088867
0 0.295898 0.320801 0.074219 0.077148
0 0.188477 0.477051 0.085938 0.081055
0 0.141113 0.444336 0.059570 0.056641
0 0.439941 0.402832 0.055664 0.075195
0 0.488281 0.378906 0.066406 0.103516
0 0.040039 0.734375 0.080078 0.068359
0 0.122070 0.722656 0.064453 0.091797
0 0.468262 0.844238 0.077148 0.077148
0 0.645508 0.424805 0.046875 0.042969
0 0.389160 0.836914 0.040039 0.031250
