0 0.281738 0.955078 0.073242 0.089844
0 0.675293 0.931641 0.112305 0.085938
0 0.564453 0.918945 0.109375 0.056641
0 0.496094 0.812988 0.099609 0.143555
0 0.422852 0.749512 0.068359 0.053711
0 0.602539 0.677246 0.083984 0.114258
0 0.459473 0.647461 0.094727 0.101562
0 0.525391 0.662598 0.126953 0.125977
0 0.454102 0.561035 0.068359 0.104492
0 0.370605 0.455078 0.122070 0.230469
0 0.610352 0.461914 0.218750 0.158203
0 0.562988 0.443359 0.098633 0.152344
0 0.504883 0.404297 0.099609 0.236328
0 0.483398 0.250000 0.085938 0.212891
0 0.570801 0.248535 0.118164 0.159180
0 0.699219 0.229492 0.109375 0.197266
0 0.642578 0.085938 0.074219 0.171875
0 0.414551 0.237305 0.075195 0.101562
0 0.336914 0.171387 0.058594 0.075195
0 0.249512 0.197266 0.094727 0.082031
0 0.885254 0.046875 0.110352 0.060547
0 0.779297 0.168457 0.070312 0.086914
0 0.964355 0.169434 0.071289 0.135742
0 0.883301 0.346680 0.049805 0.103516
0 0.972168 0.433594 0.055664 0.156250
0 0.849121 0.311523 0.120117 0.144531
0 0.495605 0.570312 0.077148 0.054688
0 0.707520 0.016113 0.057617 0.032227
0 0.623047 0.927246 0.130859 0.133789
0 0.429688 0.940430 0.064453 0.050781
0 0.913086 0.333008 0.048828 0.087891
