0 0.167969 0.046875 0.074219 0.093750
0 0.042969 0.397949 0.085938 0.141602
0 0.093750 0.479004 0.076172 0.168945
0 0.044434 0.610840 0.059570 0.100586
0 0.082520 0.673340 0.069336 0.147461
0 0.124512 0.790527 0.084961 0.186523
0 0.027832 0.776367 0.055664 0.115234
0 0.284180 0.778809 0.111328 0.081055
0 0.394531 0.580078 0.175781 0.177734
0 0.506348 0.687988 0.114258 0.067383
0 0.620605 0.594727 0.096680 0.089844
0 0.666016 0.791016 0.105469 0.097656
0 0.631348 0.904297 0.155273 0.125000
0 0.362793 0.966797 0.088867 0.066406
0 0.739746 0.444824 0.168945 0.051758
0 0.625977 0.361328 0.175781 0.126953
0 0.911133 0.260742 0.142578 0.085938
0 0.431641 0.159668 0.101562 0.079102
0 0.825195 0.635254 0.093750 0.178711
0 0.957520 0.598633 0.084961 0.117188
0 0.047852 0.544434 0.095703 0.139648
0 0.966309 0.816895 0.067383 0.135742
0 0.976562 0.946289 0.046875 0.107422
0 0.923340 0.373535 0.053711 0.049805
0 0.980469 0.216309 0.039062 0.055664
