0 0.192383 0.976562 0.074219 0.046875
0 0.278809 0.979004 0.088867 0.041992
0 0.115234 0.546875 0.080078 0.101562
0 0.345215 0.732910 0.090820 0.059570
0 0.272461 0.497559 0.078125 0.067383
0 0.409668 0.473633 0.061523 0.076172
0 0.475098 0.450195 0.073242 0.123047
0 0.545898 0.394043 0.087891 0.092773
0 0.473633 0.269531 0.078125 0.054688
0 0.459961 0.211914 0.074219 0.068359
0 0.387695 0.079102 0.082031 0.087891
0 0.289062 0.195801 0.070312 0.075195
0 0.235840 0.199219 0.049805 0.062500
0 0.072754 0.156738 0.073242 0.055664
0 0.125000 0.115234 0.062500 0.091797
0 0.176758 0.116699 0.054688 0.083008
0 0.201660 0.075684 0.051758 0.055664
0 0.580566 0.062988 0.079102 0.094727
0 0.718750 0.109375 0.091797 0.082031
0 0.624512 0.222656 0.084961 0.082031
0 0.799805 0.253418 0.078125 0.073242
0 0.760254 0.181152 0.071289 0.079102
0 0.844238 0.178223 0.084961 0.075195
0 0.815430 0.097656 0.087891 0.082031
0 0.897949 0.033203 0.073242 0.052734
0 0.701172 0.406250 0.082031 0.087891
0 0.877441 0.481445 0.083008 0.089844
0 0.426758 0.553711 0.058594 0.054688
0 0.405273 0.674316 0.062500 0.067383
0 0.432617 0.604492 0.062500 0.072266
0 0.495605 0.607910 0.061523 0.063477
0 0.640625 0.599121 0.074219 0.081055
0 0.688477 0.673340 0.070312 0.065430
0 0.605957 0.664551 0.061523 0.055664
0 0.799805 0.627441 0.062500 0.063477
0 0.903320 0.636230 0.070312 0.075195
0 0.845703 0.715820 0.078125 0.062500
0 0.543457 0.823730 0.086914 0.088867
0 0.615723 0.807129 0.077148 0.065430
0 0.655273 0.852539 0.101562 0.066406
0 0.967285 0.821777 0.065430 0.075195
0 0.588379 0.598145 0.071289 0.077148
0 0.387695 0.623535 0.062500 0.077148
0 0.928223 0.083008 0.133789 0.074219
0 0.872559 0.013184 0.124023 0.026367
