0 0.698242 0.740234 0.117188 0.052734
0 0.957520 0.539551 0.071289 0.108398
0 0.892090 0.361816 0.075195 0.104492
0 0.847656 0.056641 0.097656 0.097656
0 0.949707 0.758301 0.065430 0.086914
0 0.880859 0.199219 0.054688 0.064453
0 0.762207 0.605957 0.065430 0.106445
0 0.860840 0.972168 0.096680 0.055664
0 0.976562 0.697754 0.046875 0.059570
0 0.792969 0.396973 0.068359 0.084961
0 0.739258 0.870117 0.054688 0.078125
0 0.920898 0.869141 0.117188 0.080078
0 0.812500 0.250488 0.066406 0.059570
0 0.767090 0.339355 0.053711 0.069336
0 0.918457 0.926270 0.045898 0.043945
0 0.579102 0.859863 0.101562 0.041992
0 0.884766 0.296875 0.070312 0.054688
0 0.927734 0.655762 0.046875 0.053711
0 0.885742 0.762207 0.078125 0.065430
0 0.682617 0.947754 0.117188 0.084961
