0 0.060059 0.108887 0.120117 0.202148
0 0.010742 0.138672 0.021484 0.134766
0 0.066895 0.334961 0.075195 0.058594
0 0.155273 0.405273 0.083984 0.111328
0 0.092773 0.468262 0.054688 0.057617
0 0.138184 0.666992 0.088867 0.277344
0 0.302734 0.736816 0.197266 0.131836
0 0.298340 0.582520 0.067383 0.151367
0 0.362305 0.937500 0.046875 0.125000
0 0.226562 0.334473 0.103516 0.176758
0 0.228027 0.189453 0.055664 0.064453
0 0.317871 0.098145 0.098633 0.170898
0 0.331055 0.161133 0.041016 0.087891
0 0.805176 0.022461 0.100586 0.044922
0 0.740234 0.042480 0.148438 0.084961
0 0.660156 0.071289 0.171875 0.093750
0 0.505371 0.145020 0.081055 0.247070
0 0.384277 0.328613 0.083008 0.385742
0 0.336914 0.289551 0.050781 0.053711
0 0.706055 0.257324 0.058594 0.055664
0 0.708008 0.167969 0.054688 0.056641
0 0.563477 0.161133 0.083984 0.087891
0 0.898438 0.333984 0.166016 0.119141
0 0.880859 0.223145 0.109375 0.106445
0 0.775879 0.397461 0.061523 0.033203
0 0.866211 0.470215 0.205078 0.108398
0 0.962891 0.482910 0.074219 0.077148
0 0.817871 0.526855 0.069336 0.063477
0 0.965820 0.676758 0.068359 0.107422
0 0.564453 0.534668 0.074219 0.100586
0 0.513184 0.461914 0.084961 0.050781
0 0.380371 0.592773 0.075195 0.066406
0 0.429199 0.733398 0.057617 0.039062
0 0.643555 0.807129 0.218750 0.086914
0 0.782715 0.790039 0.122070 0.066406
0 0.943359 0.928223 0.093750 0.055664
0 0.578613 0.978027 0.053711 0.043945
0 0.890625 0.973633 0.062500 0.052734
