0 0.868164 0.429688 0.060547 0.085938
0 0.916992 0.435059 0.083984 0.094727
0 0.978027 0.305664 0.043945 0.064453
0 0.943359 0.026855 0.089844 0.053711
0 0.905762 0.054199 0.090820 0.071289
0 0.676758 0.153320 0.076172 0.132812
0 0.455566 0.144043 0.071289 0.069336
0 0.437012 0.067383 0.059570 0.083984
0 0.493652 0.018066 0.092773 0.036133
0 0.589844 0.078613 0.087891 0.077148
0 0.253906 0.176758 0.091797 0.078125
0 0.165527 0.145508 0.092773 0.066406
0 0.121094 0.277344 0.126953 0.085938
0 0.372559 0.392090 0.127930 0.069336
0 0.485840 0.312988 0.098633 0.065430
0 0.346191 0.546875 0.081055 0.138672
0 0.192871 0.441895 0.071289 0.051758
0 0.052734 0.657715 0.105469 0.083008
0 0.399414 0.674316 0.134766 0.071289
0 0.466309 0.625000 0.041992 0.046875
0 0.317871 0.719727 0.086914 0.068359
0 0.245117 0.853516 0.091797 0.138672
0 0.606934 0.876953 0.071289 0.099609
0 0.415527 0.825684 0.079102 0.061523
0 0.826660 0.875000 0.083008 0.138672
0 0.817383 0.973633 0.089844 0.052734
0 0.897461 0.203125 0.072266 0.062500
0 0.826172 0.233887 0.060547 0.073242
0 0.699707 0.458984 0.094727 0.082031
0 0.609863 0.147461 0.092773 0.052734
0 0.789551 0.527344 0.055664 0.046875
0 0.718750 0.239258 0.044922 0.044922
0 0.955566 0.479492 0.063477 0.050781
0 0.293945 0.758301 0.064453 0.051758
0 0.224609 0.774414 0.078125 0.044922
0 0.095703 0.702148 0.031250 0.033203
