0 0.029297 0.185059 0.058594 0.057617
0 0.077148 0.139160 0.072266 0.127930
0 0.063477 0.041992 0.126953 0.074219
0 0.227051 0.050293 0.161133 0.100586
0 0.247559 0.188965 0.065430 0.129883
0 0.091797 0.277344 0.105469 0.121094
0 0.183105 0.304688 0.063477 0.074219
0 0.312500 0.220703 0.062500 0.085938
0 0.267090 0.298340 0.073242 0.067383
0 0.250977 0.429199 0.103516 0.106445
0 0.536621 0.073242 0.155273 0.076172
0 0.653320 0.081055 0.107422 0.132812
0 0.495117 0.172363 0.072266 0.090820
0 0.608398 0.280273 0.158203 0.107422
0 0.790039 0.199219 0.115234 0.150391
0 0.648438 0.395508 0.085938 0.078125
0 0.925293 0.336426 0.141602 0.071289
0 0.867188 0.259766 0.050781 0.066406
0 0.877930 0.450195 0.101562 0.080078
0 0.978027 0.423340 0.043945 0.075195
0 0.766602 0.552246 0.085938 0.102539
0 0.481934 0.569824 0.084961 0.147461
0 0.062500 0.595703 0.080078 0.140625
0 0.607910 0.634277 0.110352 0.057617
0 0.823242 0.586426 0.054688 0.063477
0 0.687988 0.659180 0.083008 0.082031
0 0.460938 0.701660 0.103516 0.086914
0 0.625000 0.757812 0.085938 0.068359
0 0.055664 0.775391 0.070312 0.083984
0 0.146484 0.800781 0.087891 0.070312
0 0.285156 0.815430 0.087891 0.076172
0 0.287109 0.878906 0.062500 0.066406
0 0.187012 0.953613 0.081055 0.083008
0 0.350098 0.948730 0.073242 0.067383
0 0.433105 0.838379 0.110352 0.083008
0 0.463379 0.881348 0.125977 0.057617
0 0.557129 0.912598 0.094727 0.108398
0 0.618652 0.942383 0.067383 0.074219
0 0.653320 0.866211 0.105469 0.068359
0 0.795410 0.947266 0.118164 0.070312
0 0.883789 0.904785 0.066406 0.077148
0 0.957031 0.821289 0.085938 0.109375
0 0.967773 0.101562 0.064453 0.117188
0 0.900879 0.284668 0.051758 0.053711
0 0.877441 0.031250 0.069336 0.062500
