0 0.848633 0.475586 0.142578 0.097656
0 0.022949 0.213867 0.045898 0.091797
0 0.096191 0.495605 0.102539 0.086914
0 0.234375 0.933105 0.099609 0.083008
0 0.230957 0.703613 0.092773 0.067383
0 0.440430 0.932129 0.152344 0.065430
0 0.029785 0.352051 0.059570 0.090820
0 0.589355 0.829102 0.129883 0.080078
0 0.056152 0.927246 0.112305 0.059570
0 0.151855 0.598145 0.104492 0.112305
0 0.090820 0.228027 0.097656 0.057617
0 0.372070 0.392090 0.089844 0.094727
0 0.651855 0.097168 0.075195 0.084961
0 0.122070 0.335938 0.054688 0.123047
0 0.388184 0.306641 0.182617 0.080078
0 0.300781 0.491699 0.177734 0.094727
0 0.193359 0.879395 0.078125 0.069336
0 0.739746 0.228516 0.110352 0.107422
0 0.291992 0.222168 0.064453 0.094727
0 0.269531 0.570801 0.099609 0.057617
0 0.231934 0.646973 0.069336 0.055664
0 0.249512 0.383301 0.159180 0.096680
0 0.389160 0.556641 0.075195 0.089844
0 0.540527 0.200684 0.102539 0.086914
0 0.192871 0.069336 0.057617 0.134766
0 0.022461 0.694336 0.044922 0.070312
0 0.683594 0.714355 0.117188 0.065430
0 0.853027 0.868652 0.172852 0.112305
0 0.243652 0.792969 0.057617 0.052734
0 0.899414 0.699707 0.109375 0.059570
0 0.833496 0.039551 0.077148 0.075195
0 0.711914 0.865723 0.089844 0.083008
0 0.921875 0.062012 0.105469 0.120117
0 0.929688 0.211914 0.099609 0.089844
0 0.722168 0.518555 0.059570 0.117188
0 0.086914 0.057129 0.089844 0.055664
0 0.510742 0.444336 0.177734 0.080078
0 0.828613 0.694336 0.067383 0.064453
0 0.381836 0.238281 0.115234 0.068359
0 0.644531 0.758301 0.060547 0.067383
0 0.497070 0.298340 0.115234 0.083008
0 0.690918 0.567871 0.092773 0.067383
0 0.420410 0.666016 0.182617 0.087891
0 0.761719 0.790527 0.070312 0.092773
0 0.951172 0.489258 0.097656 0.070312
0 0.218262 0.445801 0.153320 0.086914
0 0.409668 0.881836 0.100586 0.060547
0 0.412109 0.610840 0.125000 0.041992
0 0.091797 0.015625 0.105469 0.027344
0 0.950684 0.282227 0.086914 0.064453
0 0.949707 0.330566 0.094727 0.067383
0 0.884277 0.041992 0.065430 0.080078
0 0.465820 0.847168 0.056641 0.040039
0 0.853516 0.835938 0.162109 0.078125
0 0.860840 0.372070 0.086914 0.060547
0 0.971680 0.910645 0.056641 0.067383
0 0.953125 0.144531 0.087891 0.054688
0 0.810059 0.779297 0.059570 0.054688
0 0.065430 0.341797 0.062500 0.105469
0 0.164551 0.356934 0.059570 0.104492
0 0.037109 0.698730 0.042969 0.153320
0 0.751953 0.719238 0.080078 0.084961
0 0.978516 0.827148 0.042969 0.099609
0 0.891602 0.914062 0.123047 0.054688
0 0.103516 0.448242 0.107422 0.042969
0 0.719727 0.198242 0.080078 0.082031
0 0.615723 0.235840 0.147461 0.112305
0 0.982422 0.095703 0.035156 0.078125
