0 0.401855 0.868164 0.094727 0.097656
0 0.497070 0.373047 0.119141 0.107422
0 0.583496 0.193359 0.102539 0.082031
0 0.283691 0.670898 0.084961 0.097656
0 0.265625 0.060059 0.117188 0.120117
0 0.924316 0.031250 0.129883 0.062500
0 0.410645 0.223145 0.077148 0.083008
0 0.483398 0.587402 0.087891 0.084961
0 0.449219 0.693359 0.134766 0.107422
0 0.414551 0.593262 0.090820 0.083008
0 0.767090 0.898438 0.135742 0.107422
0 0.477051 0.126953 0.084961 0.074219
0 0.790527 0.615723 0.067383 0.073242
0 0.299805 0.228027 0.080078 0.127930
0 0.644531 0.654785 0.070312 0.065430
0 0.969727 0.515625 0.054688 0.097656
0 0.713379 0.659668 0.086914 0.084961
0 0.940430 0.372070 0.107422 0.095703
0 0.767090 0.518066 0.049805 0.045898
0 0.981934 0.768555 0.034180 0.087891
0 0.275879 0.568848 0.090820 0.069336
