0 0.024902 0.939453 0.049805 0.115234
0 0.092773 0.828613 0.101562 0.069336
0 0.186035 0.899414 0.057617 0.064453
0 0.276367 0.855957 0.099609 0.071289
0 0.234863 0.786133 0.079102 0.054688
0 0.212402 0.718750 0.061523 0.056641
0 0.052246 0.731934 0.067383 0.065430
0 0.127930 0.520508 0.121094 0.076172
0 0.258789 0.490723 0.103516 0.063477
0 0.145996 0.263184 0.088867 0.057617
0 0.252441 0.282715 0.094727 0.075195
0 0.139160 0.347656 0.067383 0.083984
0 0.557617 0.359863 0.107422 0.151367
0 0.450684 0.463867 0.059570 0.066406
0 0.489258 0.712891 0.132812 0.191406
0 0.374512 0.733887 0.081055 0.104492
0 0.309082 0.623535 0.069336 0.094727
0 0.530273 0.677246 0.074219 0.090820
0 0.675293 0.582031 0.110352 0.115234
0 0.526367 0.941406 0.115234 0.107422
0 0.543457 0.850586 0.065430 0.056641
0 0.770020 0.785645 0.067383 0.077148
0 0.817871 0.702637 0.079102 0.071289
0 0.804199 0.632324 0.174805 0.069336
0 0.929199 0.686035 0.086914 0.049805
0 0.960449 0.708984 0.079102 0.107422
0 0.962402 0.578613 0.075195 0.073242
0 0.717773 0.330566 0.078125 0.073242
0 0.866211 0.276367 0.128906 0.083984
0 0.916016 0.202148 0.078125 0.082031
0 0.977539 0.420898 0.044922 0.107422
0 0.743652 0.120605 0.081055 0.073242
0 0.713379 0.176270 0.073242 0.077148
0 0.610840 0.167480 0.065430 0.067383
0 0.534180 0.211914 0.123047 0.097656
0 0.362305 0.157227 0.089844 0.080078
0 0.890137 0.138184 0.069336 0.057617
0 0.653320 0.046875 0.080078 0.082031
0 0.472656 0.041016 0.068359 0.082031
0 0.330566 0.016113 0.057617 0.032227
0 0.145996 0.100098 0.084961 0.079102
0 0.041992 0.009277 0.076172 0.018555
0 0.033203 0.609375 0.066406 0.068359
0 0.958984 0.320312 0.082031 0.056641
