0 0.245117 0.171387 0.054688 0.096680
0 0.278809 0.194824 0.055664 0.059570
0 0.365723 0.162109 0.061523 0.048828
0 0.399902 0.213867 0.065430 0.066406
0 0.470215 0.128418 0.073242 0.084961
0 0.484375 0.187988 0.058594 0.053711
0 0.604004 0.047363 0.063477 0.094727
0 0.656250 0.052246 0.056641 0.084961
0 0.108887 0.428711 0.075195 0.107422
0 0.239258 0.400391 0.058594 0.087891
0 0.291016 0.434570 0.072266 0.066406
0 0.348145 0.407227 0.071289 0.117188
0 0.483398 0.377441 0.060547 0.084961
0 0.584961 0.323730 0.060547 0.088867
0 0.619141 0.371582 0.087891 0.063477
0 0.695312 0.272461 0.089844 0.058594
0 0.734863 0.190430 0.090820 0.054688
0 0.728516 0.090332 0.083984 0.102539
0 0.803711 0.104004 0.070312 0.063477
0 0.085449 0.527344 0.120117 0.070312
0 0.156250 0.578613 0.050781 0.061523
0 0.325195 0.594727 0.091797 0.072266
0 0.425781 0.632324 0.076172 0.063477
0 0.530273 0.658203 0.091797 0.052734
0 0.347168 0.696777 0.112305 0.063477
0 0.200195 0.642578 0.089844 0.054688
0 0.362793 0.498535 0.096680 0.055664
0 0.488770 0.533203 0.100586 0.062500
0 0.635254 0.497559 0.057617 0.061523
0 0.697266 0.551758 0.093750 0.058594
0 0.782715 0.556641 0.108398 0.080078
0 0.817383 0.522461 0.074219 0.052734
0 0.943359 0.579102 0.113281 0.066406
0 0.946289 0.627930 0.107422 0.068359
0 0.884277 0.662109 0.094727 0.050781
0 0.950684 0.698730 0.092773 0.088867
0 0.645508 0.758301 0.076172 0.055664
0 0.598633 0.617676 0.062500 0.059570
0 0.917969 0.216797 0.091797 0.078125
0 0.827637 0.211914 0.071289 0.095703
0 0.856934 0.314453 0.065430 0.068359
0 0.906250 0.318848 0.078125 0.079102
0 0.859863 0.416992 0.077148 0.076172
0 0.710449 0.379395 0.086914 0.065430
0 0.953613 0.972168 0.063477 0.055664
0 0.800293 0.982910 0.077148 0.034180
0 0.620117 0.980469 0.087891 0.039062
0 0.689453 0.922852 0.089844 0.056641
0 0.552246 0.883301 0.077148 0.065430
0 0.494141 0.895508 0.052734 0.060547
0 0.392090 0.939453 0.069336 0.062500
0 0.505371 0.979980 0.098633 0.040039
0 0.270508 0.944824 0.080078 0.086914
0 0.074219 0.951660 0.074219 0.067383
0 0.950195 0.376953 0.048828 0.062500
0 0.102051 0.566895 0.038086 0.057617
0 0.109375 0.356445 0.039062 0.058594
0 0.482910 0.293457 0.059570 0.038086
0 0.606445 0.106934 0.056641 0.045898
