0 0.061523 0.029785 0.078125 0.059570
0 0.020508 0.176758 0.041016 0.068359
0 0.023926 0.245605 0.047852 0.075195
0 0.021973 0.765137 0.043945 0.061523
0 0.006836 0.652344 0.013672 0.058594
0 0.006836 0.402832 0.013672 0.049805
0 0.080566 0.417969 0.083008 0.074219
0 0.154785 0.253418 0.065430 0.084961
0 0.213867 0.246094 0.058594 0.078125
0 0.107422 0.889648 0.062500 0.093750
0 0.307129 0.886719 0.086914 0.087891
0 0.119629 0.976562 0.053711 0.046875
0 0.166016 0.571289 0.074219 0.076172
0 0.240723 0.491211 0.047852 0.046875
0 0.287598 0.444824 0.067383 0.045898
0 0.435059 0.562012 0.069336 0.063477
0 0.441895 0.620605 0.065430 0.053711
0 0.343750 0.748535 0.052734 0.065430
0 0.353027 0.321289 0.094727 0.074219
0 0.300781 0.052734 0.064453 0.060547
0 0.461914 0.188477 0.105469 0.074219
0 0.555176 0.327148 0.067383 0.072266
0 0.195312 0.037598 0.076172 0.075195
0 0.703125 0.097168 0.099609 0.067383
0 0.764648 0.278320 0.089844 0.064453
0 0.853516 0.240234 0.091797 0.062500
0 0.738770 0.356934 0.073242 0.102539
0 0.773438 0.465820 0.068359 0.062500
0 0.612793 0.475586 0.053711 0.066406
0 0.629395 0.581543 0.063477 0.059570
0 0.596680 0.676758 0.060547 0.082031
0 0.737793 0.628418 0.092773 0.069336
0 0.706055 0.809082 0.060547 0.061523
0 0.707520 0.867676 0.061523 0.057617
0 0.893555 0.811035 0.117188 0.110352
0 0.920410 0.930176 0.122070 0.108398
0 0.984863 0.874512 0.030273 0.063477
0 0.982910 0.643555 0.034180 0.050781
0 0.928223 0.650391 0.063477 0.060547
0 0.918945 0.532715 0.113281 0.067383
0 0.803711 0.535156 0.082031 0.058594
0 0.896973 0.357910 0.083008 0.061523
0 0.973145 0.204590 0.053711 0.067383
0 0.965332 0.011230 0.055664 0.022461
0 0.196289 0.981445 0.042969 0.037109
