0 0.488770 0.133789 0.071289 0.083984
0 0.656738 0.389648 0.063477 0.076172
0 0.915039 0.145020 0.062500 0.075195
0 0.672852 0.578125 0.074219 0.058594
0 0.350586 0.864746 0.091797 0.084961
0 0.281738 0.417969 0.122070 0.066406
0 0.944824 0.708984 0.059570 0.052734
0 0.214355 0.182617 0.063477 0.068359
0 0.359375 0.338379 0.042969 0.098633
0 0.270020 0.862793 0.063477 0.059570
0 0.109375 0.225098 0.076172 0.127930
0 0.141602 0.502441 0.085938 0.049805
0 0.244629 0.771484 0.063477 0.060547
0 0.543945 0.753418 0.060547 0.057617
0 0.167480 0.423828 0.053711 0.037109
0 0.506836 0.375488 0.054688 0.047852
0 0.150391 0.210449 0.064453 0.055664
0 0.665039 0.840820 0.050781 0.037109
0 0.083984 0.453125 0.070312 0.037109
0 0.079102 0.866699 0.044922 0.073242
0 0.104492 0.804199 0.050781 0.071289
0 0.643066 0.077148 0.038086 0.072266
0 0.556641 0.490723 0.103516 0.051758
0 0.037109 0.758301 0.062500 0.040039
0 0.811523 0.549316 0.058594 0.045898
0 0.030273 0.040527 0.060547 0.026367
0 0.325195 0.213867 0.068359 0.031250
0 0.176758 0.462402 0.064453 0.038086
0 0.734863 0.401855 0.030273 0.077148
0 0.477539 0.443359 0.056641 0.058594
0 0.608887 0.408691 0.053711 0.045898
0 0.064941 0.228516 0.069336 0.044922
0 0.356934 0.648926 0.090820 0.051758
0 0.179688 0.916504 0.058594 0.041992
0 0.979492 0.840820 0.037109 0.050781
0 0.312988 0.017090 0.088867 0.034180
0 0.241211 0.433105 0.046875 0.061523
0 0.641602 0.929199 0.068359 0.047852
0 0.179688 0.973145 0.062500 0.053711
0 0.893066 0.460938 0.047852 0.074219
0 0.922852 0.428711 0.060547 0.035156
0 0.756348 0.695312 0.071289 0.095703
0 0.019531 0.529297 0.039062 0.033203
0 0.154297 0.308594 0.078125 0.050781
0 0.872070 0.882324 0.089844 0.051758
0 0.432617 0.573242 0.044922 0.039062
0 0.221191 0.149902 0.047852 0.053711
0 0.784668 0.494141 0.063477 0.037109
0 0.044434 0.525879 0.043945 0.049805
0 0.338867 0.461426 0.039062 0.049805
0 0.509766 0.030273 0.050781 0.027344
0 0.184570 0.571777 0.054688 0.026367
0 0.433594 0.039062 0.033203 0.062500
0 0.245605 0.866699 0.036133 0.067383
0 0.579590 0.931641 0.069336 0.037109
0 0.344727 0.817871 0.044922 0.026367
0 0.188672 0.823193 0.100195 0.045410
0 0.964355 0.064453 0.057617 0.044922
0 0.192383 0.776855 0.070312 0.041992
0 0.041992 0.405273 0.052734 0.062500
0 0.482910 0.499512 0.043945 0.053711
0 0.950684 0.287109 0.051758 0.039062
0 0.321289 0.485840 0.048828 0.028320
0 0.771484 0.422363 0.037109 0.077148
0 0.673340 0.976074 0.049805 0.043945
0 0.474609 0.836914 0.046875 0.029297
0 0.443848 0.038574 0.047852 0.057617
0 0.721680 0.967773 0.054688 0.064453
0 0.649902 0.019043 0.063477 0.038086
0 0.987305 0.471680 0.025391 0.056641
0 0.116699 0.542969 0.069336 0.044922
0 0.840820 0.532715 0.060547 0.061523
0 0.241211 0.783203 0.054688 0.042969
0 0.981445 0.524902 0.037109 0.040039
0 0.197266 0.007324 0.058594 0.014648
0 0.103027 0.039551 0.055664 0.041992
0 0.766602 0.718262 0.115234 0.092773
0 0.144531 0.526367 0.082031 0.039062
0 0.325195 0.507812 0.058594 0.041016
0 0.298828 0.035645 0.041016 0.028320
0 0.764160 0.874023 0.055664 0.050781
0 0.134277 0.898926 0.067383 0.045898
0 0.021484 0.909180 0.042969 0.048828
