0 0.478516 0.411621 0.187500 0.174805
0 0.574219 0.181641 0.115234 0.080078
0 0.715332 0.064453 0.069336 0.054688
0 0.658203 0.089355 0.058594 0.073242
0 0.820801 0.104980 0.098633 0.067383
0 0.893555 0.180664 0.093750 0.093750
0 0.888672 0.274902 0.099609 0.098633
0 0.985840 0.278320 0.028320 0.078125
0 0.988770 0.130859 0.022461 0.066406
0 0.426758 0.061523 0.097656 0.070312
0 0.282227 0.039551 0.140625 0.067383
0 0.077148 0.210938 0.134766 0.224609
0 0.111816 0.364746 0.122070 0.094727
0 0.254883 0.538086 0.087891 0.068359
0 0.176270 0.623047 0.079102 0.121094
0 0.207520 0.590820 0.145508 0.064453
0 0.044434 0.432617 0.088867 0.058594
0 0.557129 0.623535 0.075195 0.086914
0 0.565918 0.723145 0.098633 0.071289
0 0.520508 0.927246 0.113281 0.108398
0 0.167969 0.979004 0.263672 0.041992
0 0.575684 0.973633 0.137695 0.048828
0 0.878906 0.744629 0.097656 0.065430
0 0.834961 0.857910 0.125000 0.112305
0 0.703125 0.875977 0.107422 0.078125
0 0.816406 0.640625 0.132812 0.093750
0 0.864746 0.611328 0.086914 0.082031
0 0.913086 0.587402 0.083984 0.108398
0 0.965820 0.499512 0.068359 0.065430
0 0.807617 0.026367 0.062500 0.052734
0 0.953613 0.747559 0.081055 0.073242
