0 0.537109 0.883301 0.115234 0.096680
0 0.287109 0.633301 0.109375 0.073242
0 0.548340 0.545410 0.083008 0.102539
0 0.967285 0.524414 0.065430 0.095703
0 0.144531 0.557129 0.070312 0.114258
0 0.558594 0.120605 0.107422 0.086914
0 0.355957 0.309570 0.077148 0.109375
0 0.787109 0.377441 0.060547 0.084961
0 0.715820 0.389160 0.078125 0.075195
0 0.447266 0.273438 0.080078 0.097656
0 0.489258 0.764648 0.089844 0.195312
0 0.314453 0.386719 0.099609 0.080078
0 0.703613 0.744629 0.102539 0.155273
0 0.234863 0.947754 0.061523 0.102539
0 0.377930 0.863281 0.062500 0.101562
0 0.620605 0.391113 0.077148 0.137695
0 0.546875 0.286133 0.064453 0.177734
0 0.727051 0.169434 0.135742 0.155273
0 0.677246 0.244629 0.094727 0.100586
0 0.145996 0.812012 0.102539 0.170898
0 0.804688 0.137207 0.115234 0.065430
0 0.879395 0.803223 0.147461 0.122070
0 0.110840 0.301758 0.051758 0.054688
0 0.138184 0.122070 0.083008 0.115234
0 0.839355 0.727051 0.094727 0.145508
0 0.610840 0.944336 0.067383 0.105469
0 0.635742 0.689453 0.068359 0.060547
0 0.043457 0.884766 0.083008 0.115234
0 0.530762 0.605469 0.067383 0.052734
0 0.703613 0.946777 0.067383 0.094727
0 0.739746 0.325684 0.049805 0.047852
0 0.051758 0.228027 0.099609 0.077148
0 0.026855 0.645020 0.053711 0.049805
0 0.089844 0.178223 0.070312 0.057617
0 0.033203 0.340820 0.062500 0.062500
0 0.606934 0.289551 0.049805 0.059570
0 0.107910 0.964844 0.057617 0.070312
0 0.445801 0.976074 0.051758 0.047852
0 0.566406 0.980469 0.060547 0.039062
0 0.633301 0.363281 0.051758 0.052734
0 0.881836 0.135742 0.064453 0.097656
