0 0.067871 0.932617 0.067383 0.064453
0 0.160645 0.872559 0.061523 0.079102
0 0.687012 0.982422 0.055664 0.035156
0 0.676758 0.910156 0.068359 0.068359
0 0.936523 0.896973 0.091797 0.067383
0 0.944824 0.982910 0.053711 0.034180
0 0.795410 0.850586 0.057617 0.056641
0 0.979980 0.795410 0.040039 0.069336
0 0.964844 0.726074 0.070312 0.047852
0 0.872070 0.796875 0.080078 0.123047
0 0.825195 0.760254 0.054688 0.063477
0 0.856934 0.706543 0.063477 0.065430
0 0.803711 0.708496 0.056641 0.065430
0 0.638672 0.759277 0.078125 0.071289
0 0.602051 0.678223 0.098633 0.081055
0 0.489258 0.876465 0.101562 0.086914
0 0.408691 0.781738 0.067383 0.086914
0 0.608887 0.589844 0.092773 0.087891
0 0.554688 0.515625 0.066406 0.068359
0 0.269043 0.566895 0.069336 0.065430
0 0.474609 0.462402 0.087891 0.092773
0 0.514160 0.415527 0.063477 0.069336
0 0.472168 0.372559 0.071289 0.059570
0 0.337891 0.391113 0.078125 0.057617
0 0.758789 0.439453 0.085938 0.097656
0 0.608398 0.339844 0.068359 0.066406
0 0.647949 0.309082 0.065430 0.057617
0 0.854980 0.406738 0.053711 0.081055
0 0.898438 0.361328 0.068359 0.097656
0 0.964355 0.338867 0.071289 0.083984
0 0.789062 0.254883 0.066406 0.072266
0 0.850586 0.207031 0.074219 0.087891
0 0.800781 0.174316 0.060547 0.100586
0 0.582520 0.192383 0.075195 0.054688
0 0.546875 0.141602 0.080078 0.072266
0 0.604492 0.071289 0.083984 0.078125
0 0.293457 0.237793 0.088867 0.096680
0 0.347168 0.144043 0.088867 0.071289
0 0.160645 0.130371 0.063477 0.069336
0 0.307129 0.035156 0.065430 0.068359
0 0.195312 0.315430 0.058594 0.080078
0 0.152832 0.303711 0.053711 0.085938
0 0.112793 0.256348 0.055664 0.059570
0 0.040527 0.283691 0.057617 0.059570
0 0.028320 0.437988 0.056641 0.061523
0 0.046387 0.491699 0.081055 0.047852
0 0.104004 0.538574 0.075195 0.057617
0 0.908203 0.094238 0.066406 0.069336
0 0.976074 0.076660 0.047852 0.102539
0 0.377441 0.956055 0.079102 0.074219
0 0.268066 0.958984 0.063477 0.056641
0 0.177734 0.947754 0.056641 0.061523
0 0.243164 0.835938 0.085938 0.068359
0 0.797363 0.083496 0.059570 0.065430
0 0.742676 0.560059 0.059570 0.065430
0 0.468750 0.019043 0.087891 0.036133
0 0.327637 0.101562 0.077148 0.076172
0 0.682129 0.005859 0.041992 0.011719
0 0.816406 0.054688 0.083984 0.052734
0 0.719727 0.415039 0.064453 0.060547
0 0.633301 0.987793 0.043945 0.024414
0 0.250488 0.988770 0.049805 0.022461
0 0.102539 0.313965 0.056641 0.063477
0 0.986816 0.014160 0.026367 0.028320
