0 0.079102 0.020020 0.093750 0.040039
0 0.044922 0.935547 0.082031 0.082031
0 0.170898 0.739746 0.117188 0.065430
0 0.092285 0.656738 0.106445 0.086914
0 0.058105 0.431641 0.077148 0.068359
0 0.029297 0.520508 0.056641 0.062500
0 0.142090 0.550293 0.079102 0.057617
0 0.189941 0.600098 0.069336 0.071289
0 0.214844 0.526855 0.117188 0.063477
0 0.099609 0.344238 0.097656 0.069336
0 0.081543 0.236816 0.084961 0.079102
0 0.494141 0.028320 0.070312 0.056641
0 0.680176 0.126953 0.059570 0.072266
0 0.692383 0.211914 0.074219 0.087891
0 0.622559 0.284180 0.094727 0.074219
0 0.696289 0.353027 0.080078 0.088867
0 0.457031 0.344238 0.070312 0.077148
0 0.460449 0.412109 0.102539 0.060547
0 0.445312 0.469727 0.093750 0.080078
0 0.621582 0.561523 0.114258 0.060547
0 0.715820 0.469238 0.091797 0.069336
0 0.802734 0.428711 0.042969 0.062500
0 0.907715 0.562012 0.108398 0.081055
0 0.667480 0.629883 0.092773 0.062500
0 0.434570 0.677246 0.101562 0.055664
0 0.358398 0.733398 0.070312 0.052734
0 0.450195 0.793945 0.091797 0.080078
0 0.336914 0.893066 0.070312 0.088867
0 0.298340 0.889648 0.073242 0.072266
0 0.208984 0.917480 0.083984 0.067383
0 0.136230 0.916016 0.067383 0.072266
0 0.176758 0.974121 0.070312 0.051758
0 0.570312 0.798828 0.082031 0.115234
0 0.764160 0.822266 0.118164 0.082031
0 0.697754 0.723633 0.055664 0.056641
0 0.963379 0.831543 0.071289 0.088867
0 0.850098 0.868652 0.057617 0.057617
0 0.851074 0.980957 0.073242 0.038086
0 0.936523 0.305176 0.066406 0.073242
0 0.951172 0.175781 0.078125 0.070312
0 0.332031 0.252441 0.058594 0.055664
0 0.024414 0.147461 0.046875 0.060547
0 0.257324 0.710449 0.075195 0.073242
0 0.782715 0.348145 0.055664 0.059570
0 0.601562 0.943848 0.041016 0.043945
0 0.971680 0.296387 0.056641 0.051758
