0 0.036133 0.050293 0.062500 0.071289
0 0.085938 0.073242 0.074219 0.054688
0 0.136230 0.054688 0.045898 0.074219
0 0.969238 0.282227 0.057617 0.080078
0 0.312500 0.038574 0.046875 0.075195
0 0.108887 0.148438 0.098633 0.037109
0 0.117188 0.188965 0.076172 0.069336
0 0.057617 0.177246 0.107422 0.083008
0 0.326660 0.207520 0.059570 0.043945
0 0.265625 0.287598 0.078125 0.030273
0 0.339844 0.106445 0.099609 0.052734
0 0.562012 0.083008 0.098633 0.064453
0 0.595703 0.126465 0.058594 0.030273
0 0.529785 0.204102 0.059570 0.023438
0 0.586914 0.246094 0.072266 0.041016
0 0.480469 0.257324 0.101562 0.047852
0 0.822754 0.105469 0.081055 0.062500
0 0.793945 0.029297 0.074219 0.058594
0 0.904785 0.031738 0.043945 0.063477
0 0.944824 0.093750 0.051758 0.080078
0 0.937988 0.103027 0.071289 0.038086
0 0.916016 0.185059 0.048828 0.036133
0 0.793945 0.283203 0.050781 0.044922
0 0.840332 0.404785 0.045898 0.038086
0 0.512207 0.555176 0.061523 0.065430
0 0.372070 0.552734 0.093750 0.054688
0 0.390137 0.613770 0.057617 0.051758
0 0.284180 0.642090 0.087891 0.041992
0 0.276855 0.666016 0.114258 0.039062
0 0.026855 0.580078 0.053711 0.041016
0 0.030762 0.611816 0.057617 0.063477
0 0.099609 0.729980 0.068359 0.018555
0 0.120117 0.827148 0.113281 0.050781
0 0.258789 0.767578 0.062500 0.027344
0 0.342285 0.787109 0.079102 0.064453
0 0.506836 0.663086 0.083984 0.033203
0 0.510254 0.712402 0.079102 0.026367
0 0.539062 0.746582 0.082031 0.026367
0 0.505371 0.781738 0.102539 0.043945
0 0.625488 0.776367 0.102539 0.046875
0 0.654297 0.653320 0.070312 0.041016
0 0.758789 0.649414 0.066406 0.054688
0 0.881348 0.574707 0.047852 0.063477
0 0.909668 0.632812 0.055664 0.082031
0 0.877930 0.655762 0.054688 0.036133
0 0.924805 0.710938 0.085938 0.044922
0 0.982910 0.685059 0.034180 0.041992
0 0.776855 0.734863 0.036133 0.038086
0 0.811035 0.765625 0.038086 0.048828
0 0.909668 0.868652 0.061523 0.043945
0 0.944336 0.919922 0.080078 0.044922
0 0.918457 0.118652 0.065430 0.047852
0 0.062988 0.303711 0.090820 0.044922
