0 0.873047 0.219238 0.105469 0.073242
0 0.521484 0.121094 0.080078 0.050781
0 0.452637 0.034668 0.059570 0.069336
0 0.262207 0.016113 0.071289 0.032227
0 0.216309 0.061523 0.090820 0.052734
0 0.038574 0.144531 0.077148 0.054688
0 0.171875 0.093262 0.080078 0.065430
0 0.214355 0.144043 0.088867 0.053711
0 0.218262 0.226074 0.116211 0.131836
0 0.137695 0.268066 0.066406 0.069336
0 0.344727 0.307129 0.119141 0.141602
0 0.297852 0.388672 0.101562 0.070312
0 0.214844 0.408691 0.072266 0.086914
0 0.523926 0.399414 0.084961 0.070312
0 0.609863 0.280273 0.061523 0.101562
0 0.502441 0.239746 0.057617 0.051758
0 0.432129 0.172852 0.055664 0.074219
0 0.347168 0.184570 0.098633 0.097656
0 0.426758 0.083496 0.064453 0.063477
0 0.946289 0.398438 0.076172 0.070312
0 0.658203 0.328125 0.126953 0.101562
0 0.835449 0.296875 0.102539 0.089844
0 0.856934 0.348633 0.067383 0.076172
0 0.812988 0.527832 0.057617 0.061523
0 0.447266 0.599609 0.185547 0.140625
0 0.043945 0.666504 0.058594 0.094727
0 0.139160 0.702148 0.106445 0.089844
0 0.140625 0.774414 0.119141 0.121094
0 0.491699 0.724121 0.079102 0.090820
0 0.278809 0.886719 0.088867 0.093750
0 0.375977 0.859375 0.080078 0.070312
0 0.271484 0.793457 0.068359 0.049805
0 0.146484 0.886230 0.097656 0.092773
0 0.560547 0.925781 0.121094 0.080078
0 0.697754 0.900879 0.135742 0.065430
0 0.821289 0.847168 0.093750 0.102539
0 0.702148 0.746094 0.085938 0.089844
0 0.648438 0.744629 0.044922 0.073242
0 0.675293 0.800293 0.059570 0.071289
0 0.628418 0.690430 0.069336 0.091797
0 0.849609 0.692871 0.074219 0.073242
0 0.946289 0.726074 0.099609 0.065430
0 0.930664 0.818848 0.080078 0.083008
0 0.756348 0.664551 0.077148 0.061523
0 0.959473 0.590332 0.081055 0.088867
0 0.601074 0.842285 0.073242 0.065430
0 0.440430 0.929688 0.058594 0.050781
0 0.197754 0.975586 0.061523 0.048828
0 0.050781 0.961914 0.058594 0.039062
0 0.018555 0.223633 0.037109 0.078125
