0 0.187012 0.130859 0.110352 0.062500
0 0.274414 0.235352 0.093750 0.066406
0 0.361328 0.274414 0.080078 0.082031
0 0.391113 0.076660 0.075195 0.084961
0 0.564941 0.103027 0.081055 0.073242
0 0.745605 0.138672 0.094727 0.144531
0 0.907227 0.052246 0.056641 0.057617
0 0.795410 0.276855 0.083008 0.077148
0 0.820801 0.196777 0.065430 0.073242
0 0.599609 0.153809 0.068359 0.055664
0 0.705078 0.355469 0.164062 0.125000
0 0.934570 0.425781 0.105469 0.123047
0 0.917969 0.281250 0.101562 0.095703
0 0.538574 0.395508 0.084961 0.083984
0 0.354492 0.508301 0.126953 0.137695
0 0.383789 0.364746 0.087891 0.075195
0 0.251465 0.764648 0.110352 0.125000
0 0.040527 0.649414 0.075195 0.105469
0 0.079102 0.764648 0.123047 0.119141
0 0.650391 0.711914 0.160156 0.109375
0 0.453613 0.880371 0.116211 0.075195
0 0.264648 0.965820 0.097656 0.068359
0 0.083984 0.893555 0.167969 0.068359
0 0.076172 0.982910 0.105469 0.034180
0 0.749023 0.934082 0.109375 0.063477
0 0.862793 0.826172 0.094727 0.072266
0 0.945312 0.759277 0.109375 0.137695
0 0.948730 0.644531 0.102539 0.142578
0 0.761230 0.974609 0.104492 0.050781
0 0.952637 0.117188 0.094727 0.126953
0 0.610840 0.811523 0.073242 0.085938
0 0.186035 0.339844 0.069336 0.054688
0 0.083984 0.243164 0.072266 0.093750
0 0.020508 0.337891 0.041016 0.042969
0 0.099609 0.040527 0.091797 0.081055
0 0.407227 0.145020 0.136719 0.096680
0 0.568848 0.262207 0.090820 0.079102
0 0.141602 0.226562 0.087891 0.064453
0 0.787109 0.420898 0.130859 0.087891
