0 0.718262 0.352539 0.108398 0.107422
0 0.583496 0.365723 0.166992 0.182617
0 0.403320 0.740723 0.162109 0.139648
0 0.268066 0.763184 0.122070 0.208008
0 0.559082 0.588379 0.211914 0.122070
0 0.761719 0.113281 0.250000 0.142578
0 0.248047 0.219727 0.132812 0.195312
0 0.102539 0.933594 0.123047 0.126953
0 0.093262 0.406738 0.122070 0.120117
0 0.082520 0.252930 0.090820 0.099609
0 0.878418 0.875488 0.208008 0.172852
0 0.644531 0.812988 0.085938 0.077148
0 0.769043 0.919922 0.143555 0.160156
0 0.269531 0.347168 0.125000 0.104492
0 0.933105 0.586426 0.110352 0.088867
0 0.311035 0.958984 0.116211 0.082031
0 0.210449 0.550781 0.092773 0.107422
0 0.908691 0.736328 0.180664 0.132812
0 0.684082 0.612793 0.086914 0.094727
0 0.647461 0.482910 0.082031 0.075195
0 0.603027 0.962402 0.086914 0.065430
