0 0.032715 0.836426 0.065430 0.063477
0 0.388672 0.888184 0.087891 0.073242
0 0.214844 0.983398 0.052734 0.033203
0 0.298340 0.912109 0.051758 0.039062
0 0.630371 0.983887 0.098633 0.032227
0 0.968262 0.895996 0.063477 0.081055
0 0.963867 0.322754 0.044922 0.049805
0 0.981934 0.430664 0.036133 0.080078
0 0.931641 0.399902 0.117188 0.104492
0 0.856445 0.333008 0.078125 0.058594
0 0.847168 0.275391 0.067383 0.074219
0 0.698242 0.348633 0.072266 0.072266
0 0.738770 0.440430 0.067383 0.080078
0 0.596191 0.512695 0.083008 0.093750
0 0.548828 0.539062 0.062500 0.060547
0 0.424805 0.449707 0.113281 0.071289
0 0.330566 0.599609 0.112305 0.085938
0 0.296875 0.504395 0.072266 0.069336
0 0.228027 0.481934 0.069336 0.077148
0 0.294922 0.326172 0.076172 0.109375
0 0.178223 0.437988 0.077148 0.084961
0 0.096191 0.441406 0.108398 0.087891
0 0.051270 0.408203 0.077148 0.060547
0 0.014160 0.377441 0.028320 0.073242
0 0.025879 0.552246 0.051758 0.075195
0 0.042480 0.102539 0.084961 0.085938
0 0.217773 0.120605 0.082031 0.075195
0 0.251953 0.061523 0.101562 0.066406
0 0.112305 0.021973 0.046875 0.040039
0 0.273926 0.009766 0.090820 0.019531
0 0.352539 0.023438 0.054688 0.046875
0 0.602051 0.023438 0.061523 0.046875
0 0.931641 0.017090 0.089844 0.034180
0 0.895996 0.051270 0.067383 0.092773
0 0.738281 0.070312 0.087891 0.064453
0 0.659180 0.095703 0.060547 0.085938
0 0.231445 0.930664 0.041016 0.046875
0 0.804199 0.093262 0.063477 0.055664
0 0.009766 0.017578 0.019531 0.035156
