0 0.855469 0.166992 0.107422 0.080078
0 0.409180 0.227051 0.115234 0.135742
0 0.968750 0.196777 0.062500 0.110352
0 0.413086 0.609375 0.087891 0.064453
0 0.821777 0.570801 0.075195 0.067383
0 0.964844 0.653320 0.070312 0.087891
0 0.889648 0.749512 0.080078 0.149414
0 0.268555 0.514648 0.197266 0.080078
0 0.433594 0.498047 0.142578 0.087891
0 0.141602 0.768066 0.080078 0.092773
0 0.785645 0.079590 0.118164 0.135742
0 0.621582 0.201660 0.084961 0.075195
0 0.795898 0.780762 0.078125 0.102539
0 0.721680 0.511719 0.089844 0.125000
0 0.666016 0.043457 0.167969 0.083008
0 0.699707 0.113281 0.075195 0.082031
0 0.126953 0.059570 0.199219 0.089844
0 0.075684 0.490723 0.118164 0.163086
0 0.484863 0.957031 0.129883 0.085938
0 0.815918 0.400879 0.067383 0.077148
0 0.576172 0.413086 0.062500 0.082031
0 0.097656 0.942383 0.089844 0.074219
0 0.347656 0.386719 0.062500 0.089844
0 0.412598 0.837891 0.071289 0.068359
0 0.680664 0.810547 0.132812 0.167969
0 0.793457 0.932129 0.055664 0.069336
0 0.910645 0.480469 0.067383 0.062500
0 0.445312 0.870605 0.062500 0.057617
0 0.332031 0.925781 0.064453 0.062500
0 0.764648 0.409668 0.060547 0.055664
0 0.936035 0.032227 0.077148 0.060547
0 0.331543 0.814941 0.059570 0.067383
0 0.398438 0.909668 0.062500 0.059570
0 0.697266 0.427246 0.080078 0.065430
0 0.515625 0.411621 0.042969 0.051758
0 0.038086 0.151855 0.072266 0.094727
0 0.020508 0.823242 0.037109 0.072266
0 0.140625 0.254395 0.207031 0.165039
0 0.111816 0.211914 0.059570 0.054688
0 0.119629 0.020508 0.094727 0.037109
0 0.976074 0.539551 0.047852 0.135742
0 0.028320 0.504395 0.052734 0.059570
0 0.726074 0.818848 0.118164 0.063477
0 0.222656 0.383301 0.072266 0.073242
0 0.121582 0.704102 0.241211 0.074219
