0 0.326172 0.134277 0.107422 0.120117
0 0.527832 0.258301 0.102539 0.122070
0 0.838867 0.904785 0.115234 0.145508
0 0.731934 0.018066 0.100586 0.036133
0 0.864746 0.329590 0.139648 0.114258
0 0.202148 0.050781 0.115234 0.101562
0 0.941895 0.138184 0.094727 0.092773
0 0.679688 0.887207 0.109375 0.145508
0 0.598145 0.396973 0.112305 0.129883
0 0.793457 0.731934 0.137695 0.149414
0 0.072754 0.392578 0.129883 0.185547
0 0.791016 0.563477 0.097656 0.087891
0 0.102051 0.625488 0.067383 0.083008
0 0.408691 0.705566 0.077148 0.059570
0 0.431641 0.518066 0.080078 0.092773
0 0.604980 0.772949 0.102539 0.102539
0 0.027344 0.627930 0.054688 0.103516
