0 0.064941 0.574219 0.110352 0.103516
0 0.018066 0.241211 0.036133 0.095703
0 0.024902 0.204590 0.049805 0.075195
0 0.291504 0.230469 0.063477 0.064453
0 0.188477 0.349121 0.074219 0.069336
0 0.293457 0.405273 0.108398 0.087891
0 0.413574 0.312988 0.081055 0.088867
0 0.416016 0.212891 0.070312 0.097656
0 0.562012 0.165039 0.131836 0.080078
0 0.592773 0.248047 0.083984 0.062500
0 0.551758 0.363281 0.078125 0.072266
0 0.624023 0.473633 0.072266 0.078125
0 0.701172 0.454102 0.097656 0.191406
0 0.774414 0.062988 0.082031 0.108398
0 0.394531 0.062988 0.068359 0.083008
0 0.208496 0.142090 0.083008 0.049805
0 0.165039 0.079590 0.062500 0.041992
0 0.029297 0.784668 0.058594 0.102539
0 0.055176 0.721191 0.110352 0.102539
0 0.186523 0.630371 0.099609 0.090820
0 0.226562 0.709961 0.113281 0.080078
0 0.299805 0.598633 0.125000 0.080078
0 0.337402 0.763184 0.122070 0.100586
0 0.945801 0.496094 0.075195 0.148438
0 0.971680 0.239746 0.056641 0.094727
0 0.242188 0.062012 0.064453 0.077148
0 0.817871 0.747559 0.110352 0.104492
0 0.711426 0.648438 0.084961 0.072266
0 0.663086 0.760742 0.091797 0.062500
0 0.590820 0.816406 0.162109 0.101562
0 0.452637 0.942871 0.108398 0.081055
0 0.391602 0.838379 0.054688 0.096680
0 0.174316 0.867676 0.084961 0.088867
0 0.165527 0.983398 0.067383 0.033203
0 0.048340 0.961426 0.096680 0.077148
0 0.256836 0.975586 0.064453 0.048828
0 0.753418 0.914062 0.083008 0.064453
0 0.754883 0.970215 0.085938 0.059570
0 0.580078 0.978516 0.097656 0.042969
0 0.077637 0.059082 0.104492 0.092773
0 0.976074 0.612793 0.047852 0.088867
0 0.665527 0.993164 0.067383 0.013672
