0 0.108398 0.686035 0.142578 0.180664
0 0.203613 0.453613 0.100586 0.071289
0 0.340820 0.521484 0.080078 0.095703
0 0.044922 0.095215 0.089844 0.122070
0 0.039062 0.026855 0.078125 0.053711
0 0.168457 0.062988 0.104492 0.075195
0 0.275879 0.185059 0.137695 0.057617
0 0.422363 0.074707 0.081055 0.092773
0 0.598145 0.255859 0.106445 0.125000
0 0.607910 0.051270 0.098633 0.102539
0 0.691406 0.031738 0.126953 0.063477
0 0.704102 0.145996 0.107422 0.094727
0 0.515625 0.119141 0.052734 0.052734
0 0.561523 0.165039 0.068359 0.048828
0 0.748535 0.255371 0.071289 0.075195
0 0.638672 0.422363 0.091797 0.065430
0 0.390137 0.444336 0.073242 0.054688
0 0.845215 0.322754 0.098633 0.081055
0 0.851074 0.248535 0.092773 0.077148
0 0.922852 0.229492 0.066406 0.119141
0 0.965332 0.284668 0.069336 0.073242
0 0.909180 0.496582 0.111328 0.114258
0 0.798340 0.465332 0.131836 0.151367
0 0.505371 0.713379 0.081055 0.135742
0 0.915039 0.787109 0.123047 0.113281
0 0.872070 0.648926 0.117188 0.090820
0 0.946289 0.705078 0.107422 0.115234
0 0.687988 0.951660 0.166992 0.096680
0 0.844727 0.920410 0.066406 0.131836
0 0.945801 0.885742 0.108398 0.197266
0 0.971680 0.017578 0.056641 0.035156
0 0.506836 0.845703 0.072266 0.072266
0 0.554199 0.670898 0.088867 0.113281
0 0.883301 0.724121 0.065430 0.061523
0 0.873535 0.599121 0.096680 0.073242
0 0.802246 0.523926 0.065430 0.106445
0 0.739746 0.847168 0.086914 0.049805
0 0.744141 0.519531 0.060547 0.095703
