0 0.060547 0.139160 0.058594 0.090820
0 0.322754 0.241699 0.073242 0.094727
0 0.154297 0.472656 0.085938 0.095703
0 0.758789 0.545898 0.083984 0.113281
0 0.674805 0.316895 0.070312 0.084961
0 0.633789 0.799316 0.062500 0.083008
0 0.009277 0.570801 0.018555 0.071289
0 0.239746 0.055176 0.084961 0.065430
0 0.098145 0.796387 0.069336 0.073242
0 0.968262 0.046387 0.049805 0.090820
0 0.644043 0.533203 0.086914 0.062500
0 0.647461 0.035156 0.060547 0.070312
0 0.520996 0.368164 0.055664 0.144531
0 0.174805 0.667969 0.062500 0.060547
0 0.891602 0.110840 0.058594 0.122070
0 0.540039 0.532227 0.056641 0.085938
0 0.815430 0.473633 0.060547 0.085938
0 0.581055 0.298828 0.044922 0.078125
0 0.048340 0.531250 0.067383 0.062500
0 0.253906 0.501953 0.072266 0.093750
0 0.013672 0.117676 0.027344 0.065430
0 0.256348 0.160156 0.038086 0.078125
0 0.377930 0.614258 0.037109 0.080078
0 0.472656 0.497559 0.050781 0.063477
0 0.081055 0.369629 0.054688 0.071289
0 0.744629 0.831543 0.053711 0.071289
0 0.925781 0.239746 0.025391 0.098633
0 0.172852 0.831055 0.027344 0.091797
0 0.144043 0.037109 0.041992 0.072266
0 0.365723 0.845215 0.057617 0.069336
0 0.919434 0.591309 0.034180 0.083008
0 0.701660 0.458984 0.038086 0.078125
0 0.509277 0.278320 0.057617 0.080078
0 0.824219 0.970703 0.035156 0.054688
0 0.014648 0.148926 0.029297 0.075195
0 0.640625 0.202148 0.050781 0.072266
0 0.297852 0.478027 0.126953 0.092773
0 0.613770 0.822266 0.036133 0.072266
0 0.604980 0.898438 0.040039 0.134766
0 0.087402 0.870605 0.061523 0.057617
0 0.866211 0.054688 0.044922 0.089844
0 0.429688 0.143555 0.041016 0.078125
0 0.419434 0.143555 0.040039 0.080078
0 0.730957 0.773926 0.051758 0.084961
0 0.946777 0.866699 0.028320 0.086914
0 0.745117 0.967285 0.033203 0.053711
0 0.583496 0.724121 0.053711 0.045898
0 0.227051 0.613281 0.051758 0.054688
0 0.600098 0.163086 0.043945 0.062500
0 0.017578 0.086426 0.035156 0.061523
0 0.469238 0.950195 0.051758 0.044922
0 0.559570 0.906250 0.060547 0.035156
0 0.974609 0.921387 0.041016 0.081055
0 0.731934 0.195801 0.043945 0.065430
0 0.616211 0.419434 0.025391 0.077148
0 0.813965 0.527344 0.026367 0.093750
0 0.882324 0.595703 0.041992 0.058594
0 0.851074 0.534668 0.051758 0.065430
0 0.277344 0.869141 0.031250 0.072266
0 0.935059 0.945801 0.030273 0.047852
0 0.304688 0.490723 0.068359 0.118164
0 0.383301 0.171387 0.075195 0.067383
0 0.325195 0.869629 0.046875 0.051758
0 0.190430 0.940430 0.076172 0.044922
0 0.015137 0.882324 0.030273 0.047852
0 0.576172 0.797363 0.025391 0.065430
0 0.734863 0.628418 0.057617 0.043945
0 0.803711 0.555664 0.029297 0.052734
0 0.331543 0.483398 0.059570 0.087891
0 0.620117 0.480469 0.046875 0.076172
0 0.286133 0.871094 0.031250 0.076172
0 0.847656 0.074219 0.042969 0.060547
0 0.765137 0.315430 0.053711 0.027344
0 0.456055 0.931641 0.087891 0.078125
0 0.344727 0.988770 0.042969 0.022461
0 0.993652 0.532715 0.012695 0.077148
