0 0.050293 0.762207 0.084961 0.092773
0 0.204590 0.629395 0.120117 0.120117
0 0.179688 0.545898 0.066406 0.072266
0 0.107422 0.373047 0.050781 0.052734
0 0.092285 0.268555 0.088867 0.103516
0 0.204102 0.251465 0.136719 0.090820
0 0.264160 0.171875 0.051758 0.070312
0 0.226074 0.410645 0.192383 0.096680
0 0.201660 0.475586 0.092773 0.056641
0 0.231934 0.771484 0.069336 0.091797
0 0.122559 0.940430 0.073242 0.074219
0 0.190918 0.950195 0.057617 0.058594
0 0.429688 0.967773 0.078125 0.064453
0 0.512207 0.942871 0.135742 0.114258
0 0.290527 0.893066 0.073242 0.104492
0 0.323730 0.760742 0.104492 0.062500
0 0.383301 0.645020 0.086914 0.104492
0 0.584473 0.779785 0.178711 0.157227
0 0.443848 0.776855 0.086914 0.120117
0 0.472656 0.858398 0.054688 0.089844
0 0.541504 0.872070 0.059570 0.064453
0 0.340332 0.302734 0.125977 0.066406
0 0.590820 0.199219 0.240234 0.140625
0 0.669922 0.246582 0.105469 0.102539
0 0.854004 0.509766 0.065430 0.062500
0 0.915039 0.639160 0.119141 0.084961
0 0.770996 0.821777 0.090820 0.049805
0 0.744629 0.881836 0.098633 0.054688
0 0.901367 0.813965 0.044922 0.069336
0 0.967285 0.823730 0.065430 0.125977
0 0.865723 0.985840 0.114258 0.028320
0 0.972656 0.987793 0.054688 0.024414
