0 0.212891 0.253418 0.068359 0.170898
0 0.189941 0.310059 0.051758 0.086914
0 0.087891 0.255859 0.095703 0.066406
0 0.040039 0.108887 0.080078 0.174805
0 0.142578 0.022949 0.103516 0.045898
0 0.022949 0.393555 0.045898 0.074219
0 0.525879 0.031738 0.084961 0.063477
0 0.602539 0.271484 0.062500 0.078125
0 0.707031 0.268555 0.072266 0.076172
0 0.886230 0.185547 0.063477 0.074219
0 0.812988 0.170898 0.081055 0.064453
0 0.922852 0.245117 0.082031 0.156250
0 0.818848 0.354492 0.069336 0.072266
0 0.742188 0.408203 0.074219 0.080078
0 0.650879 0.444336 0.092773 0.095703
0 0.880371 0.423340 0.084961 0.071289
0 0.957520 0.354004 0.084961 0.086914
0 0.045410 0.843262 0.090820 0.063477
0 0.166504 0.857422 0.081055 0.060547
0 0.394043 0.743652 0.125977 0.137695
0 0.342285 0.821777 0.051758 0.055664
0 0.430664 0.812988 0.058594 0.051758
0 0.567383 0.757812 0.126953 0.201172
0 0.853027 0.829590 0.153320 0.125977
0 0.912598 0.771973 0.065430 0.077148
0 0.837402 0.930176 0.069336 0.079102
0 0.943359 0.917969 0.054688 0.097656
0 0.630371 0.779785 0.079102 0.065430
0 0.450684 0.953613 0.077148 0.092773
0 0.352051 0.963867 0.061523 0.072266
0 0.210449 0.974609 0.137695 0.050781
0 0.026855 0.947754 0.053711 0.104492
0 0.700195 0.340332 0.068359 0.053711
0 0.678223 0.841309 0.055664 0.043945
0 0.269043 0.350098 0.073242 0.051758
0 0.111816 0.357422 0.073242 0.072266
0 0.059570 0.576660 0.039062 0.041992
0 0.247070 0.836914 0.046875 0.044922
