0 0.425781 0.386719 0.136719 0.115234
0 0.041016 0.630859 0.082031 0.105469
0 0.650879 0.586914 0.131836 0.099609
0 0.048340 0.364746 0.096680 0.094727
0 0.519531 0.217773 0.150391 0.111328
0 0.439453 0.576660 0.095703 0.143555
0 0.032227 0.892090 0.062500 0.104492
0 0.304688 0.270996 0.105469 0.102539
0 0.139160 0.814941 0.112305 0.084961
0 0.208008 0.598633 0.115234 0.087891
0 0.174805 0.129395 0.089844 0.092773
0 0.579590 0.718750 0.133789 0.093750
0 0.945801 0.823242 0.104492 0.089844
0 0.856934 0.534668 0.165039 0.120117
0 0.555664 0.534668 0.126953 0.104492
0 0.388184 0.658691 0.083008 0.067383
0 0.481934 0.922363 0.094727 0.084961
0 0.779297 0.793457 0.160156 0.147461
0 0.938965 0.689453 0.102539 0.072266
0 0.957520 0.343262 0.084961 0.102539
0 0.778320 0.722168 0.152344 0.129883
0 0.951660 0.974609 0.092773 0.050781
0 0.651855 0.708496 0.143555 0.120117
