0 0.666992 0.880371 0.119141 0.083008
0 0.166992 0.275391 0.095703 0.097656
0 0.323242 0.409180 0.115234 0.097656
0 0.828125 0.468262 0.115234 0.110352
0 0.687012 0.337402 0.122070 0.145508
0 0.213867 0.068359 0.107422 0.099609
0 0.824707 0.783203 0.110352 0.080078
0 0.075195 0.482422 0.105469 0.089844
0 0.089355 0.660156 0.102539 0.091797
0 0.950195 0.579590 0.099609 0.110352
0 0.202148 0.864258 0.179688 0.115234
0 0.453613 0.882812 0.209961 0.105469
0 0.847656 0.374512 0.144531 0.104492
0 0.875977 0.250488 0.126953 0.102539
0 0.790527 0.669434 0.204102 0.110352
0 0.328613 0.284668 0.182617 0.129883
0 0.170898 0.722168 0.123047 0.077148
0 0.303223 0.173340 0.182617 0.131836
0 0.428223 0.101562 0.114258 0.080078
0 0.118652 0.227539 0.067383 0.070312
0 0.745605 0.438965 0.110352 0.069336
0 0.209961 0.684082 0.078125 0.049805
0 0.401367 0.042480 0.117188 0.081055
0 0.052734 0.020996 0.095703 0.038086
