0 0.143555 0.881348 0.113281 0.157227
0 0.255371 0.852539 0.124023 0.126953
0 0.033203 0.556152 0.066406 0.053711
0 0.165527 0.562012 0.055664 0.081055
0 0.258301 0.488281 0.094727 0.082031
0 0.255371 0.297363 0.088867 0.075195
0 0.030762 0.305664 0.061523 0.052734
0 0.442383 0.186523 0.076172 0.054688
0 0.427734 0.137695 0.091797 0.066406
0 0.577637 0.029297 0.084961 0.058594
0 0.521484 0.243164 0.117188 0.062500
0 0.607910 0.143555 0.094727 0.070312
0 0.654297 0.278809 0.105469 0.088867
0 0.795410 0.306152 0.081055 0.071289
0 0.968262 0.105957 0.063477 0.079102
0 0.791992 0.138184 0.066406 0.071289
0 0.772949 0.044922 0.049805 0.089844
0 0.813477 0.036133 0.052734 0.072266
0 0.448242 0.346680 0.093750 0.080078
0 0.347656 0.401855 0.046875 0.051758
0 0.400879 0.485840 0.073242 0.077148
0 0.606445 0.539551 0.068359 0.102539
0 0.600098 0.461426 0.069336 0.063477
0 0.686035 0.421387 0.081055 0.075195
0 0.723145 0.375977 0.106445 0.083984
0 0.817871 0.590820 0.081055 0.050781
0 0.916016 0.675781 0.093750 0.076172
0 0.791504 0.734863 0.059570 0.063477
0 0.619629 0.703613 0.079102 0.065430
0 0.550781 0.712891 0.085938 0.076172
0 0.358887 0.645508 0.104492 0.066406
0 0.365234 0.748047 0.072266 0.074219
0 0.558105 0.875000 0.102539 0.093750
0 0.779297 0.830078 0.109375 0.076172
0 0.974121 0.782715 0.051758 0.063477
0 0.328125 0.846680 0.066406 0.050781
0 0.590332 0.622070 0.067383 0.046875
0 0.403320 0.406738 0.062500 0.067383
0 0.764160 0.651367 0.079102 0.041016
0 0.173340 0.751953 0.047852 0.033203
