0 0.307129 0.288574 0.057617 0.098633
0 0.639648 0.815430 0.072266 0.082031
0 0.879980 0.566406 0.057617 0.110352
0 0.480469 0.852051 0.050781 0.102539
0 0.125977 0.309082 0.064453 0.061523
0 0.100098 0.229980 0.110352 0.063477
0 0.589844 0.643555 0.052734 0.113281
0 0.629883 0.318848 0.029297 0.088867
0 0.824707 0.828613 0.040039 0.083008
0 0.853027 0.058105 0.040039 0.090820
0 0.504883 0.092285 0.042969 0.094727
0 0.017578 0.962402 0.035156 0.075195
0 0.904785 0.372070 0.038086 0.062500
0 0.932617 0.928223 0.042969 0.116211
0 0.426270 0.494141 0.032227 0.107422
0 0.848633 0.190430 0.025391 0.087891
0 0.894043 0.518555 0.038086 0.082031
0 0.075195 0.618164 0.037109 0.089844
0 0.587891 0.147461 0.046875 0.089844
0 0.311523 0.513672 0.089844 0.117188
0 0.911133 0.329102 0.029297 0.087891
0 0.914062 0.115723 0.056641 0.069336
0 0.711426 0.971680 0.034180 0.056641
0 0.422852 0.725098 0.062500 0.053711
0 0.253418 0.929688 0.073242 0.039062
0 0.682129 0.620605 0.067383 0.124023
0 0.318848 0.768555 0.063477 0.046875
0 0.348633 0.979980 0.054688 0.036133
0 0.391602 0.345215 0.027344 0.081055
0 0.256348 0.328125 0.086914 0.103516
0 0.740723 0.598633 0.047852 0.070312
0 0.550293 0.077637 0.041992 0.086914
0 0.913086 0.571289 0.025391 0.064453
0 0.716309 0.552246 0.028320 0.081055
0 0.537598 0.536621 0.075195 0.051758
0 0.120117 0.672363 0.083984 0.100586
0 0.555664 0.141113 0.033203 0.086914
0 0.395508 0.553711 0.052734 0.039062
0 0.604492 0.250000 0.029297 0.058594
0 0.209961 0.654297 0.058594 0.058594
0 0.227051 0.028320 0.057617 0.054688
0 0.904785 0.050293 0.040039 0.063477
0 0.778320 0.349072 0.116992 0.047754
0 0.239258 0.711426 0.064453 0.040039
0 0.428711 0.327148 0.056641 0.101562
0 0.975586 0.846191 0.027344 0.059570
0 0.348145 0.713867 0.045898 0.066406
0 0.584961 0.973633 0.035156 0.052734
0 0.948242 0.140137 0.027344 0.053711
0 0.956055 0.860352 0.031250 0.078125
0 0.665527 0.238281 0.038086 0.080078
0 0.707031 0.903320 0.033203 0.044922
0 0.135742 0.113770 0.070312 0.057617
0 0.795898 0.780273 0.046875 0.062500
0 0.969727 0.855957 0.033203 0.069336
0 0.077148 0.974121 0.033203 0.038086
0 0.400391 0.213867 0.064453 0.054688
0 0.754883 0.681641 0.042969 0.041016
0 0.984375 0.706543 0.031250 0.045898
0 0.517090 0.680176 0.075195 0.043945
0 0.522461 0.613281 0.041016 0.062500
0 0.297363 0.502930 0.067383 0.132812
