0 0.296875 0.191895 0.082031 0.057617
0 0.233887 0.247559 0.077148 0.057617
0 0.104980 0.139160 0.073242 0.071289
0 0.171875 0.062988 0.113281 0.081055
0 0.438965 0.316895 0.075195 0.061523
0 0.540039 0.326660 0.076172 0.069336
0 0.543945 0.259277 0.080078 0.069336
0 0.507324 0.084473 0.049805 0.084961
0 0.570801 0.130371 0.081055 0.084961
0 0.744629 0.153320 0.098633 0.080078
0 0.766602 0.032715 0.097656 0.065430
0 0.951172 0.157227 0.091797 0.099609
0 0.926758 0.261230 0.099609 0.088867
0 0.857910 0.209961 0.079102 0.070312
0 0.989258 0.430176 0.021484 0.077148
0 0.857910 0.347168 0.067383 0.077148
0 0.755371 0.280273 0.088867 0.080078
0 0.637207 0.589355 0.086914 0.071289
0 0.588867 0.639648 0.113281 0.083984
0 0.393066 0.505371 0.094727 0.073242
0 0.309082 0.501465 0.065430 0.069336
0 0.458496 0.495605 0.055664 0.084961
0 0.173340 0.492676 0.083008 0.098633
0 0.199707 0.384277 0.108398 0.084961
0 0.102539 0.377441 0.113281 0.071289
0 0.079102 0.592773 0.105469 0.082031
0 0.334961 0.653320 0.109375 0.087891
0 0.861328 0.521484 0.111328 0.074219
0 0.893555 0.625488 0.080078 0.116211
0 0.978516 0.695801 0.042969 0.108398
0 0.907715 0.782715 0.071289 0.075195
0 0.845703 0.734375 0.091797 0.083984
0 0.699707 0.775879 0.100586 0.075195
0 0.391113 0.824707 0.067383 0.049805
0 0.101562 0.927734 0.119141 0.125000
0 0.652344 0.969238 0.097656 0.061523
0 0.777832 0.963379 0.075195 0.073242
0 0.911133 0.918945 0.058594 0.080078
0 0.991211 0.933105 0.017578 0.055664
0 0.650391 0.310059 0.066406 0.071289
0 0.980469 0.336426 0.039062 0.061523
0 0.030273 0.140625 0.060547 0.082031
0 0.037109 0.273926 0.074219 0.040039
0 0.458008 0.039551 0.052734 0.079102
0 0.967773 0.784180 0.064453 0.060547
