0 0.163574 0.975098 0.053711 0.047852
0 0.018066 0.898438 0.036133 0.074219
0 0.229980 0.889160 0.065430 0.081055
0 0.208984 0.807617 0.089844 0.089844
0 0.073242 0.764648 0.074219 0.087891
0 0.262207 0.727051 0.055664 0.090820
0 0.378418 0.827148 0.061523 0.083984
0 0.104004 0.624023 0.057617 0.091797
0 0.187988 0.670410 0.067383 0.081055
0 0.021484 0.371094 0.042969 0.085938
0 0.147949 0.443848 0.098633 0.063477
0 0.293457 0.408203 0.065430 0.056641
0 0.216797 0.250977 0.066406 0.115234
0 0.089844 0.224609 0.070312 0.115234
0 0.139648 0.116211 0.080078 0.095703
0 0.257324 0.050293 0.104492 0.063477
0 0.415039 0.109375 0.068359 0.058594
0 0.507812 0.119629 0.107422 0.065430
0 0.426270 0.213867 0.057617 0.097656
0 0.500000 0.278809 0.062500 0.129883
0 0.810059 0.195801 0.075195 0.110352
0 0.644043 0.355957 0.040039 0.083008
0 0.676270 0.399414 0.065430 0.050781
0 0.406250 0.513672 0.082031 0.058594
0 0.284668 0.553711 0.079102 0.062500
0 0.345215 0.551270 0.106445 0.084961
0 0.532715 0.548340 0.053711 0.053711
0 0.633301 0.499023 0.098633 0.062500
0 0.738770 0.564453 0.098633 0.074219
0 0.461426 0.742676 0.094727 0.073242
0 0.477051 0.830078 0.075195 0.080078
0 0.544434 0.893555 0.077148 0.066406
0 0.596680 0.747070 0.126953 0.091797
0 0.633789 0.662109 0.056641 0.080078
0 0.891602 0.837891 0.093750 0.070312
0 0.732422 0.770996 0.072266 0.065430
0 0.909668 0.607422 0.073242 0.064453
0 0.895996 0.522461 0.094727 0.074219
0 0.850586 0.428711 0.105469 0.072266
0 0.850098 0.302734 0.135742 0.101562
0 0.916016 0.147949 0.103516 0.141602
0 0.962402 0.408203 0.075195 0.076172
0 0.979980 0.898926 0.040039 0.065430
0 0.884766 0.964355 0.091797 0.071289
0 0.765137 0.968750 0.071289 0.062500
0 0.055664 0.680176 0.052734 0.061523
0 0.540039 0.231445 0.052734 0.082031
0 0.823242 0.013672 0.087891 0.027344
0 0.739746 0.020996 0.090820 0.036133
0 0.705078 0.014648 0.078125 0.029297
0 0.435059 0.030273 0.043945 0.039062
0 0.441895 0.062988 0.043945 0.040039
0 0.281250 0.007324 0.037109 0.014648
0 0.244141 0.015137 0.054688 0.030273
0 0.683105 0.631836 0.055664 0.046875
0 0.619141 0.119141 0.054688 0.042969
0 0.612305 0.448242 0.056641 0.041016
0 0.503418 0.514648 0.073242 0.058594
0 0.416992 0.604004 0.048828 0.063477
0 0.178223 0.360840 0.059570 0.067383
0 0.035156 0.825195 0.044922 0.052734
0 0.176758 0.841797 0.060547 0.066406
0 0.689453 0.989258 0.050781 0.021484
0 0.220215 0.724121 0.059570 0.071289
