0 0.240234 0.138672 0.082031 0.101562
0 0.098145 0.066406 0.051758 0.080078
0 0.035645 0.488770 0.059570 0.110352
0 0.090332 0.553223 0.071289 0.077148
0 0.178711 0.425781 0.082031 0.062500
0 0.236328 0.492188 0.072266 0.082031
0 0.303223 0.473145 0.073242 0.094727
0 0.303223 0.375488 0.081055 0.086914
0 0.362793 0.401855 0.055664 0.077148
0 0.110352 0.199707 0.089844 0.022461
0 0.320312 0.078125 0.066406 0.085938
0 0.344238 0.168457 0.075195 0.090820
0 0.471191 0.128906 0.061523 0.056641
0 0.420410 0.048828 0.084961 0.097656
0 0.632812 0.165527 0.076172 0.079102
0 0.691895 0.166504 0.043945 0.094727
0 0.689453 0.089844 0.042969 0.054688
0 0.776855 0.108887 0.065430 0.057617
0 0.746582 0.168945 0.069336 0.078125
0 0.785645 0.273438 0.083008 0.093750
0 0.829590 0.353027 0.077148 0.131836
0 0.784180 0.541992 0.093750 0.091797
0 0.864746 0.437500 0.051758 0.060547
0 0.945801 0.349609 0.065430 0.123047
0 0.873535 0.196777 0.049805 0.063477
0 0.867676 0.094238 0.071289 0.088867
0 0.414062 0.559082 0.070312 0.069336
0 0.563965 0.548340 0.053711 0.083008
0 0.611328 0.495605 0.068359 0.092773
0 0.647461 0.506348 0.068359 0.071289
0 0.874512 0.653320 0.057617 0.066406
0 0.794922 0.712891 0.085938 0.076172
0 0.740723 0.764648 0.051758 0.054688
0 0.658203 0.790527 0.078125 0.065430
0 0.506348 0.692383 0.057617 0.066406
0 0.432617 0.670410 0.076172 0.069336
0 0.338867 0.707031 0.074219 0.058594
0 0.348145 0.769043 0.079102 0.069336
0 0.133789 0.805664 0.076172 0.050781
0 0.216797 0.861328 0.060547 0.058594
0 0.350586 0.945312 0.072266 0.109375
0 0.424316 0.963379 0.061523 0.073242
0 0.553223 0.963379 0.065430 0.071289
0 0.610352 0.923340 0.068359 0.065430
0 0.735840 0.889648 0.069336 0.064453
0 0.897461 0.861816 0.056641 0.090820
0 0.948242 0.893555 0.089844 0.080078
0 0.849121 0.932617 0.073242 0.076172
0 0.940918 0.744141 0.057617 0.072266
0 0.691406 0.968262 0.082031 0.063477
0 0.916504 0.977539 0.120117 0.044922
0 0.034668 0.965332 0.055664 0.069336
0 0.110352 0.457520 0.074219 0.124023
0 0.545898 0.341309 0.068359 0.075195
0 0.593750 0.633789 0.058594 0.066406
0 0.268066 0.676270 0.081055 0.053711
0 0.717285 0.840332 0.057617 0.049805
0 0.650879 0.273926 0.083008 0.040039
0 0.918945 0.148438 0.058594 0.056641
0 0.521973 0.581055 0.055664 0.062500
0 0.188965 0.587891 0.041992 0.046875
