0 0.853027 0.830566 0.077148 0.102539
0 0.712402 0.159668 0.086914 0.069336
0 0.926270 0.404785 0.045898 0.084961
0 0.492188 0.641113 0.093750 0.065430
0 0.418457 0.396484 0.141602 0.083984
0 0.350586 0.624512 0.076172 0.057617
0 0.301758 0.793945 0.070312 0.054688
0 0.130859 0.554199 0.074219 0.071289
0 0.581543 0.254883 0.104492 0.060547
0 0.317871 0.436523 0.083008 0.054688
0 0.297363 0.327637 0.071289 0.055664
0 0.655273 0.073730 0.072266 0.059570
0 0.130371 0.896484 0.077148 0.054688
0 0.708008 0.643066 0.078125 0.049805
0 0.525879 0.501953 0.090820 0.072266
0 0.543945 0.205078 0.091797 0.044922
0 0.725098 0.232910 0.084961 0.090820
0 0.509766 0.148926 0.068359 0.045898
0 0.664551 0.388184 0.069336 0.051758
0 0.907227 0.592285 0.080078 0.041992
0 0.907227 0.294922 0.146484 0.041016
0 0.486328 0.078125 0.101562 0.042969
0 0.856934 0.983398 0.098633 0.029297
0 0.742188 0.572266 0.089844 0.027344
0 0.059570 0.267578 0.074219 0.035156
0 0.250977 0.604492 0.089844 0.041016
0 0.024414 0.017578 0.048828 0.033203
0 0.957520 0.694824 0.084961 0.036133
0 0.256836 0.876465 0.066406 0.040039
0 0.739258 0.696777 0.033203 0.083008
0 0.376465 0.086426 0.069336 0.024414
0 0.860352 0.446289 0.070312 0.074219
0 0.348633 0.895508 0.066406 0.031250
0 0.298828 0.042480 0.078125 0.026367
0 0.520996 0.466309 0.084961 0.032227
0 0.153809 0.658691 0.086914 0.030273
0 0.492188 0.015137 0.064453 0.030273
0 0.642090 0.938965 0.075195 0.038086
0 0.449219 0.563477 0.068359 0.031250
0 0.028320 0.205566 0.054688 0.045898
0 0.094727 0.200684 0.119141 0.112305
0 0.575195 0.180176 0.076172 0.028320
0 0.978027 0.421387 0.043945 0.081055
0 0.140137 0.441895 0.079102 0.026367
0 0.810059 0.464844 0.098633 0.035156
0 0.411133 0.913574 0.070312 0.022461
0 0.605957 0.888184 0.084961 0.028320
0 0.422363 0.949707 0.084961 0.028320
0 0.803223 0.615723 0.084961 0.028320
0 0.511719 0.692871 0.093750 0.020508
0 0.965820 0.328125 0.068359 0.023438
0 0.782715 0.292969 0.161133 0.058594
0 0.278320 0.982422 0.103516 0.035156
0 0.204102 0.978027 0.062500 0.034180
0 0.059570 0.749023 0.115234 0.035156
0 0.065430 0.953613 0.130859 0.063477
0 0.033203 0.390625 0.066406 0.025391
0 0.655762 0.976074 0.055664 0.043945
0 0.035156 0.879883 0.070312 0.033203
0 0.961914 0.764648 0.054688 0.031250
0 0.550684 0.552197 0.113086 0.029590
0 0.022949 0.246094 0.043945 0.044922
0 0.390137 0.596680 0.049805 0.021484
0 0.088379 0.114746 0.049805 0.028320
0 0.484863 0.930664 0.077148 0.019531
0 0.375488 0.747559 0.069336 0.026367
0 0.059082 0.773438 0.088867 0.019531
0 0.931641 0.017090 0.042969 0.032227
0 0.876465 0.480957 0.077148 0.069336
0 0.076172 0.173828 0.093750 0.072266
0 0.566895 0.957520 0.063477 0.016602
0 0.033691 0.169922 0.065430 0.058594
0 0.032227 0.365723 0.064453 0.022461
0 0.204102 0.772949 0.078125 0.032227
0 0.522949 0.013672 0.036133 0.027344
0 0.158203 0.937012 0.070312 0.032227
0 0.355957 0.744141 0.075195 0.068359
