0 0.248047 0.362305 0.132812 0.070312
0 0.416992 0.073242 0.066406 0.091797
0 0.634766 0.027344 0.080078 0.054688
0 0.882324 0.582031 0.094727 0.074219
0 0.578125 0.690918 0.087891 0.137695
0 0.526367 0.040527 0.066406 0.081055
0 0.613281 0.324707 0.097656 0.104492
0 0.534668 0.485352 0.084961 0.062500
0 0.492188 0.290527 0.179688 0.127930
0 0.170898 0.163574 0.052734 0.057617
0 0.069336 0.855957 0.099609 0.112305
0 0.071777 0.324219 0.110352 0.089844
0 0.375977 0.579590 0.087891 0.145508
0 0.619629 0.134766 0.149414 0.160156
0 0.754395 0.168457 0.120117 0.122070
0 0.352051 0.033203 0.067383 0.066406
0 0.110352 0.018555 0.142578 0.037109
0 0.517090 0.429688 0.069336 0.054688
0 0.807129 0.738281 0.135742 0.087891
0 0.095703 0.497070 0.062500 0.074219
0 0.694336 0.448242 0.070312 0.126953
0 0.303223 0.052246 0.067383 0.104492
0 0.876953 0.488281 0.060547 0.068359
0 0.215820 0.642090 0.078125 0.135742
0 0.617188 0.913086 0.089844 0.126953
0 0.179688 0.799805 0.150391 0.195312
0 0.225586 0.222168 0.062500 0.049805
0 0.162109 0.071777 0.054688 0.075195
0 0.954590 0.669434 0.090820 0.059570
0 0.302246 0.803223 0.059570 0.221680
0 0.590820 0.439453 0.056641 0.080078
0 0.413086 0.949707 0.072266 0.100586
0 0.088379 0.096680 0.086914 0.080078
0 0.208496 0.519531 0.137695 0.130859
0 0.274902 0.767090 0.084961 0.069336
0 0.958496 0.289551 0.083008 0.170898
0 0.979980 0.929688 0.040039 0.089844
0 0.037109 0.099609 0.070312 0.169922
0 0.030762 0.631836 0.057617 0.105469
0 0.788086 0.900879 0.072266 0.147461
0 0.599609 0.793457 0.089844 0.077148
0 0.871094 0.657227 0.072266 0.214844
0 0.862305 0.189453 0.099609 0.070312
0 0.745605 0.449219 0.083008 0.054688
0 0.264160 0.537109 0.120117 0.070312
0 0.769531 0.043457 0.099609 0.086914
0 0.751953 0.403320 0.070312 0.097656
0 0.694824 0.815430 0.254883 0.097656
0 0.084473 0.974609 0.084961 0.050781
0 0.469238 0.119629 0.094727 0.065430
0 0.221680 0.938477 0.105469 0.123047
0 0.093262 0.187012 0.108398 0.079102
0 0.499512 0.339844 0.075195 0.089844
0 0.125977 0.589355 0.052734 0.084961
0 0.187988 0.731934 0.047852 0.104492
0 0.352051 0.809570 0.065430 0.244141
0 0.739258 0.974609 0.089844 0.050781
0 0.602051 0.982422 0.090820 0.035156
0 0.557129 0.827148 0.049805 0.109375
0 0.650879 0.874512 0.073242 0.075195
