0 0.027344 0.827148 0.054688 0.072266
0 0.099609 0.641113 0.078125 0.079102
0 0.125488 0.720215 0.075195 0.122070
0 0.022461 0.273926 0.044922 0.069336
0 0.255859 0.185547 0.076172 0.080078
0 0.298340 0.254883 0.075195 0.070312
0 0.430664 0.216309 0.072266 0.079102
0 0.581543 0.104492 0.122070 0.062500
0 0.688965 0.047363 0.061523 0.094727
0 0.653320 0.211426 0.066406 0.071289
0 0.676758 0.291016 0.068359 0.146484
0 0.743164 0.585449 0.138672 0.075195
0 0.470703 0.823242 0.083984 0.078125
0 0.632324 0.767090 0.100586 0.122070
0 0.493652 0.895020 0.157227 0.090820
0 0.622559 0.939941 0.077148 0.069336
0 0.763672 0.821289 0.072266 0.082031
0 0.842285 0.872559 0.077148 0.069336
0 0.879883 0.698242 0.072266 0.068359
0 0.853516 0.162598 0.093750 0.092773
0 0.959473 0.161133 0.071289 0.062500
0 0.968750 0.096191 0.062500 0.059570
0 0.869141 0.038086 0.083984 0.076172
0 0.966309 0.370605 0.067383 0.153320
0 0.149902 0.735352 0.061523 0.089844
0 0.014160 0.747070 0.028320 0.074219
