0 0.618164 0.398438 0.050781 0.105469
0 0.689453 0.414551 0.076172 0.073242
0 0.050293 0.746094 0.077148 0.080078
0 0.564941 0.225098 0.063477 0.094727
0 0.143555 0.665039 0.107422 0.050781
0 0.129395 0.512695 0.081055 0.093750
0 0.212891 0.430664 0.074219 0.070312
0 0.217285 0.212402 0.079102 0.088867
0 0.899414 0.326172 0.074219 0.064453
0 0.879883 0.458496 0.076172 0.094727
0 0.258301 0.761719 0.077148 0.070312
0 0.730469 0.347656 0.076172 0.058594
0 0.018555 0.904297 0.037109 0.080078
0 0.388184 0.189941 0.051758 0.083008
0 0.659180 0.230957 0.109375 0.051758
0 0.493164 0.026367 0.076172 0.052734
0 0.017578 0.741211 0.035156 0.046875
0 0.873535 0.241211 0.067383 0.068359
0 0.565918 0.868652 0.077148 0.047852
0 0.643066 0.040527 0.065430 0.055664
0 0.457520 0.872559 0.106445 0.038086
0 0.232422 0.769531 0.076172 0.074219
0 0.173828 0.325684 0.087891 0.071289
0 0.156250 0.909180 0.097656 0.037109
0 0.671875 0.867676 0.054688 0.084961
0 0.234375 0.502441 0.035156 0.090820
0 0.867188 0.361328 0.037109 0.083984
0 0.364746 0.210449 0.077148 0.043945
0 0.949219 0.596680 0.070312 0.042969
0 0.588867 0.525879 0.031250 0.098633
0 0.222656 0.012207 0.060547 0.024414
0 0.822266 0.108887 0.072266 0.047852
0 0.866211 0.099609 0.064453 0.066406
0 0.771484 0.979004 0.052734 0.041992
0 0.362305 0.293457 0.125000 0.047852
0 0.357910 0.377930 0.061523 0.050781
0 0.197266 0.855957 0.048828 0.083008
0 0.352051 0.041016 0.100586 0.082031
0 0.616211 0.617188 0.097656 0.033203
0 0.470703 0.562500 0.089844 0.058594
0 0.284668 0.564453 0.090820 0.070312
0 0.694824 0.295898 0.063477 0.083984
0 0.100098 0.851562 0.102539 0.074219
0 0.668457 0.579590 0.073242 0.067383
0 0.810059 0.632812 0.061523 0.037109
0 0.829102 0.532715 0.044922 0.127930
0 0.390625 0.499023 0.091797 0.078125
0 0.979980 0.303711 0.036133 0.074219
0 0.395508 0.890625 0.060547 0.029297
0 0.883789 0.874023 0.154297 0.162109
0 0.425781 0.955078 0.046875 0.076172
0 0.162109 0.153809 0.082031 0.051758
0 0.160156 0.837891 0.037109 0.074219
0 0.327148 0.705078 0.064453 0.035156
0 0.932129 0.989258 0.049805 0.021484
0 0.579102 0.019043 0.033203 0.038086
0 0.669434 0.339844 0.063477 0.044922
0 0.628418 0.821777 0.110352 0.043945
0 0.516113 0.968750 0.061523 0.046875
0 0.696777 0.980469 0.053711 0.039062
0 0.404297 0.918945 0.052734 0.027344
0 0.980469 0.707520 0.039062 0.032227
0 0.539062 0.800293 0.058594 0.043945
0 0.896484 0.013184 0.037109 0.026367
0 0.243652 0.271484 0.055664 0.078125
0 0.069824 0.516602 0.040039 0.037109
0 0.663086 0.915527 0.039062 0.053711
0 0.288574 0.979492 0.149414 0.041016
