0 0.509277 0.791992 0.094727 0.115234
0 0.604004 0.298340 0.120117 0.112305
0 0.477051 0.195801 0.137695 0.096680
0 0.158691 0.794434 0.122070 0.112305
0 0.589355 0.413086 0.129883 0.107422
0 0.291992 0.850098 0.132812 0.114258
0 0.352051 0.756836 0.094727 0.105469
0 0.253906 0.192383 0.123047 0.156250
0 0.348145 0.375488 0.102539 0.102539
0 0.218262 0.498535 0.092773 0.122070
0 0.447266 0.414551 0.099609 0.075195
0 0.922363 0.560059 0.129883 0.202148
0 0.850586 0.214844 0.117188 0.134766
0 0.165527 0.310547 0.077148 0.091797
0 0.563965 0.028320 0.096680 0.056641
0 0.937012 0.041016 0.124023 0.082031
0 0.309570 0.483398 0.099609 0.087891
0 0.549805 0.099121 0.115234 0.106445
0 0.159180 0.946777 0.107422 0.104492
0 0.571289 0.941406 0.150391 0.117188
0 0.184570 0.230957 0.070312 0.067383
0 0.437988 0.594238 0.125977 0.094727
0 0.941895 0.171875 0.104492 0.109375
0 0.947266 0.941406 0.105469 0.093750
0 0.964355 0.712402 0.071289 0.086914
0 0.414551 0.479980 0.090820 0.071289
