0 0.379395 0.449707 0.200195 0.145508
0 0.333496 0.708496 0.137695 0.067383
0 0.754883 0.534180 0.240234 0.089844
0 0.562012 0.602051 0.139648 0.065430
0 0.712891 0.104492 0.152344 0.140625
0 0.292969 0.366699 0.150391 0.122070
0 0.164551 0.641113 0.159180 0.067383
0 0.590820 0.500488 0.152344 0.067383
0 0.101074 0.429688 0.137695 0.099609
0 0.093262 0.195801 0.108398 0.112305
0 0.804688 0.679688 0.275391 0.089844
0 0.178223 0.977539 0.200195 0.044922
0 0.290039 0.334961 0.142578 0.058594
0 0.249512 0.796875 0.180664 0.064453
0 0.244141 0.012207 0.226562 0.024414
0 0.881836 0.410156 0.236328 0.103516
0 0.191895 0.841797 0.194336 0.089844
0 0.834473 0.218262 0.110352 0.127930
0 0.728027 0.228516 0.157227 0.082031
0 0.610840 0.750977 0.153320 0.126953
0 0.875488 0.966309 0.086914 0.057617
0 0.700684 0.396973 0.118164 0.084961
0 0.780762 0.331055 0.157227 0.062500
0 0.953613 0.192383 0.092773 0.066406
0 0.170898 0.373047 0.117188 0.062500
0 0.835938 0.378418 0.171875 0.077148
0 0.920898 0.193359 0.119141 0.091797
0 0.909180 0.255859 0.152344 0.072266
0 0.908203 0.296875 0.123047 0.064453
0 0.907227 0.041992 0.144531 0.074219
0 0.855957 0.105957 0.157227 0.041992
0 0.785645 0.626953 0.086914 0.080078
