0 0.240234 0.450684 0.060547 0.081055
0 0.015625 0.198730 0.031250 0.086914
0 0.546387 0.189941 0.069336 0.090820
0 0.215820 0.298828 0.101562 0.054688
0 0.081543 0.169434 0.071289 0.079102
0 0.181641 0.210938 0.076172 0.056641
0 0.922852 0.873047 0.064453 0.066406
0 0.731445 0.364746 0.089844 0.092773
0 0.708496 0.891602 0.065430 0.074219
0 0.435547 0.463379 0.074219 0.055664
0 0.223633 0.141113 0.037109 0.084961
0 0.046875 0.918945 0.093750 0.062500
0 0.788086 0.718262 0.068359 0.098633
0 0.407715 0.669434 0.049805 0.053711
0 0.188965 0.963379 0.071289 0.053711
0 0.934082 0.466797 0.041992 0.082031
0 0.958496 0.132812 0.055664 0.060547
0 0.530762 0.391113 0.071289 0.102539
0 0.479004 0.414062 0.063477 0.058594
0 0.035156 0.180176 0.070312 0.057617
0 0.020996 0.304688 0.041992 0.052734
0 0.332031 0.685059 0.091797 0.057617
0 0.294434 0.061523 0.067383 0.048828
0 0.954102 0.631348 0.087891 0.047852
0 0.628906 0.414062 0.064453 0.064453
0 0.019043 0.639648 0.038086 0.050781
0 0.833008 0.951172 0.066406 0.046875
0 0.395508 0.248535 0.050781 0.055664
0 0.426758 0.186523 0.087891 0.052734
0 0.396973 0.860840 0.057617 0.049805
0 0.055176 0.504395 0.069336 0.059570
0 0.359863 0.731934 0.073242 0.040039
0 0.672363 0.730469 0.075195 0.062500
0 0.716797 0.420898 0.074219 0.058594
0 0.610352 0.841797 0.052734 0.072266
0 0.901367 0.020508 0.060547 0.041016
0 0.186035 0.165527 0.084961 0.030273
0 0.736816 0.504883 0.041992 0.064453
0 0.576172 0.629395 0.087891 0.053711
0 0.045898 0.015625 0.058594 0.031250
0 0.165527 0.736328 0.075195 0.041016
0 0.549316 0.017578 0.077148 0.035156
0 0.033691 0.986816 0.067383 0.026367
0 0.148926 0.701660 0.112305 0.045898
0 0.385254 0.601074 0.116211 0.053711
0 0.975586 0.705078 0.048828 0.029297
0 0.425781 0.308594 0.066406 0.052734
0 0.190430 0.988281 0.060547 0.017578
0 0.033691 0.792480 0.067383 0.043945
0 0.776367 0.142578 0.068359 0.050781
0 0.226562 0.047363 0.074219 0.069336
0 0.013184 0.553223 0.026367 0.040039
0 0.272461 0.929199 0.066406 0.057617
0 0.346680 0.221191 0.048828 0.047852
0 0.942871 0.089844 0.047852 0.046875
0 0.750000 0.612305 0.044922 0.046875
0 0.770508 0.770508 0.074219 0.037109
0 0.274902 0.879883 0.032227 0.058594
0 0.965820 0.415527 0.062500 0.043945
0 0.428223 0.851562 0.049805 0.041016
0 0.066895 0.036621 0.063477 0.032227
0 0.957031 0.799316 0.082031 0.075195
0 0.206543 0.015625 0.043945 0.031250
0 0.535156 0.936523 0.070312 0.050781
0 0.719727 0.097168 0.056641 0.049805
0 0.549316 0.100586 0.049805 0.050781
0 0.577148 0.908691 0.091797 0.057617
0 0.458496 0.677246 0.069336 0.065430
0 0.102051 0.556152 0.071289 0.053711
0 0.472656 0.307129 0.068359 0.065430
