0 0.614258 0.119141 0.089844 0.125000
0 0.182129 0.459473 0.120117 0.065430
0 0.671875 0.666992 0.099609 0.109375
0 0.227051 0.166992 0.100586 0.080078
0 0.497070 0.169434 0.099609 0.135742
0 0.467285 0.721191 0.110352 0.102539
0 0.880859 0.458008 0.082031 0.152344
0 0.335449 0.405762 0.102539 0.086914
0 0.863281 0.675781 0.082031 0.097656
0 0.704590 0.470703 0.090820 0.152344
0 0.404785 0.545898 0.094727 0.097656
0 0.521973 0.836914 0.094727 0.095703
0 0.778320 0.750977 0.107422 0.097656
0 0.323242 0.735840 0.068359 0.083008
0 0.431641 0.633301 0.080078 0.073242
0 0.349121 0.626953 0.084961 0.105469
0 0.221680 0.760742 0.089844 0.082031
0 0.207031 0.876953 0.119141 0.099609
0 0.809570 0.044922 0.099609 0.089844
0 0.834473 0.820801 0.069336 0.073242
0 0.628418 0.439453 0.077148 0.140625
0 0.775879 0.199219 0.057617 0.070312
0 0.420898 0.896973 0.078125 0.145508
0 0.875488 0.292969 0.192383 0.132812
0 0.583008 0.563477 0.087891 0.072266
0 0.356934 0.079590 0.104492 0.094727
0 0.980469 0.178711 0.039062 0.105469
0 0.064453 0.694336 0.105469 0.070312
0 0.109375 0.368652 0.105469 0.112305
0 0.561035 0.475586 0.092773 0.062500
0 0.524414 0.022461 0.060547 0.044922
0 0.075684 0.840820 0.122070 0.152344
0 0.698242 0.310547 0.082031 0.117188
0 0.682129 0.924805 0.084961 0.150391
0 0.148438 0.622070 0.117188 0.105469
0 0.570312 0.767090 0.062500 0.065430
0 0.605957 0.840820 0.083008 0.087891
0 0.948242 0.749023 0.103516 0.146484
0 0.354492 0.142090 0.060547 0.069336
0 0.684570 0.208496 0.064453 0.067383
0 0.332031 0.862305 0.085938 0.070312
0 0.349121 0.948730 0.059570 0.102539
0 0.122070 0.133301 0.140625 0.073242
0 0.084473 0.105957 0.165039 0.092773
0 0.179199 0.530762 0.120117 0.067383
0 0.934570 0.723145 0.074219 0.083008
0 0.807129 0.101074 0.084961 0.092773
0 0.202148 0.960938 0.134766 0.072266
0 0.544434 0.974609 0.104492 0.044922
0 0.925781 0.923340 0.087891 0.127930
0 0.778320 0.327148 0.113281 0.080078
0 0.847168 0.190430 0.059570 0.062500
0 0.126953 0.889648 0.074219 0.125000
0 0.021973 0.758301 0.040039 0.086914
0 0.420898 0.967285 0.078125 0.065430
0 0.964355 0.973633 0.065430 0.052734
