0 0.118652 0.189453 0.110352 0.115234
0 0.187500 0.246094 0.056641 0.099609
0 0.051758 0.571289 0.078125 0.105469
0 0.054688 0.626465 0.062500 0.098633
0 0.128418 0.965820 0.092773 0.068359
0 0.174805 0.918945 0.126953 0.056641
0 0.334961 0.881836 0.072266 0.052734
0 0.276367 0.642578 0.066406 0.080078
0 0.223633 0.781738 0.072266 0.041992
0 0.486816 0.785156 0.051758 0.128906
0 0.306641 0.397461 0.050781 0.042969
0 0.378418 0.271973 0.045898 0.084961
0 0.303711 0.160156 0.091797 0.152344
0 0.412598 0.024414 0.075195 0.048828
0 0.563477 0.117676 0.087891 0.106445
0 0.657227 0.048340 0.117188 0.096680
0 0.813477 0.076660 0.074219 0.116211
0 0.783203 0.067871 0.066406 0.114258
0 0.692383 0.224609 0.054688 0.105469
0 0.611328 0.361816 0.080078 0.073242
0 0.528320 0.321777 0.089844 0.096680
0 0.448242 0.420410 0.062500 0.094727
0 0.611816 0.654785 0.116211 0.073242
0 0.672852 0.567871 0.093750 0.096680
0 0.730469 0.605469 0.058594 0.138672
0 0.849121 0.469727 0.120117 0.082031
0 0.783691 0.658691 0.081055 0.102539
0 0.625000 0.781250 0.101562 0.083984
0 0.943848 0.775879 0.092773 0.053711
0 0.947754 0.866699 0.102539 0.053711
0 0.807129 0.943359 0.104492 0.076172
0 0.844238 0.616699 0.055664 0.090820
0 0.869629 0.191406 0.096680 0.111328
0 0.963867 0.277344 0.072266 0.091797
0 0.930664 0.527344 0.039062 0.058594
0 0.595215 0.469238 0.043945 0.047852
0 0.146484 0.854004 0.048828 0.045898
0 0.294434 0.119141 0.045898 0.052734
0 0.253906 0.397461 0.068359 0.062500
