0 0.179688 0.409668 0.093750 0.104492
0 0.698242 0.616699 0.113281 0.084961
0 0.191406 0.646484 0.152344 0.132812
0 0.741699 0.247070 0.084961 0.125000
0 0.837891 0.566895 0.152344 0.075195
0 0.919922 0.219238 0.160156 0.104492
0 0.042480 0.880859 0.084961 0.078125
0 0.695801 0.090820 0.112305 0.142578
0 0.468262 0.165527 0.122070 0.069336
0 0.955078 0.430664 0.089844 0.056641
0 0.897949 0.467285 0.116211 0.075195
0 0.664062 0.432129 0.105469 0.092773
0 0.083496 0.812988 0.092773 0.077148
0 0.894531 0.742188 0.160156 0.080078
0 0.843262 0.974609 0.112305 0.050781
0 0.664062 0.479492 0.099609 0.064453
0 0.385742 0.187012 0.072266 0.090820
0 0.604004 0.448730 0.094727 0.077148
0 0.836914 0.082031 0.095703 0.085938
0 0.827148 0.932129 0.101562 0.069336
0 0.022461 0.701660 0.044922 0.075195
0 0.890625 0.796875 0.126953 0.060547
0 0.934570 0.639648 0.125000 0.089844
0 0.859375 0.358398 0.054688 0.062500
0 0.876953 0.178223 0.095703 0.077148
0 0.906738 0.041992 0.129883 0.080078
