0 0.899414 0.559570 0.099609 0.089844
0 0.813477 0.140625 0.117188 0.107422
0 0.794434 0.042480 0.110352 0.084961
0 0.728027 0.338379 0.077148 0.086914
0 0.668457 0.267090 0.122070 0.075195
0 0.693359 0.000977 0.082031 0.001953
0 0.974609 0.352051 0.050781 0.084961
0 0.468262 0.477051 0.067383 0.079102
0 0.562988 0.041992 0.092773 0.080078
0 0.716797 0.900879 0.105469 0.122070
0 0.642090 0.938477 0.090820 0.097656
0 0.853516 0.899414 0.097656 0.095703
0 0.851074 0.704590 0.112305 0.129883
0 0.596680 0.333008 0.080078 0.087891
0 0.318359 0.240723 0.162109 0.067383
0 0.101562 0.147949 0.089844 0.083008
0 0.069824 0.779785 0.094727 0.110352
0 0.122070 0.039551 0.070312 0.079102
0 0.753418 0.625488 0.127930 0.092773
0 0.490723 0.180664 0.067383 0.082031
0 0.662109 0.811035 0.095703 0.077148
0 0.041992 0.932129 0.080078 0.110352
0 0.574707 0.278320 0.110352 0.097656
0 0.678223 0.706055 0.102539 0.072266
0 0.187012 0.759277 0.090820 0.084961
