0 0.211914 0.503418 0.109375 0.122070
0 0.830566 0.646973 0.092773 0.094727
0 0.785645 0.300781 0.102539 0.082031
0 0.109375 0.749512 0.109375 0.104492
0 0.291016 0.617188 0.087891 0.089844
0 0.161133 0.349609 0.097656 0.125000
0 0.842285 0.194824 0.120117 0.129883
0 0.646973 0.445801 0.139648 0.141602
0 0.897461 0.750977 0.103516 0.097656
0 0.566895 0.580566 0.069336 0.077148
0 0.164551 0.943359 0.079102 0.078125
0 0.831055 0.077148 0.097656 0.105469
0 0.033691 0.438477 0.067383 0.187500
0 0.803223 0.554688 0.131836 0.140625
0 0.584473 0.063477 0.055664 0.107422
0 0.293457 0.402344 0.112305 0.125000
0 0.690918 0.768066 0.127930 0.092773
0 0.065918 0.194824 0.083008 0.094727
0 0.693359 0.320801 0.062500 0.067383
0 0.568359 0.299316 0.097656 0.209961
0 0.638184 0.584473 0.077148 0.100586
0 0.104492 0.058105 0.109375 0.116211
0 0.216797 0.036621 0.105469 0.073242
0 0.697266 0.108398 0.105469 0.107422
0 0.670410 0.042480 0.069336 0.084961
0 0.745605 0.788574 0.102539 0.073242
0 0.097168 0.973633 0.065430 0.052734
0 0.289551 0.526855 0.110352 0.084961
0 0.218262 0.218262 0.108398 0.131836
0 0.859863 0.029297 0.129883 0.058594
0 0.545898 0.443359 0.082031 0.082031
0 0.611816 0.321777 0.084961 0.155273
0 0.779785 0.449707 0.129883 0.129883
