0 0.930176 0.244629 0.065430 0.073242
0 0.972168 0.277344 0.055664 0.050781
0 0.898926 0.318848 0.067383 0.055664
0 0.827637 0.217285 0.110352 0.069336
0 0.779785 0.035645 0.059570 0.071289
0 0.833984 0.032227 0.046875 0.048828
0 0.856934 0.081055 0.081055 0.046875
0 0.647461 0.175293 0.103516 0.088867
0 0.639160 0.252930 0.083008 0.062500
0 0.542969 0.349121 0.072266 0.069336
0 0.650391 0.536621 0.070312 0.069336
0 0.525391 0.533203 0.109375 0.134766
0 0.342285 0.523926 0.071289 0.055664
0 0.425293 0.557129 0.063477 0.047852
0 0.324219 0.600586 0.066406 0.050781
0 0.455566 0.640137 0.104492 0.071289
0 0.408691 0.709961 0.071289 0.080078
0 0.288574 0.670898 0.073242 0.066406
0 0.501953 0.716797 0.062500 0.054688
0 0.529297 0.788086 0.066406 0.058594
0 0.587402 0.707520 0.067383 0.104492
0 0.656250 0.738281 0.144531 0.083984
0 0.074707 0.585449 0.090820 0.071289
0 0.054688 0.635254 0.082031 0.059570
0 0.036133 0.717285 0.072266 0.047852
0 0.052734 0.765137 0.105469 0.047852
0 0.275391 0.934570 0.099609 0.113281
0 0.382812 0.978516 0.066406 0.042969
0 0.179688 0.924805 0.121094 0.103516
0 0.134277 0.976562 0.086914 0.046875
0 0.873535 0.919434 0.084961 0.057617
0 0.923340 0.861816 0.071289 0.073242
0 0.914062 0.700195 0.052734 0.072266
0 0.091797 0.050293 0.150391 0.100586
0 0.105957 0.143066 0.088867 0.083008
0 0.035645 0.132324 0.051758 0.096680
0 0.032715 0.185547 0.065430 0.078125
0 0.194336 0.242188 0.091797 0.068359
0 0.312988 0.312988 0.096680 0.057617
0 0.327637 0.261230 0.088867 0.053711
0 0.383789 0.218750 0.068359 0.050781
0 0.500977 0.247070 0.054688 0.050781
0 0.458984 0.198730 0.052734 0.077148
0 0.472168 0.157227 0.049805 0.062500
0 0.531738 0.109863 0.049805 0.090820
0 0.568848 0.173828 0.059570 0.091797
0 0.381836 0.072266 0.058594 0.058594
0 0.367188 0.119629 0.062500 0.057617
0 0.300293 0.174805 0.096680 0.123047
0 0.963867 0.418457 0.072266 0.065430
0 0.376953 0.875977 0.052734 0.072266
0 0.375977 0.615234 0.064453 0.105469
0 0.406738 0.171387 0.063477 0.083008
0 0.306152 0.178223 0.102539 0.127930
0 0.048828 0.069336 0.062500 0.070312
0 0.928711 0.380371 0.050781 0.038086
