0 0.677246 0.160645 0.129883 0.086914
0 0.514648 0.670898 0.125000 0.097656
0 0.881836 0.647461 0.095703 0.080078
0 0.642090 0.374512 0.135742 0.083008
0 0.023438 0.379395 0.046875 0.125977
0 0.389648 0.397461 0.095703 0.080078
0 0.500977 0.264648 0.082031 0.070312
0 0.917969 0.079590 0.109375 0.065430
0 0.359375 0.217285 0.089844 0.084961
0 0.387207 0.750488 0.120117 0.112305
0 0.517090 0.105469 0.094727 0.080078
0 0.373047 0.314453 0.132812 0.099609
0 0.932129 0.733398 0.110352 0.078125
0 0.937012 0.195801 0.114258 0.092773
0 0.941895 0.869629 0.104492 0.100586
0 0.962402 0.851074 0.075195 0.077148
0 0.480957 0.957031 0.122070 0.064453
0 0.464355 0.873535 0.094727 0.067383
0 0.833496 0.946777 0.086914 0.081055
0 0.957031 0.354004 0.085938 0.083008
0 0.261230 0.981445 0.092773 0.037109
0 0.538086 0.029785 0.105469 0.059570
0 0.345703 0.977051 0.089844 0.045898
0 0.836914 0.721191 0.095703 0.067383
0 0.427734 0.055176 0.095703 0.096680
