0 0.061035 0.353027 0.122070 0.116211
0 0.979492 0.605957 0.041016 0.057617
0 0.166016 0.982422 0.130859 0.035156
0 0.067871 0.468262 0.135742 0.086914
0 0.763672 0.712891 0.179688 0.083984
0 0.160156 0.035156 0.248047 0.070312
0 0.908691 0.966309 0.077148 0.067383
0 0.097168 0.662109 0.192383 0.082031
0 0.878418 0.578125 0.120117 0.109375
0 0.299316 0.702148 0.137695 0.076172
0 0.402832 0.055176 0.184570 0.057617
0 0.962402 0.072266 0.075195 0.080078
0 0.647949 0.286621 0.184570 0.061523
0 0.222168 0.204590 0.247070 0.071289
0 0.788086 0.849609 0.095703 0.126953
0 0.373535 0.847656 0.125977 0.105469
0 0.065430 0.120117 0.130859 0.058594
0 0.646484 0.322754 0.183594 0.122070
0 0.958984 0.382324 0.082031 0.092773
0 0.062500 0.756348 0.125000 0.083008
0 0.080566 0.962891 0.116211 0.072266
0 0.935547 0.904785 0.128906 0.073242
0 0.969727 0.949707 0.060547 0.053711
0 0.714355 0.644043 0.157227 0.104492
0 0.054688 0.517090 0.109375 0.069336
0 0.442871 0.131836 0.057617 0.025391
0 0.925293 0.839355 0.063477 0.090820
0 0.115234 0.849121 0.085938 0.036133
