0 0.505859 0.167969 0.105469 0.058594
0 0.548828 0.088379 0.070312 0.090820
0 0.611328 0.034180 0.089844 0.048828
0 0.835938 0.209961 0.072266 0.091797
0 0.737305 0.152832 0.072266 0.075195
0 0.628906 0.171387 0.068359 0.059570
0 0.727051 0.264648 0.112305 0.076172
0 0.959473 0.114746 0.067383 0.055664
0 0.958496 0.026855 0.081055 0.053711
0 0.411133 0.092773 0.066406 0.046875
0 0.382324 0.156250 0.071289 0.056641
0 0.225098 0.117188 0.081055 0.058594
0 0.059082 0.193848 0.065430 0.051758
0 0.128418 0.200684 0.053711 0.067383
0 0.194336 0.188477 0.062500 0.062500
0 0.250000 0.218750 0.046875 0.042969
0 0.292480 0.293945 0.073242 0.068359
0 0.405273 0.368652 0.054688 0.079102
0 0.553711 0.379883 0.087891 0.087891
0 0.644043 0.377441 0.092773 0.069336
0 0.874023 0.333984 0.091797 0.060547
0 0.866699 0.415527 0.083008 0.049805
0 0.774902 0.564941 0.084961 0.057617
0 0.654785 0.630859 0.045898 0.050781
0 0.016113 0.269531 0.032227 0.072266
0 0.088867 0.292480 0.064453 0.047852
0 0.126953 0.375000 0.066406 0.066406
0 0.114746 0.455078 0.067383 0.068359
0 0.200195 0.424805 0.058594 0.064453
0 0.298828 0.396973 0.103516 0.057617
0 0.326660 0.473145 0.063477 0.057617
0 0.092285 0.942871 0.067383 0.057617
0 0.226074 0.953125 0.086914 0.062500
0 0.232422 0.885254 0.050781 0.038086
0 0.209473 0.794434 0.067383 0.051758
0 0.258301 0.834473 0.073242 0.047852
0 0.377441 0.745117 0.067383 0.068359
0 0.358398 0.674805 0.076172 0.060547
0 0.396973 0.924805 0.075195 0.048828
0 0.685547 0.947754 0.066406 0.057617
0 0.745605 0.981445 0.069336 0.037109
0 0.523926 0.767578 0.098633 0.060547
0 0.518555 0.687012 0.058594 0.053711
0 0.600098 0.703613 0.075195 0.065430
0 0.750977 0.717773 0.093750 0.066406
0 0.763184 0.649414 0.081055 0.044922
0 0.814453 0.804199 0.080078 0.059570
0 0.929688 0.838867 0.101562 0.052734
0 0.960938 0.896484 0.078125 0.046875
0 0.111328 0.622559 0.083984 0.065430
0 0.979492 0.771484 0.041016 0.046875
0 0.021484 0.887207 0.042969 0.061523
0 0.213379 0.467773 0.061523 0.044922
0 0.419922 0.422363 0.064453 0.049805
0 0.333008 0.093750 0.048828 0.044922
