0 0.015625 0.963867 0.031250 0.062500
0 0.216797 0.963379 0.097656 0.073242
0 0.273926 0.987305 0.096680 0.025391
0 0.549316 0.984375 0.067383 0.031250
0 0.472168 0.874023 0.071289 0.078125
0 0.194824 0.826172 0.069336 0.115234
0 0.819336 0.744141 0.087891 0.160156
0 0.926270 0.713867 0.147461 0.076172
0 0.932129 0.634766 0.120117 0.109375
0 0.974609 0.479004 0.050781 0.137695
0 0.817383 0.498535 0.156250 0.100586
0 0.698730 0.525391 0.077148 0.070312
0 0.864258 0.345215 0.087891 0.086914
0 0.783691 0.259766 0.079102 0.089844
0 0.942871 0.222168 0.100586 0.084961
0 0.606934 0.312012 0.079102 0.081055
0 0.455078 0.358398 0.080078 0.109375
0 0.497070 0.225098 0.064453 0.104492
0 0.414551 0.234375 0.098633 0.132812
0 0.344727 0.236328 0.082031 0.117188
0 0.242188 0.168457 0.183594 0.141602
0 0.181641 0.283203 0.083984 0.080078
0 0.179688 0.033203 0.089844 0.058594
0 0.416016 0.066895 0.089844 0.069336
0 0.566406 0.103027 0.076172 0.194336
0 0.714355 0.076172 0.077148 0.130859
0 0.940430 0.066895 0.105469 0.094727
0 0.153809 0.532715 0.083008 0.096680
0 0.243164 0.564453 0.078125 0.068359
0 0.066895 0.197266 0.063477 0.083984
0 0.333984 0.843262 0.044922 0.053711
0 0.506836 0.922852 0.054688 0.064453
0 0.143066 0.039062 0.090820 0.074219
0 0.670410 0.058105 0.049805 0.116211
