0 0.048340 0.515137 0.096680 0.092773
0 0.220215 0.578613 0.131836 0.112305
0 0.139160 0.784180 0.118164 0.125000
0 0.227051 0.261230 0.165039 0.079102
0 0.099609 0.291992 0.150391 0.095703
0 0.049316 0.229980 0.098633 0.081055
0 0.154297 0.145996 0.169922 0.127930
0 0.432129 0.395020 0.090820 0.081055
0 0.742676 0.911621 0.145508 0.102539
0 0.111816 0.620117 0.098633 0.113281
0 0.605469 0.156738 0.220703 0.112305
0 0.492676 0.224609 0.100586 0.130859
0 0.312988 0.034180 0.086914 0.068359
0 0.622070 0.513672 0.105469 0.062500
0 0.748047 0.605957 0.242188 0.122070
0 0.027344 0.437500 0.054688 0.068359
0 0.044434 0.071777 0.069336 0.067383
0 0.658203 0.712891 0.171875 0.187500
0 0.926758 0.666016 0.146484 0.125000
0 0.756836 0.353027 0.144531 0.176758
0 0.851074 0.473145 0.184570 0.143555
0 0.311523 0.916504 0.113281 0.120117
0 0.226074 0.943359 0.297852 0.113281
0 0.529297 0.026367 0.125000 0.052734
0 0.105469 0.949707 0.097656 0.100586
0 0.696777 0.805664 0.174805 0.132812
0 0.971680 0.437500 0.056641 0.101562
0 0.484863 0.465332 0.059570 0.043945
