0 0.024902 0.446777 0.049805 0.084961
0 0.070312 0.385742 0.097656 0.083984
0 0.187500 0.436523 0.099609 0.173828
0 0.083496 0.564453 0.065430 0.105469
0 0.114746 0.630371 0.069336 0.100586
0 0.171387 0.570801 0.071289 0.084961
0 0.814941 0.191406 0.088867 0.074219
0 0.847168 0.422852 0.088867 0.062500
0 0.891113 0.514160 0.069336 0.079102
0 0.643066 0.372559 0.118164 0.086914
0 0.674316 0.653320 0.094727 0.115234
0 0.628418 0.718750 0.102539 0.062500
0 0.548828 0.638184 0.085938 0.135742
0 0.737793 0.774902 0.083008 0.061523
0 0.743652 0.846191 0.061523 0.083008
0 0.905762 0.863281 0.106445 0.068359
0 0.625977 0.942871 0.113281 0.061523
0 0.657715 0.860352 0.116211 0.117188
0 0.546387 0.873535 0.116211 0.083008
0 0.477539 0.794922 0.128906 0.076172
0 0.027344 0.959961 0.054688 0.072266
0 0.126953 0.960938 0.076172 0.078125
0 0.141113 0.891602 0.079102 0.056641
0 0.208496 0.858887 0.069336 0.063477
0 0.053711 0.778809 0.056641 0.053711
0 0.387695 0.501953 0.080078 0.062500
0 0.430176 0.474121 0.081055 0.125977
0 0.451660 0.374512 0.083008 0.083008
0 0.399902 0.370605 0.053711 0.073242
0 0.296387 0.246094 0.067383 0.099609
0 0.366699 0.201660 0.090820 0.059570
0 0.493164 0.160156 0.117188 0.111328
0 0.620117 0.044922 0.132812 0.089844
