0 0.688965 0.063477 0.071289 0.072266
0 0.392090 0.064453 0.118164 0.054688
0 0.330078 0.109863 0.107422 0.073242
0 0.316406 0.913086 0.082031 0.060547
0 0.881836 0.426270 0.113281 0.041992
0 0.804199 0.800293 0.094727 0.043945
0 0.519043 0.171875 0.086914 0.070312
0 0.438477 0.544434 0.080078 0.047852
0 0.905762 0.243164 0.098633 0.058594
0 0.598145 0.528320 0.104492 0.060547
0 0.489258 0.029297 0.080078 0.054688
0 0.335938 0.188965 0.109375 0.051758
0 0.755859 0.023438 0.080078 0.042969
0 0.864258 0.706055 0.091797 0.056641
0 0.958008 0.679199 0.080078 0.049805
0 0.224609 0.019531 0.119141 0.039062
0 0.802734 0.573242 0.126953 0.066406
0 0.183594 0.053223 0.142578 0.041992
0 0.187500 0.279297 0.136719 0.050781
0 0.154785 0.565430 0.131836 0.060547
0 0.343262 0.510742 0.073242 0.033203
0 0.532227 0.974121 0.107422 0.043945
0 0.982422 0.352539 0.035156 0.033203
0 0.513672 0.308594 0.113281 0.066406
0 0.133789 0.380859 0.113281 0.037109
0 0.925781 0.539551 0.083984 0.034180
0 0.138184 0.292480 0.079102 0.028320
0 0.541992 0.897949 0.080078 0.034180
0 0.419922 0.280762 0.101562 0.045898
0 0.658203 0.249512 0.052734 0.030273
0 0.392090 0.360352 0.108398 0.041016
0 0.627441 0.769043 0.059570 0.047852
0 0.816406 0.689941 0.041016 0.083008
0 0.098145 0.120605 0.116211 0.038086
0 0.781250 0.912109 0.099609 0.037109
0 0.210449 0.651367 0.083008 0.035156
0 0.406738 0.595215 0.086914 0.026367
0 0.313477 0.634766 0.068359 0.039062
0 0.021484 0.020020 0.041016 0.038086
0 0.092773 0.953613 0.074219 0.043945
0 0.798340 0.099121 0.045898 0.040039
0 0.875488 0.054688 0.079102 0.035156
0 0.577637 0.598145 0.122070 0.067383
0 0.469727 0.630371 0.111328 0.057617
0 0.119189 0.736523 0.127051 0.045703
0 0.513672 0.213867 0.074219 0.033203
0 0.893066 0.018555 0.047852 0.037109
0 0.377930 0.089844 0.123047 0.042969
0 0.651367 0.629395 0.128906 0.055664
0 0.932129 0.926758 0.065430 0.033203
0 0.040039 0.077637 0.080078 0.038086
0 0.775879 0.983398 0.083008 0.033203
0 0.149414 0.992188 0.091797 0.015625
0 0.505859 0.661621 0.150391 0.036133
0 0.104492 0.634766 0.109375 0.027344
0 0.983887 0.976074 0.032227 0.016602
0 0.310059 0.974121 0.112305 0.045898
0 0.643066 0.920898 0.063477 0.033203
0 0.384277 0.384766 0.100586 0.039062
0 0.292969 0.672363 0.138672 0.049805
0 0.185547 0.509766 0.089844 0.035156
0 0.919434 0.143066 0.084961 0.036133
0 0.047363 0.687988 0.090820 0.032227
0 0.029785 0.812012 0.057617 0.020508
0 0.322266 0.158691 0.082031 0.038086
0 0.589355 0.932617 0.043945 0.021484
0 0.198730 0.355469 0.133789 0.037109
0 0.026367 0.580566 0.050781 0.043945
0 0.712891 0.651367 0.070312 0.054688
0 0.860840 0.980469 0.088867 0.039062
0 0.246094 0.349121 0.089844 0.032227
0 0.770508 0.958008 0.064453 0.021484
0 0.455078 0.966797 0.058594 0.035156
0 0.572754 0.686035 0.079102 0.040039
0 0.112305 0.599121 0.166016 0.081055
0 0.905273 0.266113 0.046875 0.067383
0 0.562012 0.299316 0.075195 0.032227
0 0.113770 0.404297 0.051758 0.019531
0 0.872070 0.891602 0.105469 0.042969
0 0.433105 0.764648 0.120117 0.027344
0 0.439453 0.776855 0.078125 0.028320
0 0.719727 0.819824 0.083984 0.032227
0 0.031250 0.673828 0.062500 0.027344
0 0.385742 0.970703 0.126953 0.046875
0 0.464844 0.955566 0.091797 0.043945
0 0.490723 0.985352 0.088867 0.029297
0 0.436035 0.038086 0.065430 0.060547
0 0.121582 0.240234 0.118164 0.060547
0 0.071777 0.208008 0.125977 0.058594
0 0.520020 0.714844 0.118164 0.064453
0 0.602539 0.728516 0.091797 0.037109
0 0.626953 0.258789 0.082031 0.054688
