0 0.687988 0.500000 0.077148 0.109375
0 0.757324 0.544434 0.084961 0.063477
0 0.741211 0.596680 0.066406 0.048828
0 0.806152 0.662109 0.059570 0.060547
0 0.748047 0.684570 0.064453 0.068359
0 0.654297 0.625000 0.060547 0.078125
0 0.725098 0.744141 0.051758 0.060547
0 0.792969 0.734863 0.060547 0.063477
0 0.733398 0.819336 0.050781 0.054688
0 0.793457 0.836426 0.075195 0.061523
0 0.653809 0.830078 0.083008 0.060547
0 0.488281 0.650879 0.050781 0.069336
0 0.492188 0.754883 0.072266 0.058594
0 0.506836 0.872559 0.044922 0.073242
0 0.427246 0.877930 0.073242 0.054688
0 0.344238 0.875488 0.067383 0.051758
0 0.300293 0.837402 0.127930 0.045898
0 0.321777 0.714355 0.084961 0.059570
0 0.315918 0.635742 0.102539 0.080078
0 0.203613 0.731445 0.086914 0.126953
0 0.158691 0.823730 0.069336 0.073242
0 0.145508 0.897461 0.056641 0.060547
0 0.162109 0.960938 0.111328 0.048828
0 0.213867 0.986816 0.066406 0.026367
0 0.363281 0.965332 0.171875 0.063477
0 0.614258 0.937500 0.105469 0.074219
0 0.953613 0.829102 0.075195 0.058594
0 0.971680 0.364746 0.056641 0.071289
0 0.430176 0.329102 0.065430 0.105469
0 0.410645 0.393555 0.084961 0.052734
0 0.326660 0.444336 0.075195 0.052734
0 0.244629 0.388184 0.073242 0.047852
0 0.191406 0.348145 0.052734 0.047852
0 0.198242 0.251465 0.089844 0.104492
0 0.187988 0.448730 0.055664 0.049805
0 0.088379 0.490723 0.061523 0.071289
0 0.030273 0.543457 0.060547 0.057617
0 0.133789 0.596191 0.080078 0.053711
0 0.119629 0.112793 0.086914 0.086914
0 0.097656 0.018066 0.066406 0.036133
0 0.064453 0.046875 0.062500 0.048828
0 0.279785 0.041992 0.069336 0.078125
0 0.212402 0.040527 0.077148 0.065430
0 0.282227 0.205566 0.083984 0.075195
0 0.368164 0.223633 0.072266 0.052734
0 0.422363 0.175781 0.057617 0.054688
0 0.519043 0.164551 0.053711 0.047852
0 0.529297 0.098633 0.066406 0.054688
0 0.619629 0.191406 0.059570 0.085938
0 0.713379 0.052734 0.075195 0.078125
0 0.848145 0.024902 0.077148 0.049805
0 0.466797 0.018066 0.074219 0.036133
0 0.399414 0.043457 0.085938 0.059570
0 0.902344 0.556152 0.070312 0.067383
0 0.429199 0.647949 0.061523 0.053711
0 0.061035 0.894043 0.057617 0.081055
0 0.929688 0.915527 0.058594 0.059570
0 0.107422 0.625488 0.054688 0.045898
0 0.036133 0.130371 0.072266 0.067383
0 0.258301 0.951660 0.038086 0.051758
0 0.616211 0.865234 0.058594 0.044922
0 0.462402 0.145996 0.071289 0.073242
