0 0.798340 0.945801 0.069336 0.104492
0 0.353027 0.400879 0.090820 0.053711
0 0.853516 0.497070 0.083984 0.080078
0 0.093750 0.116211 0.150391 0.082031
0 0.931641 0.525391 0.101562 0.054688
0 0.549316 0.645996 0.098633 0.053711
0 0.514160 0.104980 0.053711 0.077148
0 0.172363 0.239746 0.116211 0.059570
0 0.441895 0.739258 0.077148 0.093750
0 0.222656 0.593750 0.089844 0.041016
0 0.509766 0.973633 0.062500 0.048828
0 0.722656 0.322266 0.126953 0.066406
0 0.790039 0.827148 0.082031 0.068359
0 0.909668 0.027832 0.073242 0.053711
0 0.367676 0.966309 0.055664 0.067383
0 0.098633 0.779785 0.097656 0.047852
0 0.086426 0.260254 0.131836 0.081055
0 0.183105 0.605469 0.092773 0.068359
0 0.927734 0.714844 0.121094 0.171875
0 0.613281 0.026855 0.062500 0.053711
0 0.357910 0.788086 0.077148 0.052734
0 0.623535 0.781250 0.059570 0.068359
0 0.734863 0.918945 0.079102 0.054688
0 0.299805 0.875488 0.126953 0.063477
0 0.978516 0.499512 0.042969 0.049805
0 0.078613 0.079102 0.155273 0.060547
0 0.232422 0.908691 0.140625 0.069336
0 0.817871 0.710449 0.038086 0.073242
0 0.270996 0.094238 0.114258 0.036133
0 0.967285 0.972656 0.053711 0.041016
0 0.573242 0.816895 0.091797 0.100586
0 0.232422 0.293457 0.109375 0.043945
0 0.086914 0.847168 0.173828 0.098633
0 0.221191 0.368164 0.057617 0.041016
0 0.682227 0.636035 0.088086 0.041602
0 0.333252 0.028223 0.041504 0.056445
0 0.862793 0.828613 0.045898 0.102539
0 0.671387 0.366699 0.090820 0.030273
0 0.566895 0.529297 0.188477 0.103516
0 0.713867 0.210449 0.058594 0.026367
0 0.834961 0.860352 0.062500 0.046875
0 0.875000 0.753418 0.054688 0.061523
0 0.054199 0.513184 0.104492 0.049805
0 0.141113 0.272949 0.086914 0.051758
0 0.122559 0.833496 0.108398 0.036133
0 0.019531 0.681641 0.039062 0.033203
0 0.478027 0.021484 0.069336 0.039062
0 0.602539 0.882324 0.121094 0.040039
0 0.427588 0.588184 0.095410 0.037695
0 0.312988 0.851074 0.096680 0.034180
0 0.050293 0.552734 0.092773 0.048828
0 0.224609 0.332031 0.087891 0.031250
0 0.027344 0.905762 0.052734 0.032227
0 0.618164 0.962891 0.091797 0.050781
0 0.894531 0.309082 0.060547 0.051758
0 0.233887 0.959473 0.116211 0.047852
0 0.734375 0.492188 0.066406 0.082031
