0 0.044434 0.761230 0.088867 0.145508
0 0.158203 0.588379 0.101562 0.094727
0 0.270020 0.603516 0.073242 0.078125
0 0.024902 0.949707 0.049805 0.075195
0 0.110840 0.870117 0.045898 0.048828
0 0.162598 0.908203 0.059570 0.050781
0 0.213867 0.804688 0.076172 0.060547
0 0.358887 0.799805 0.057617 0.093750
0 0.440430 0.784180 0.070312 0.085938
0 0.394043 0.919434 0.088867 0.084961
0 0.244629 0.950195 0.110352 0.099609
0 0.472168 0.978027 0.075195 0.043945
0 0.602051 0.879883 0.061523 0.089844
0 0.716309 0.886719 0.069336 0.074219
0 0.690918 0.735352 0.084961 0.089844
0 0.145508 0.364746 0.076172 0.071289
0 0.289062 0.334473 0.060547 0.041992
0 0.165039 0.295898 0.054688 0.052734
0 0.227539 0.448242 0.070312 0.054688
0 0.175293 0.481445 0.071289 0.083984
0 0.372559 0.533203 0.069336 0.091797
0 0.461914 0.547363 0.042969 0.051758
0 0.494629 0.576660 0.077148 0.092773
0 0.574219 0.589844 0.062500 0.066406
0 0.537109 0.382324 0.105469 0.073242
0 0.463867 0.418457 0.074219 0.047852
0 0.387695 0.355469 0.060547 0.046875
0 0.542480 0.248535 0.088867 0.079102
0 0.419922 0.205078 0.085938 0.074219
0 0.295410 0.167969 0.053711 0.041016
0 0.250977 0.094238 0.089844 0.083008
0 0.756348 0.537109 0.094727 0.083984
0 0.745605 0.362793 0.057617 0.069336
0 0.659668 0.205078 0.073242 0.072266
0 0.292969 0.019043 0.076172 0.038086
0 0.976074 0.309082 0.047852 0.051758
0 0.895508 0.426270 0.076172 0.067383
0 0.829590 0.566406 0.102539 0.160156
0 0.801758 0.752441 0.113281 0.098633
0 0.942383 0.773438 0.054688 0.044922
0 0.979492 0.823730 0.041016 0.038086
0 0.951172 0.200684 0.064453 0.059570
0 0.897949 0.088867 0.063477 0.085938
0 0.982422 0.052734 0.035156 0.082031
0 0.958496 0.933594 0.073242 0.095703
0 0.476074 0.015137 0.096680 0.030273
