0 0.071777 0.464844 0.073242 0.062500
0 0.154297 0.465332 0.058594 0.092773
0 0.060547 0.282715 0.080078 0.081055
0 0.119629 0.193848 0.118164 0.083008
0 0.175293 0.277832 0.079102 0.104492
0 0.260742 0.367188 0.058594 0.068359
0 0.113281 0.108887 0.058594 0.055664
0 0.038574 0.044434 0.047852 0.088867
0 0.175781 0.053711 0.085938 0.064453
0 0.127441 0.026855 0.090820 0.053711
0 0.294434 0.177246 0.065430 0.090820
0 0.220215 0.161133 0.055664 0.105469
0 0.302246 0.270020 0.047852 0.065430
0 0.264648 0.536133 0.066406 0.140625
0 0.210449 0.650391 0.069336 0.087891
0 0.117676 0.726074 0.075195 0.069336
0 0.027344 0.728516 0.054688 0.074219
0 0.038086 0.843262 0.076172 0.100586
0 0.128906 0.808105 0.062500 0.075195
0 0.221191 0.807129 0.084961 0.086914
0 0.286133 0.894531 0.083984 0.062500
0 0.811523 0.976562 0.109375 0.046875
0 0.958984 0.972656 0.082031 0.054688
0 0.590820 0.714844 0.087891 0.085938
0 0.387695 0.681152 0.074219 0.075195
0 0.322754 0.699707 0.059570 0.069336
0 0.418457 0.771973 0.084961 0.073242
0 0.585938 0.521484 0.101562 0.119141
0 0.706543 0.594238 0.088867 0.161133
0 0.772949 0.698730 0.061523 0.059570
0 0.871094 0.718262 0.087891 0.112305
0 0.871582 0.804199 0.133789 0.125977
0 0.899414 0.627930 0.085938 0.076172
0 0.956055 0.606445 0.087891 0.087891
0 0.975586 0.682129 0.048828 0.057617
0 0.766602 0.347656 0.154297 0.244141
0 0.559082 0.240723 0.069336 0.059570
0 0.576172 0.203613 0.097656 0.061523
0 0.464844 0.141602 0.083984 0.144531
0 0.344727 0.080566 0.083984 0.084961
0 0.542969 0.322266 0.119141 0.076172
0 0.415527 0.364746 0.065430 0.055664
0 0.466309 0.415527 0.073242 0.057617
0 0.826172 0.119629 0.085938 0.079102
0 0.962402 0.236816 0.075195 0.071289
0 0.951660 0.132812 0.096680 0.091797
0 0.920410 0.029297 0.120117 0.058594
0 0.545410 0.029297 0.077148 0.058594
0 0.600586 0.756348 0.082031 0.086914
0 0.781250 0.758789 0.076172 0.087891
