0 0.878418 0.074219 0.043945 0.103516
0 0.962402 0.204590 0.040039 0.059570
0 0.934082 0.508789 0.081055 0.111328
0 0.815918 0.325195 0.057617 0.062500
0 0.832520 0.230469 0.081055 0.109375
0 0.792969 0.282715 0.039062 0.083008
0 0.757812 0.242188 0.037109 0.070312
0 0.800293 0.148438 0.055664 0.072266
0 0.840332 0.140137 0.055664 0.092773
0 0.652832 0.292480 0.065430 0.055664
0 0.721191 0.313477 0.063477 0.037109
0 0.775879 0.411621 0.047852 0.055664
0 0.324219 0.374023 0.085938 0.105469
0 0.497559 0.226562 0.049805 0.076172
0 0.438477 0.167969 0.070312 0.064453
0 0.545410 0.233887 0.071289 0.061523
0 0.524414 0.277832 0.050781 0.047852
0 0.624512 0.374512 0.086914 0.057617
0 0.574219 0.359863 0.060547 0.047852
0 0.505371 0.402832 0.063477 0.055664
0 0.332520 0.442871 0.069336 0.038086
0 0.082031 0.344238 0.128906 0.040039
0 0.070312 0.304688 0.140625 0.046875
0 0.048340 0.122070 0.047852 0.046875
0 0.160645 0.020020 0.102539 0.040039
0 0.239746 0.534180 0.081055 0.076172
0 0.204590 0.638184 0.081055 0.045898
0 0.221680 0.682129 0.056641 0.043945
0 0.274902 0.698242 0.061523 0.048828
0 0.274414 0.634766 0.070312 0.060547
0 0.345215 0.524902 0.055664 0.045898
0 0.416504 0.553711 0.043945 0.054688
0 0.440430 0.535645 0.066406 0.071289
0 0.561523 0.543945 0.048828 0.064453
0 0.613281 0.474609 0.083984 0.074219
0 0.675293 0.501953 0.059570 0.048828
0 0.672363 0.546387 0.055664 0.049805
0 0.657715 0.603027 0.075195 0.065430
0 0.872559 0.596191 0.043945 0.049805
0 0.540527 0.607910 0.086914 0.065430
0 0.479004 0.638184 0.075195 0.034180
0 0.501953 0.647461 0.058594 0.052734
0 0.413574 0.646973 0.047852 0.053711
0 0.409180 0.755371 0.091797 0.051758
0 0.385254 0.817871 0.065430 0.090820
0 0.324707 0.791992 0.051758 0.050781
0 0.280762 0.804199 0.041992 0.047852
0 0.239746 0.811523 0.051758 0.050781
0 0.162598 0.933105 0.061523 0.098633
0 0.050293 0.846191 0.100586 0.043945
0 0.394531 0.915527 0.091797 0.059570
0 0.470215 0.884277 0.073242 0.063477
0 0.531738 0.819336 0.069336 0.039062
0 0.487305 0.770996 0.062500 0.045898
0 0.545898 0.732910 0.050781 0.059570
0 0.522461 0.693848 0.076172 0.047852
0 0.589355 0.662109 0.083008 0.060547
0 0.753906 0.747559 0.062500 0.049805
0 0.766113 0.831055 0.092773 0.054688
0 0.811035 0.894531 0.063477 0.083984
0 0.945801 0.942871 0.040039 0.098633
0 0.981445 0.895508 0.037109 0.093750
0 0.834961 0.703125 0.066406 0.054688
0 0.255859 0.025879 0.035156 0.028320
0 0.082520 0.634277 0.043945 0.030273
0 0.865723 0.334961 0.040039 0.029297
0 0.842285 0.293457 0.040039 0.049805
0 0.667969 0.275879 0.060547 0.059570
0 0.614258 0.822754 0.064453 0.038086
0 0.598145 0.830078 0.077148 0.031250
0 0.603027 0.835449 0.053711 0.075195
0 0.586426 0.746094 0.051758 0.052734
0 0.656250 0.763184 0.031250 0.036133
0 0.466309 0.839355 0.028320 0.036133
