0 0.884277 0.163086 0.084961 0.074219
0 0.842285 0.083984 0.086914 0.072266
0 0.664062 0.164551 0.080078 0.061523
0 0.609863 0.034668 0.110352 0.069336
0 0.451660 0.157715 0.137695 0.098633
0 0.422363 0.055176 0.092773 0.073242
0 0.179199 0.070312 0.065430 0.140625
0 0.108398 0.065430 0.087891 0.066406
0 0.034668 0.030273 0.069336 0.060547
0 0.407227 0.253418 0.121094 0.053711
0 0.376465 0.316895 0.094727 0.045898
0 0.357422 0.360840 0.087891 0.049805
0 0.145020 0.425781 0.079102 0.062500
0 0.442383 0.451660 0.109375 0.081055
0 0.585449 0.398926 0.075195 0.098633
0 0.637207 0.447266 0.065430 0.087891
0 0.666992 0.373047 0.066406 0.105469
0 0.717773 0.295898 0.072266 0.095703
0 0.622559 0.264160 0.094727 0.059570
0 0.552246 0.193359 0.075195 0.044922
0 0.586914 0.129883 0.050781 0.046875
0 0.280273 0.582031 0.074219 0.076172
0 0.383301 0.646973 0.081055 0.055664
0 0.541504 0.590820 0.059570 0.085938
0 0.589355 0.626465 0.055664 0.069336
0 0.665039 0.603516 0.054688 0.070312
0 0.722168 0.650391 0.133789 0.078125
0 0.961426 0.669922 0.077148 0.058594
0 0.944336 0.470703 0.066406 0.082031
0 0.969238 0.335449 0.061523 0.079102
0 0.032715 0.564941 0.065430 0.057617
0 0.052734 0.330078 0.105469 0.074219
0 0.172363 0.694824 0.090820 0.135742
0 0.298340 0.763672 0.081055 0.134766
0 0.255371 0.778320 0.088867 0.060547
0 0.229004 0.962891 0.067383 0.074219
0 0.036133 0.977051 0.072266 0.045898
0 0.478027 0.895020 0.108398 0.075195
0 0.389160 0.884766 0.061523 0.115234
0 0.537598 0.854980 0.106445 0.104492
0 0.558105 0.715332 0.065430 0.057617
0 0.573730 0.770508 0.077148 0.050781
0 0.719727 0.765625 0.068359 0.072266
0 0.795410 0.850098 0.129883 0.079102
0 0.954590 0.917480 0.090820 0.077148
0 0.970703 0.814941 0.052734 0.055664
0 0.948730 0.716309 0.102539 0.069336
0 0.860840 0.356934 0.071289 0.079102
