0 0.824219 0.745117 0.097656 0.058594
0 0.496582 0.308105 0.065430 0.081055
0 0.674316 0.104492 0.114258 0.066406
0 0.139648 0.318848 0.080078 0.073242
0 0.740723 0.347656 0.161133 0.052734
0 0.102051 0.689941 0.145508 0.045898
0 0.187500 0.026855 0.042969 0.053711
0 0.317871 0.032227 0.051758 0.064453
0 0.251465 0.099121 0.049805 0.065430
0 0.583008 0.328125 0.091797 0.097656
0 0.019043 0.282227 0.038086 0.107422
0 0.666016 0.289551 0.082031 0.065430
0 0.718750 0.153809 0.132812 0.061523
0 0.855469 0.205566 0.060547 0.057617
0 0.102051 0.571777 0.077148 0.073242
0 0.076660 0.138184 0.040039 0.067383
0 0.160645 0.299805 0.063477 0.072266
0 0.076172 0.310547 0.039062 0.080078
0 0.206543 0.968750 0.040039 0.062500
0 0.860840 0.470215 0.122070 0.055664
0 0.031738 0.022949 0.063477 0.043945
0 0.703613 0.371582 0.079102 0.041992
0 0.257324 0.408203 0.120117 0.044922
0 0.013184 0.673340 0.026367 0.057617
0 0.488281 0.727539 0.085938 0.031250
0 0.197266 0.684082 0.083984 0.055664
0 0.678711 0.461426 0.066406 0.041992
0 0.286133 0.269043 0.066406 0.040039
0 0.789062 0.035156 0.054688 0.070312
0 0.164551 0.219727 0.077148 0.050781
0 0.272949 0.312012 0.071289 0.055664
0 0.473633 0.395508 0.033203 0.074219
0 0.950684 0.356934 0.073242 0.038086
0 0.914062 0.637207 0.064453 0.051758
0 0.557129 0.633789 0.159180 0.068359
0 0.393555 0.467285 0.089844 0.041992
0 0.729980 0.021973 0.032227 0.043945
0 0.963379 0.980469 0.040039 0.039062
0 0.145020 0.836914 0.077148 0.068359
0 0.944824 0.384277 0.032227 0.071289
0 0.139648 0.185547 0.103516 0.039062
0 0.670898 0.956055 0.076172 0.050781
0 0.792969 0.242188 0.111328 0.062500
0 0.617676 0.667969 0.067383 0.046875
0 0.368164 0.368164 0.074219 0.025391
0 0.436523 0.338867 0.160156 0.089844
0 0.199707 0.629883 0.118164 0.037109
0 0.059570 0.811523 0.091797 0.046875
0 0.664062 0.233398 0.052734 0.052734
0 0.027344 0.644043 0.054688 0.038086
0 0.259277 0.445312 0.170898 0.044922
0 0.539062 0.007812 0.068359 0.015625
0 0.405762 0.367188 0.065430 0.042969
0 0.979004 0.681641 0.041992 0.052734
0 0.134766 0.725098 0.074219 0.038086
0 0.858398 0.108398 0.126953 0.205078
0 0.599609 0.863770 0.042969 0.053711
0 0.982910 0.158691 0.034180 0.028320
0 0.337891 0.316406 0.029297 0.068359
0 0.255371 0.660645 0.051758 0.024414
0 0.014648 0.207520 0.029297 0.079102
0 0.978516 0.638184 0.042969 0.043945
0 0.447266 0.971680 0.052734 0.027344
