0 0.731445 0.240723 0.089844 0.067383
0 0.697266 0.318848 0.050781 0.077148
0 0.691406 0.414062 0.082031 0.076172
0 0.638184 0.367188 0.043945 0.050781
0 0.568359 0.366211 0.058594 0.062500
0 0.514160 0.323242 0.059570 0.058594
0 0.446777 0.263184 0.061523 0.061523
0 0.055176 0.234863 0.057617 0.069336
0 0.159668 0.264160 0.051758 0.041992
0 0.175293 0.289551 0.118164 0.069336
0 0.154297 0.341309 0.076172 0.053711
0 0.238281 0.373535 0.054688 0.055664
0 0.225586 0.424316 0.072266 0.063477
0 0.308594 0.401855 0.054688 0.061523
0 0.341797 0.437988 0.050781 0.073242
0 0.411621 0.440430 0.036133 0.058594
0 0.478516 0.451172 0.058594 0.042969
0 0.470215 0.385254 0.108398 0.061523
0 0.548340 0.487305 0.061523 0.060547
0 0.446289 0.605469 0.076172 0.060547
0 0.384766 0.516113 0.048828 0.075195
0 0.298340 0.501953 0.047852 0.060547
0 0.114746 0.658691 0.106445 0.063477
0 0.961426 0.403320 0.045898 0.062500
0 0.966797 0.455078 0.060547 0.072266
0 0.818848 0.312988 0.075195 0.073242
0 0.904785 0.287109 0.075195 0.054688
0 0.951660 0.206543 0.045898 0.065430
0 0.602051 0.604980 0.073242 0.043945
0 0.229004 0.756348 0.057617 0.069336
0 0.167480 0.796387 0.088867 0.061523
0 0.134277 0.870605 0.057617 0.047852
0 0.288574 0.875000 0.065430 0.052734
0 0.364258 0.913574 0.052734 0.045898
0 0.429199 0.884766 0.043945 0.076172
0 0.482910 0.869629 0.053711 0.077148
0 0.534180 0.798828 0.056641 0.085938
0 0.477539 0.739746 0.072266 0.057617
0 0.547363 0.697754 0.067383 0.083008
0 0.651367 0.700195 0.074219 0.058594
0 0.768066 0.708008 0.063477 0.072266
0 0.753418 0.756836 0.075195 0.074219
0 0.640137 0.802246 0.063477 0.063477
0 0.693359 0.797363 0.042969 0.061523
0 0.753906 0.849609 0.080078 0.056641
0 0.733398 0.804199 0.056641 0.041992
0 0.812012 0.788574 0.061523 0.086914
0 0.870605 0.778809 0.040039 0.041992
0 0.950684 0.791504 0.075195 0.051758
0 0.897461 0.824219 0.048828 0.089844
0 0.865723 0.952148 0.053711 0.066406
0 0.889648 0.907227 0.042969 0.046875
0 0.925293 0.937012 0.055664 0.086914
0 0.065918 0.481934 0.073242 0.069336
0 0.662598 0.501465 0.030273 0.024414
0 0.839844 0.461426 0.048828 0.045898
0 0.865234 0.521973 0.058594 0.053711
0 0.889648 0.398926 0.029297 0.034180
0 0.925781 0.755859 0.041016 0.044922
0 0.647949 0.850586 0.051758 0.068359
0 0.566895 0.770020 0.061523 0.057617
0 0.433105 0.840820 0.055664 0.033203
0 0.587402 0.670410 0.053711 0.057617
0 0.751953 0.327637 0.048828 0.047852
0 0.020508 0.240723 0.041016 0.059570
