0 0.187500 0.980957 0.078125 0.038086
0 0.617188 0.969238 0.097656 0.061523
0 0.691895 0.913086 0.086914 0.062500
0 0.463867 0.976074 0.056641 0.047852
0 0.391602 0.977051 0.082031 0.045898
0 0.919922 0.956055 0.074219 0.087891
0 0.881836 0.884766 0.078125 0.107422
0 0.500488 0.811523 0.083008 0.156250
0 0.699707 0.721680 0.059570 0.068359
0 0.320312 0.747559 0.074219 0.061523
0 0.972168 0.674316 0.055664 0.077148
0 0.859375 0.568359 0.058594 0.060547
0 0.706055 0.513672 0.099609 0.085938
0 0.646973 0.464844 0.071289 0.064453
0 0.828613 0.456055 0.094727 0.074219
0 0.312988 0.471191 0.075195 0.061523
0 0.098145 0.584473 0.063477 0.083008
0 0.158203 0.669434 0.101562 0.094727
0 0.073730 0.644531 0.065430 0.078125
0 0.049805 0.737793 0.099609 0.079102
0 0.388184 0.528809 0.100586 0.086914
0 0.420410 0.577637 0.059570 0.067383
0 0.392578 0.437012 0.087891 0.100586
0 0.244141 0.111328 0.099609 0.089844
0 0.508301 0.080078 0.081055 0.080078
0 0.792480 0.190430 0.077148 0.056641
0 0.882812 0.354492 0.068359 0.085938
0 0.226562 0.046875 0.097656 0.074219
0 0.969727 0.507812 0.060547 0.076172
0 0.984375 0.580566 0.031250 0.063477
0 0.092773 0.024902 0.085938 0.049805
0 0.189453 0.020996 0.064453 0.041992
0 0.280762 0.016113 0.051758 0.032227
0 0.316406 0.422852 0.066406 0.056641
0 0.011230 0.528809 0.022461 0.067383
0 0.659668 0.016602 0.045898 0.033203
0 0.825684 0.005371 0.026367 0.010742
0 0.988281 0.428223 0.023438 0.030273
0 0.738770 0.494141 0.049805 0.044922
0 0.852539 0.349609 0.054688 0.070312
0 0.062500 0.991211 0.072266 0.017578
0 0.130859 0.981445 0.029297 0.033203
0 0.735352 0.987793 0.050781 0.022461
0 0.630371 0.846680 0.030273 0.041016
0 0.694824 0.971191 0.043945 0.053711
0 0.531738 0.988281 0.063477 0.023438
0 0.454590 0.953613 0.061523 0.061523
0 0.437012 0.812012 0.049805 0.055664
0 0.964355 0.922363 0.038086 0.047852
0 0.374512 0.585449 0.038086 0.047852
