0 0.872070 0.426758 0.046875 0.039062
0 0.883301 0.182617 0.110352 0.076172
0 0.615723 0.069336 0.186523 0.111328
0 0.812988 0.290527 0.065430 0.198242
0 0.174316 0.970215 0.186523 0.059570
0 0.090820 0.076172 0.181641 0.103516
0 0.719727 0.031738 0.208984 0.063477
0 0.398438 0.221191 0.074219 0.096680
0 0.925781 0.697266 0.148438 0.132812
0 0.823242 0.805176 0.091797 0.086914
0 0.030762 0.466797 0.061523 0.068359
0 0.063477 0.281738 0.126953 0.108398
0 0.073242 0.154785 0.146484 0.139648
0 0.709473 0.250488 0.168945 0.118164
0 0.606445 0.168457 0.150391 0.081055
0 0.619629 0.300293 0.172852 0.124023
0 0.738770 0.318359 0.166992 0.072266
0 0.940918 0.265625 0.079102 0.087891
