0 0.066406 0.778320 0.062500 0.080078
0 0.030273 0.553223 0.060547 0.073242
0 0.061035 0.604492 0.073242 0.089844
0 0.131836 0.355469 0.080078 0.080078
0 0.273926 0.431641 0.092773 0.099609
0 0.349609 0.528809 0.056641 0.133789
0 0.499512 0.586426 0.100586 0.069336
0 0.531738 0.727051 0.098633 0.069336
0 0.605469 0.544434 0.085938 0.067383
0 0.687988 0.541992 0.116211 0.095703
0 0.721680 0.441406 0.056641 0.091797
0 0.773438 0.487305 0.062500 0.062500
0 0.532227 0.270020 0.060547 0.065430
0 0.228027 0.237793 0.079102 0.071289
0 0.233887 0.148438 0.086914 0.070312
0 0.235840 0.077148 0.090820 0.080078
0 0.375000 0.138672 0.068359 0.126953
0 0.321289 0.071777 0.062500 0.083008
0 0.085449 0.260254 0.059570 0.061523
0 0.711426 0.111328 0.071289 0.109375
0 0.876465 0.086426 0.077148 0.100586
0 0.982910 0.144043 0.034180 0.059570
0 0.959473 0.253906 0.081055 0.066406
0 0.910156 0.415527 0.087891 0.090820
0 0.978516 0.389648 0.042969 0.103516
0 0.850098 0.735352 0.083008 0.101562
0 0.656250 0.860352 0.089844 0.128906
0 0.588379 0.883301 0.059570 0.100586
0 0.521484 0.912598 0.074219 0.106445
0 0.209473 0.919922 0.071289 0.068359
0 0.220703 0.984375 0.089844 0.031250
0 0.285645 0.972656 0.053711 0.054688
0 0.116699 0.679688 0.059570 0.062500
0 0.232422 0.773926 0.078125 0.067383
0 0.333984 0.448730 0.072266 0.100586
0 0.512695 0.033203 0.087891 0.060547
0 0.946289 0.583496 0.087891 0.096680
0 0.913086 0.781738 0.066406 0.108398
0 0.258789 0.022461 0.066406 0.044922
0 0.759277 0.011230 0.053711 0.022461
0 0.668457 0.027832 0.086914 0.055664
0 0.796387 0.722656 0.040039 0.041016
0 0.722168 0.819824 0.032227 0.036133
0 0.712891 0.846191 0.046875 0.041992
0 0.063965 0.966797 0.065430 0.066406
0 0.496094 0.208496 0.046875 0.026367
0 0.756348 0.399902 0.092773 0.053711
0 0.429688 0.253418 0.058594 0.053711
0 0.727539 0.967773 0.042969 0.050781
0 0.864746 0.986328 0.051758 0.025391
0 0.969727 0.186523 0.058594 0.058594
