0 0.822754 0.468750 0.075195 0.060547
0 0.936035 0.459473 0.114258 0.092773
0 0.102051 0.569824 0.084961 0.094727
0 0.895996 0.612793 0.077148 0.081055
0 0.033691 0.376953 0.067383 0.095703
0 0.119629 0.303223 0.069336 0.112305
0 0.884766 0.210938 0.074219 0.111328
0 0.093262 0.747070 0.096680 0.080078
0 0.932129 0.530273 0.065430 0.056641
0 0.215332 0.193359 0.069336 0.056641
0 0.056641 0.043945 0.076172 0.082031
0 0.018555 0.300781 0.037109 0.078125
0 0.079590 0.284668 0.075195 0.084961
0 0.025391 0.770020 0.050781 0.067383
0 0.953125 0.793945 0.093750 0.054688
0 0.949219 0.907715 0.101562 0.053711
0 0.665039 0.109863 0.050781 0.122070
0 0.959961 0.749023 0.080078 0.054688
0 0.969238 0.836914 0.061523 0.046875
