0 0.084961 0.610352 0.064453 0.109375
0 0.881348 0.360840 0.073242 0.096680
0 0.076172 0.682129 0.054688 0.088867
0 0.501953 0.242188 0.072266 0.066406
0 0.808105 0.092773 0.067383 0.109375
0 0.900879 0.445312 0.079102 0.083984
0 0.246094 0.342285 0.078125 0.092773
0 0.598145 0.037598 0.071289 0.075195
0 0.796387 0.732910 0.079102 0.084961
0 0.338867 0.612305 0.041016 0.128906
0 0.958008 0.333008 0.037109 0.095703
0 0.697266 0.031738 0.046875 0.063477
0 0.858398 0.081543 0.080078 0.125977
0 0.286621 0.069336 0.149414 0.085938
0 0.778809 0.923340 0.063477 0.141602
0 0.907715 0.043945 0.077148 0.087891
0 0.313477 0.299805 0.041016 0.109375
0 0.125488 0.907227 0.073242 0.113281
0 0.819824 0.162598 0.069336 0.057617
0 0.329590 0.264160 0.063477 0.124023
0 0.915039 0.097656 0.070312 0.083984
0 0.231445 0.503418 0.068359 0.118164
0 0.695801 0.181152 0.083008 0.061523
0 0.563965 0.486816 0.040039 0.092773
0 0.406738 0.054688 0.104492 0.093750
0 0.176758 0.728516 0.087891 0.109375
0 0.458984 0.720703 0.033203 0.085938
0 0.896484 0.720703 0.080078 0.115234
0 0.624023 0.662598 0.048828 0.112305
0 0.181641 0.074219 0.062500 0.111328
0 0.760742 0.734863 0.035156 0.067383
0 0.318848 0.873047 0.131836 0.103516
0 0.673340 0.470215 0.086914 0.071289
0 0.049805 0.131348 0.099609 0.104492
0 0.462891 0.031250 0.060547 0.062500
0 0.183105 0.297363 0.049805 0.110352
0 0.035156 0.303711 0.070312 0.080078
0 0.618652 0.256836 0.059570 0.066406
0 0.209961 0.412109 0.080078 0.083984
0 0.017090 0.974609 0.034180 0.050781
0 0.605469 0.315430 0.107422 0.050781
0 0.651367 0.058594 0.041016 0.113281
0 0.584473 0.469238 0.028320 0.081055
0 0.674805 0.395996 0.046875 0.081055
0 0.329590 0.185059 0.067383 0.069336
0 0.255371 0.482422 0.106445 0.083984
0 0.725586 0.961914 0.033203 0.076172
0 0.667969 0.034668 0.062500 0.067383
0 0.691406 0.845703 0.072266 0.060547
0 0.013672 0.541504 0.025391 0.102539
0 0.955566 0.827637 0.049805 0.055664
0 0.878906 0.580566 0.097656 0.043945
0 0.039062 0.943848 0.048828 0.106445
0 0.352051 0.452637 0.081055 0.043945
0 0.475098 0.610352 0.036133 0.058594
0 0.691895 0.785645 0.028320 0.059570
0 0.458008 0.984375 0.080078 0.031250
0 0.119629 0.460449 0.069336 0.057617
0 0.477051 0.504883 0.102539 0.037109
0 0.186035 0.544434 0.125977 0.040039
0 0.037598 0.780273 0.065430 0.062500
0 0.147461 0.760254 0.048828 0.071289
0 0.934570 0.631348 0.087891 0.059570
0 0.027344 0.460449 0.054688 0.055664
0 0.687500 0.535156 0.044922 0.062500
0 0.492188 0.177734 0.062500 0.039062
0 0.125977 0.498535 0.052734 0.081055
0 0.063965 0.427734 0.079102 0.060547
0 0.774902 0.528320 0.086914 0.048828
0 0.287109 0.924316 0.158203 0.051758
0 0.700684 0.161133 0.083008 0.033203
0 0.532715 0.541504 0.079102 0.034180
0 0.280762 0.893555 0.047852 0.113281
0 0.349121 0.374023 0.040039 0.123047
0 0.264648 0.649414 0.113281 0.044922
0 0.060547 0.850098 0.046875 0.028320
0 0.164062 0.494629 0.025391 0.065430
0 0.432617 0.547852 0.044922 0.021484
0 0.017578 0.046387 0.035156 0.069336
0 0.013184 0.656738 0.026367 0.063477
0 0.374023 0.240723 0.044922 0.090820
0 0.230957 0.377930 0.043945 0.050781
0 0.190918 0.503906 0.036133 0.062500
0 0.148438 0.898438 0.076172 0.103516
0 0.731445 0.889648 0.044922 0.033203
