0 0.450684 0.572266 0.112305 0.105469
0 0.000977 0.977051 0.001953 0.045898
0 0.729492 0.735840 0.179688 0.141602
0 0.055176 0.625488 0.067383 0.172852
0 0.624512 0.968262 0.110352 0.057617
0 0.400391 0.887695 0.080078 0.078125
0 0.604980 0.543945 0.104492 0.125000
0 0.840332 0.970215 0.124023 0.057617
0 0.471191 0.970703 0.067383 0.052734
0 0.686035 0.691406 0.086914 0.072266
0 0.583008 0.832031 0.162109 0.109375
0 0.823242 0.947266 0.191406 0.105469
0 0.786133 0.814453 0.142578 0.060547
0 0.308594 0.683594 0.072266 0.062500
0 0.675781 0.830566 0.068359 0.057617
0 0.045410 0.817871 0.079102 0.053711
0 0.477051 0.589355 0.110352 0.094727
0 0.862305 0.877441 0.179688 0.057617
0 0.933105 0.905273 0.133789 0.140625
0 0.944336 0.634277 0.111328 0.088867
0 0.689941 0.497070 0.075195 0.091797
0 0.959961 0.711914 0.080078 0.054688
