0 0.189941 0.665527 0.120117 0.122070
0 0.413086 0.941895 0.117188 0.069336
0 0.518066 0.149902 0.127930 0.075195
0 0.554688 0.909668 0.134766 0.069336
0 0.677246 0.859375 0.077148 0.082031
0 0.874512 0.255859 0.135742 0.087891
0 0.050781 0.083496 0.078125 0.077148
0 0.371094 0.230957 0.097656 0.102539
0 0.562012 0.249512 0.190430 0.075195
0 0.170898 0.122070 0.187500 0.080078
0 0.600586 0.643555 0.177734 0.117188
0 0.411621 0.352539 0.184570 0.144531
0 0.260742 0.262207 0.087891 0.075195
0 0.807129 0.183105 0.135742 0.067383
0 0.432129 0.589355 0.155273 0.145508
0 0.704590 0.594727 0.094727 0.070312
0 0.524414 0.855957 0.070312 0.057617
0 0.253418 0.457031 0.092773 0.205078
0 0.642090 0.028320 0.075195 0.056641
0 0.698242 0.445801 0.132812 0.073242
0 0.175781 0.479492 0.091797 0.070312
0 0.895996 0.776855 0.208008 0.059570
0 0.842285 0.577148 0.174805 0.220703
0 0.147461 0.039062 0.125000 0.078125
0 0.809570 0.670898 0.130859 0.087891
0 0.305664 0.673340 0.082031 0.131836
0 0.859863 0.960938 0.165039 0.078125
0 0.789551 0.091797 0.170898 0.070312
0 0.375000 0.151855 0.125000 0.065430
0 0.543457 0.062500 0.157227 0.062500
0 0.340820 0.043457 0.207031 0.086914
0 0.103027 0.372070 0.122070 0.134766
0 0.360352 0.849609 0.142578 0.115234
0 0.739746 0.249512 0.165039 0.094727
0 0.097168 0.816895 0.094727 0.219727
0 0.028809 0.328613 0.057617 0.092773
0 0.804688 0.411621 0.072266 0.102539
0 0.108398 0.955078 0.080078 0.089844
0 0.497070 0.762207 0.064453 0.059570
0 0.397949 0.648438 0.137695 0.097656
0 0.736328 0.350586 0.072266 0.107422
0 0.552246 0.682129 0.094727 0.059570
0 0.743164 0.962891 0.187500 0.074219
0 0.863281 0.874512 0.062500 0.069336
0 0.570801 0.358398 0.083008 0.078125
0 0.622070 0.482910 0.089844 0.067383
0 0.780762 0.277344 0.096680 0.080078
0 0.098145 0.326172 0.086914 0.062500
0 0.715820 0.660645 0.068359 0.067383
0 0.819336 0.000977 0.115234 0.001953
0 0.319336 0.783203 0.064453 0.087891
0 0.359375 0.640625 0.205078 0.052734
0 0.913574 0.850586 0.172852 0.126953
0 0.859863 0.739258 0.084961 0.054688
0 0.853516 0.590820 0.292969 0.142578
0 0.731934 0.503418 0.120117 0.086914
0 0.202148 0.253418 0.070312 0.047852
0 0.509766 0.391602 0.117188 0.062500
0 0.908203 0.359863 0.052734 0.094727
0 0.979980 0.236816 0.040039 0.190430
0 0.724609 0.054688 0.199219 0.054688
0 0.583008 0.050781 0.142578 0.087891
0 0.329590 0.063477 0.194336 0.123047
0 0.841797 0.924805 0.146484 0.089844
0 0.351074 0.349609 0.075195 0.083984
0 0.792969 0.799805 0.113281 0.091797
0 0.447266 0.417480 0.072266 0.061523
