0 0.891602 0.047363 0.068359 0.094727
0 0.279785 0.325195 0.061523 0.087891
0 0.703125 0.600586 0.068359 0.105469
0 0.819824 0.443359 0.098633 0.064453
0 0.559082 0.570801 0.086914 0.073242
0 0.202148 0.491699 0.066406 0.106445
0 0.061523 0.878906 0.119141 0.054688
0 0.422363 0.442383 0.106445 0.123047
0 0.168945 0.955566 0.117188 0.071289
0 0.768066 0.135742 0.086914 0.146484
0 0.890137 0.770996 0.069336 0.096680
0 0.700195 0.403320 0.044922 0.132812
0 0.430664 0.857422 0.070312 0.083984
0 0.708008 0.505859 0.060547 0.109375
0 0.776855 0.590332 0.090820 0.114258
0 0.913574 0.847656 0.073242 0.095703
0 0.714844 0.056641 0.070312 0.076172
0 0.428223 0.569824 0.094727 0.073242
0 0.891113 0.881348 0.036133 0.102539
0 0.744629 0.249023 0.112305 0.101562
0 0.293945 0.226562 0.072266 0.103516
0 0.501953 0.789062 0.083984 0.117188
0 0.360840 0.590820 0.106445 0.074219
0 0.778320 0.528320 0.080078 0.099609
0 0.250000 0.959473 0.095703 0.049805
0 0.319824 0.972656 0.073242 0.054688
0 0.224121 0.567871 0.147461 0.069336
0 0.785156 0.078613 0.054688 0.145508
0 0.564941 0.536133 0.055664 0.076172
0 0.349609 0.264160 0.060547 0.094727
0 0.939453 0.924316 0.048828 0.071289
0 0.817871 0.062988 0.102539 0.125977
0 0.364746 0.824707 0.104492 0.065430
0 0.938965 0.528809 0.043945 0.063477
0 0.709473 0.037109 0.108398 0.074219
0 0.647461 0.472656 0.027344 0.123047
0 0.400879 0.308594 0.069336 0.177734
0 0.039062 0.057617 0.078125 0.099609
0 0.252930 0.600098 0.080078 0.096680
0 0.275879 0.072754 0.067383 0.145508
0 0.637207 0.913086 0.104492 0.072266
0 0.067871 0.350098 0.077148 0.086914
0 0.933594 0.735840 0.031250 0.094727
0 0.709473 0.174805 0.065430 0.099609
0 0.371094 0.096191 0.128906 0.180664
0 0.634766 0.587891 0.052734 0.068359
0 0.025879 0.910645 0.051758 0.073242
0 0.243164 0.455566 0.050781 0.088867
0 0.523438 0.127441 0.160156 0.120117
0 0.045898 0.202637 0.091797 0.129883
0 0.145996 0.609863 0.124023 0.063477
0 0.091309 0.073242 0.133789 0.128906
0 0.944336 0.217773 0.099609 0.115234
0 0.351562 0.173828 0.085938 0.103516
0 0.530273 0.764648 0.072266 0.058594
0 0.187500 0.912109 0.058594 0.070312
0 0.526367 0.156738 0.066406 0.049805
0 0.180176 0.822754 0.155273 0.110352
0 0.280762 0.882812 0.083008 0.072266
0 0.975098 0.122070 0.049805 0.076172
0 0.088867 0.595703 0.113281 0.117188
0 0.482910 0.266602 0.030273 0.080078
0 0.227539 0.043945 0.080078 0.087891
0 0.959473 0.798828 0.030273 0.052734
0 0.596191 0.831055 0.120117 0.115234
0 0.675781 0.891113 0.080078 0.075195
0 0.081543 0.530273 0.163086 0.078125
0 0.208496 0.622559 0.127930 0.071289
