0 0.263672 0.342773 0.052734 0.089844
0 0.584473 0.836914 0.061523 0.080078
0 0.608398 0.308594 0.046875 0.117188
0 0.659668 0.577637 0.069336 0.067383
0 0.196777 0.150391 0.083008 0.080078
0 0.970215 0.643555 0.055664 0.058594
0 0.080078 0.545410 0.093750 0.112305
0 0.321289 0.241211 0.062500 0.076172
0 0.412598 0.421387 0.084961 0.096680
0 0.708984 0.210449 0.058594 0.069336
0 0.817383 0.050293 0.048828 0.067383
0 0.832520 0.021973 0.026367 0.043945
0 0.212402 0.657227 0.088867 0.046875
0 0.926270 0.252930 0.077148 0.072266
0 0.469727 0.726562 0.097656 0.050781
0 0.624512 0.231934 0.057617 0.059570
0 0.557617 0.641602 0.054688 0.060547
0 0.763672 0.575684 0.103516 0.040039
0 0.535156 0.270508 0.070312 0.062500
0 0.794434 0.328613 0.069336 0.047852
0 0.937500 0.575684 0.044922 0.075195
0 0.273926 0.731934 0.053711 0.073242
0 0.812500 0.282227 0.062500 0.050781
0 0.493652 0.558105 0.028320 0.090820
0 0.495605 0.890625 0.067383 0.054688
0 0.241699 0.570801 0.110352 0.051758
0 0.936523 0.727051 0.054688 0.049805
0 0.105469 0.718750 0.082031 0.033203
0 0.015625 0.031250 0.031250 0.062500
0 0.979004 0.934570 0.041992 0.050781
0 0.044434 0.237793 0.065430 0.040039
0 0.403809 0.942871 0.069336 0.041992
0 0.012207 0.423340 0.024414 0.040039
0 0.660645 0.750000 0.069336 0.037109
0 0.977051 0.986328 0.045898 0.023438
0 0.099609 0.399414 0.066406 0.031250
0 0.921875 0.197266 0.050781 0.068359
0 0.934570 0.062012 0.025391 0.075195
0 0.724121 0.681152 0.063477 0.026367
0 0.306641 0.616699 0.083984 0.041992
0 0.130371 0.174805 0.040039 0.089844
0 0.616699 0.132812 0.061523 0.027344
0 0.377441 0.454102 0.086914 0.029297
0 0.216797 0.234375 0.062500 0.050781
0 0.548828 0.019531 0.048828 0.037109
0 0.141113 0.481445 0.055664 0.113281
0 0.825195 0.691895 0.066406 0.051758
0 0.298828 0.847168 0.056641 0.028320
0 0.208008 0.534668 0.054688 0.051758
0 0.798828 0.792969 0.048828 0.023438
0 0.830078 0.553223 0.056641 0.047852
0 0.234863 0.918457 0.114258 0.047852
0 0.517578 0.962402 0.060547 0.026367
0 0.227539 0.970703 0.082031 0.031250
0 0.087402 0.957520 0.063477 0.028320
0 0.874023 0.616699 0.080078 0.045898
0 0.462891 0.190918 0.048828 0.051758
0 0.491211 0.658691 0.046875 0.038086
0 0.343750 0.212402 0.050781 0.020508
0 0.204102 0.322266 0.056641 0.029297
0 0.404297 0.016602 0.041016 0.033203
0 0.667969 0.543945 0.048828 0.025391
0 0.323730 0.012207 0.040039 0.024414
0 0.504395 0.201660 0.043945 0.022461
0 0.713867 0.989258 0.054688 0.017578
0 0.508301 0.993652 0.043945 0.012695
0 0.029297 0.493652 0.058594 0.041992
0 0.484863 0.558105 0.032227 0.084961
0 0.988281 0.015137 0.023438 0.030273
0 0.344727 0.287109 0.072266 0.044922
