0 0.897461 0.230469 0.126953 0.089844
0 0.734375 0.202637 0.119141 0.112305
0 0.499023 0.229492 0.123047 0.091797
0 0.415039 0.046387 0.087891 0.079102
0 0.182129 0.512207 0.165039 0.106445
0 0.591797 0.533691 0.220703 0.141602
0 0.411133 0.823242 0.119141 0.187500
0 0.977051 0.787109 0.045898 0.185547
0 0.847656 0.839355 0.132812 0.172852
0 0.552734 0.016602 0.080078 0.033203
0 0.854980 0.021973 0.166992 0.043945
0 0.985840 0.004883 0.028320 0.009766
0 0.244629 0.152832 0.104492 0.061523
0 0.212891 0.029785 0.078125 0.059570
0 0.096191 0.066406 0.083008 0.082031
0 0.064941 0.208984 0.124023 0.074219
0 0.250977 0.282715 0.103516 0.088867
0 0.038574 0.303711 0.077148 0.064453
0 0.035645 0.484863 0.045898 0.114258
0 0.682129 0.448730 0.079102 0.049805
0 0.974609 0.485352 0.050781 0.068359
0 0.819824 0.527344 0.071289 0.089844
0 0.755859 0.697754 0.060547 0.073242
0 0.672363 0.706055 0.069336 0.082031
0 0.540039 0.669434 0.095703 0.073242
0 0.580078 0.708984 0.080078 0.076172
0 0.678711 0.827148 0.074219 0.074219
0 0.787109 0.951172 0.107422 0.097656
0 0.963867 0.615723 0.072266 0.073242
0 0.240723 0.686523 0.063477 0.076172
0 0.149902 0.811523 0.096680 0.099609
0 0.245605 0.921387 0.098633 0.157227
0 0.563965 0.966797 0.122070 0.066406
0 0.042480 0.764648 0.084961 0.126953
0 0.022949 0.630859 0.045898 0.078125
0 0.038086 0.898438 0.072266 0.123047
0 0.436523 0.201172 0.078125 0.078125
0 0.216309 0.216797 0.112305 0.062500
