0 0.141602 0.610840 0.042969 0.057617
0 0.088379 0.481934 0.051758 0.079102
0 0.100586 0.517090 0.054688 0.061523
0 0.117676 0.152344 0.034180 0.072266
0 0.262695 0.199219 0.050781 0.058594
0 0.176270 0.012695 0.051758 0.025391
0 0.270996 0.640625 0.055664 0.048828
0 0.439453 0.661621 0.046875 0.047852
0 0.493164 0.125488 0.048828 0.071289
0 0.629883 0.050781 0.033203 0.054688
0 0.961914 0.072266 0.076172 0.070312
0 0.773926 0.221680 0.051758 0.037109
0 0.631348 0.394531 0.038086 0.152344
0 0.585449 0.434082 0.069336 0.094727
0 0.713867 0.428711 0.035156 0.074219
0 0.725098 0.426270 0.020508 0.047852
0 0.669922 0.561523 0.056641 0.056641
0 0.777832 0.517578 0.045898 0.066406
0 0.633301 0.706055 0.051758 0.048828
0 0.808105 0.593262 0.028320 0.040039
0 0.840820 0.596680 0.044922 0.066406
0 0.864746 0.476562 0.059570 0.105469
0 0.877930 0.434082 0.037109 0.065430
0 0.904785 0.666016 0.043945 0.064453
0 0.958496 0.971191 0.040039 0.057617
0 0.663574 0.971680 0.053711 0.054688
0 0.761230 0.769043 0.040039 0.036133
0 0.695312 0.742676 0.052734 0.030273
0 0.467285 0.958984 0.040039 0.082031
0 0.261230 0.962891 0.061523 0.050781
0 0.308594 0.955078 0.041016 0.062500
0 0.185547 0.976562 0.037109 0.031250
