0 0.019043 0.115234 0.038086 0.058594
0 0.097168 0.356934 0.077148 0.108398
0 0.062012 0.229492 0.092773 0.117188
0 0.164062 0.264648 0.064453 0.087891
0 0.168457 0.166992 0.084961 0.070312
0 0.211426 0.166992 0.059570 0.054688
0 0.169434 0.056641 0.059570 0.068359
0 0.316406 0.260254 0.166016 0.083008
0 0.122559 0.497070 0.114258 0.074219
0 0.065918 0.557617 0.081055 0.070312
0 0.094238 0.664551 0.094727 0.075195
0 0.062500 0.768066 0.099609 0.057617
0 0.166992 0.903809 0.130859 0.063477
0 0.292480 0.715820 0.120117 0.062500
0 0.329102 0.787598 0.083984 0.079102
0 0.420410 0.782227 0.053711 0.070312
0 0.439453 0.570312 0.064453 0.175781
0 0.497559 0.486816 0.071289 0.092773
0 0.347656 0.408203 0.087891 0.064453
0 0.394043 0.354004 0.065430 0.049805
0 0.578613 0.379883 0.067383 0.056641
0 0.559570 0.281250 0.044922 0.054688
0 0.697754 0.377441 0.077148 0.067383
0 0.639160 0.213379 0.055664 0.055664
0 0.486816 0.084473 0.065430 0.055664
0 0.282715 0.948242 0.049805 0.054688
0 0.379883 0.884277 0.146484 0.120117
0 0.554688 0.869629 0.074219 0.059570
0 0.537598 0.946289 0.100586 0.076172
0 0.612793 0.904785 0.045898 0.065430
0 0.707031 0.837402 0.058594 0.135742
0 0.721191 0.969727 0.051758 0.060547
0 0.874023 0.945801 0.126953 0.092773
0 0.784668 0.973633 0.059570 0.046875
0 0.880859 0.552734 0.132812 0.085938
0 0.987305 0.054199 0.025391 0.063477
0 0.796875 0.007812 0.062500 0.015625
0 0.262695 0.077148 0.060547 0.099609
0 0.368164 0.017090 0.048828 0.034180
0 0.726074 0.282227 0.084961 0.089844
0 0.793945 0.262207 0.097656 0.073242
0 0.769043 0.330078 0.083008 0.056641
0 0.656250 0.146973 0.062500 0.081055
0 0.753906 0.117188 0.082031 0.076172
0 0.943848 0.161133 0.112305 0.091797
0 0.972168 0.272461 0.055664 0.085938
