0 0.267578 0.333008 0.087891 0.080078
0 0.915039 0.479980 0.062500 0.094727
0 0.655273 0.376465 0.080078 0.073242
0 0.577148 0.366699 0.080078 0.067383
0 0.063477 0.395508 0.109375 0.085938
0 0.872559 0.049805 0.073242 0.062500
0 0.559570 0.130371 0.080078 0.114258
0 0.289062 0.853027 0.085938 0.069336
0 0.390137 0.402344 0.106445 0.044922
0 0.268066 0.170410 0.112305 0.090820
0 0.452637 0.841797 0.112305 0.060547
0 0.955566 0.885742 0.088867 0.080078
0 0.970215 0.735840 0.059570 0.051758
0 0.711914 0.691406 0.050781 0.140625
0 0.323730 0.562012 0.090820 0.041992
0 0.818848 0.482910 0.067383 0.067383
0 0.160645 0.234863 0.112305 0.063477
0 0.388672 0.062988 0.093750 0.043945
0 0.051270 0.635742 0.102539 0.046875
0 0.545898 0.439453 0.101562 0.103516
0 0.561035 0.721191 0.131836 0.083008
0 0.483398 0.965820 0.082031 0.068359
0 0.770996 0.211426 0.118164 0.100586
0 0.490234 0.734375 0.119141 0.074219
0 0.104004 0.120605 0.106445 0.086914
0 0.432129 0.899902 0.108398 0.069336
0 0.096191 0.517090 0.114258 0.069336
0 0.101074 0.541992 0.108398 0.066406
0 0.261230 0.095703 0.098633 0.042969
0 0.542969 0.244141 0.083984 0.039062
0 0.869141 0.545898 0.138672 0.087891
0 0.107422 0.914551 0.144531 0.057617
0 0.620605 0.532227 0.069336 0.052734
0 0.193359 0.365234 0.128906 0.142578
0 0.519531 0.384766 0.060547 0.058594
0 0.284180 0.763184 0.134766 0.069336
0 0.563965 0.534180 0.098633 0.060547
0 0.790527 0.875977 0.081055 0.048828
0 0.099609 0.086426 0.158203 0.098633
0 0.201660 0.014648 0.081055 0.027344
0 0.771484 0.550781 0.140625 0.054688
0 0.624023 0.206543 0.064453 0.069336
0 0.205078 0.517578 0.138672 0.091797
0 0.822754 0.917969 0.083008 0.050781
0 0.669434 0.513184 0.141602 0.047852
0 0.039551 0.696777 0.079102 0.045898
0 0.051270 0.343262 0.102539 0.053711
0 0.920898 0.555664 0.158203 0.125000
0 0.201172 0.198242 0.166016 0.066406
0 0.954102 0.317383 0.052734 0.068359
0 0.202637 0.764648 0.149414 0.072266
0 0.975098 0.440918 0.049805 0.040039
0 0.446289 0.679688 0.125000 0.037109
0 0.459961 0.882812 0.093750 0.044922
0 0.620605 0.290527 0.094727 0.051758
0 0.456055 0.022949 0.054688 0.045898
0 0.120117 0.780762 0.107422 0.059570
0 0.103027 0.791016 0.092773 0.099609
0 0.039551 0.821777 0.079102 0.043945
0 0.853516 0.301758 0.107422 0.044922
0 0.873535 0.958496 0.075195 0.043945
0 0.051758 0.910645 0.050781 0.061523
0 0.019531 0.273926 0.039062 0.040039
0 0.046875 0.530273 0.093750 0.074219
0 0.986328 0.866699 0.027344 0.051758
0 0.425781 0.661133 0.109375 0.037109
0 0.453613 0.785645 0.083008 0.038086
0 0.158203 0.152344 0.060547 0.056641
0 0.592285 0.288086 0.088867 0.039062
0 0.506348 0.497070 0.098633 0.052734
0 0.370117 0.030273 0.085938 0.060547
0 0.026367 0.856934 0.052734 0.038086
0 0.542480 0.898926 0.059570 0.051758
0 0.588867 0.867676 0.062500 0.045898
0 0.574219 0.108887 0.046875 0.055664
0 0.175781 0.816406 0.101562 0.052734
0 0.434082 0.470703 0.104492 0.056641
0 0.818848 0.274414 0.067383 0.042969
