0 0.095703 0.103516 0.183594 0.119141
0 0.359863 0.167480 0.086914 0.067383
0 0.303711 0.253906 0.078125 0.083984
0 0.460938 0.277344 0.091797 0.078125
0 0.507324 0.083008 0.092773 0.166016
0 0.583496 0.111816 0.084961 0.127930
0 0.746582 0.123047 0.100586 0.128906
0 0.909180 0.088379 0.123047 0.061523
0 0.939941 0.141602 0.100586 0.058594
0 0.694824 0.323242 0.098633 0.109375
0 0.392090 0.414062 0.106445 0.070312
0 0.266602 0.448730 0.087891 0.110352
0 0.147461 0.329102 0.103516 0.062500
0 0.074219 0.325195 0.056641 0.056641
0 0.017578 0.510254 0.035156 0.084961
0 0.076660 0.552246 0.084961 0.075195
0 0.228027 0.587402 0.114258 0.092773
0 0.349609 0.653320 0.097656 0.089844
0 0.599609 0.684082 0.142578 0.147461
0 0.445801 0.515625 0.124023 0.089844
0 0.568359 0.491699 0.123047 0.131836
0 0.737305 0.477539 0.099609 0.080078
0 0.795410 0.432617 0.081055 0.105469
0 0.976074 0.363770 0.047852 0.059570
0 0.968750 0.276367 0.062500 0.072266
0 0.087891 0.705078 0.089844 0.078125
0 0.148438 0.819824 0.115234 0.090820
0 0.123535 0.964844 0.055664 0.062500
0 0.251953 0.932129 0.066406 0.090820
0 0.397461 0.823730 0.115234 0.084961
0 0.511719 0.912109 0.132812 0.085938
0 0.345215 0.959473 0.096680 0.073242
0 0.703125 0.910645 0.082031 0.088867
0 0.792480 0.820801 0.100586 0.125977
0 0.953125 0.777344 0.093750 0.074219
0 0.910156 0.969727 0.085938 0.050781
0 0.819336 0.508301 0.103516 0.096680
0 0.854492 0.606445 0.130859 0.087891
0 0.118164 0.424316 0.083984 0.104492
0 0.038574 0.255371 0.077148 0.057617
0 0.233887 0.247559 0.065430 0.057617
