0 0.889160 0.968262 0.090820 0.057617
0 0.634277 0.048828 0.084961 0.066406
0 0.196777 0.346680 0.077148 0.089844
0 0.905762 0.278809 0.073242 0.065430
0 0.042480 0.623047 0.084961 0.054688
0 0.053223 0.062012 0.106445 0.045898
0 0.808105 0.794434 0.073242 0.069336
0 0.537109 0.607910 0.085938 0.057617
0 0.716797 0.661621 0.085938 0.057617
0 0.464844 0.290039 0.064453 0.052734
0 0.303711 0.163574 0.103516 0.051758
0 0.594238 0.154297 0.077148 0.058594
0 0.121094 0.136719 0.117188 0.083984
0 0.784180 0.571777 0.074219 0.047852
0 0.103027 0.737793 0.096680 0.047852
0 0.217285 0.099609 0.069336 0.109375
0 0.910156 0.748047 0.107422 0.062500
0 0.515625 0.944824 0.093750 0.040039
0 0.031738 0.707031 0.063477 0.042969
0 0.304199 0.054199 0.086914 0.049805
0 0.680176 0.712891 0.084961 0.058594
0 0.522461 0.110352 0.089844 0.082031
0 0.374023 0.388184 0.085938 0.043945
0 0.988281 0.443359 0.023438 0.052734
0 0.783203 0.228027 0.080078 0.038086
0 0.097168 0.396484 0.104492 0.048828
0 0.830078 0.433105 0.097656 0.053711
0 0.344727 0.255371 0.074219 0.036133
0 0.149902 0.442383 0.108398 0.048828
0 0.412109 0.083496 0.099609 0.065430
0 0.134277 0.875000 0.067383 0.042969
0 0.544922 0.450684 0.082031 0.043945
0 0.043457 0.182617 0.086914 0.074219
0 0.487793 0.768066 0.083008 0.030273
0 0.699707 0.369629 0.104492 0.061523
0 0.220215 0.037109 0.098633 0.074219
0 0.301270 0.732910 0.112305 0.069336
0 0.386719 0.377930 0.097656 0.064453
0 0.942871 0.440430 0.075195 0.050781
0 0.331543 0.148438 0.084961 0.050781
0 0.026367 0.297852 0.050781 0.062500
0 0.515625 0.168945 0.052734 0.037109
0 0.324707 0.485352 0.086914 0.033203
0 0.760254 0.845215 0.092773 0.057617
0 0.312988 0.465332 0.083008 0.040039
0 0.926270 0.050781 0.114258 0.078125
0 0.742676 0.710938 0.077148 0.041016
0 0.154297 0.060059 0.074219 0.057617
0 0.959961 0.947266 0.078125 0.029297
0 0.027832 0.677734 0.055664 0.039062
0 0.690918 0.550781 0.051758 0.027344
0 0.484375 0.616699 0.107422 0.049805
0 0.419922 0.986328 0.121094 0.027344
0 0.247070 0.914062 0.107422 0.033203
0 0.904297 0.484863 0.070312 0.038086
0 0.272461 0.092773 0.064453 0.039062
0 0.218750 0.622559 0.103516 0.051758
0 0.621582 0.832520 0.094727 0.049805
0 0.033203 0.125488 0.066406 0.045898
0 0.875488 0.190430 0.055664 0.033203
0 0.969727 0.790527 0.058594 0.040039
0 0.273926 0.912109 0.116211 0.029297
0 0.271973 0.025879 0.081055 0.049805
0 0.436523 0.669922 0.072266 0.035156
0 0.284668 0.989258 0.079102 0.021484
0 0.801270 0.736816 0.040039 0.088867
0 0.153320 0.463379 0.105469 0.036133
0 0.936523 0.427246 0.066406 0.043945
0 0.724121 0.968262 0.065430 0.041992
0 0.804199 0.679688 0.079102 0.042969
0 0.325684 0.403320 0.112305 0.060547
0 0.983887 0.631348 0.032227 0.026367
0 0.595215 0.563477 0.088867 0.046875
0 0.021973 0.569336 0.043945 0.037109
0 0.011230 0.539062 0.022461 0.031250
0 0.064453 0.505859 0.109375 0.052734
0 0.196777 0.593262 0.127930 0.036133
0 0.518555 0.936523 0.072266 0.078125
0 0.510742 0.791504 0.080078 0.038086
0 0.518555 0.660156 0.050781 0.042969
