0 0.148926 0.600586 0.190430 0.218750
0 0.362793 0.365234 0.147461 0.109375
0 0.347168 0.889648 0.194336 0.220703
0 0.823242 0.580566 0.171875 0.272461
0 0.085938 0.235840 0.126953 0.127930
0 0.953613 0.491699 0.092773 0.086914
0 0.852051 0.195801 0.165039 0.112305
0 0.697266 0.086914 0.150391 0.140625
0 0.123535 0.944824 0.145508 0.110352
0 0.788086 0.803711 0.132812 0.146484
0 0.593262 0.727051 0.227539 0.329102
0 0.669434 0.586914 0.094727 0.064453
0 0.969238 0.706055 0.061523 0.142578
0 0.641602 0.651367 0.154297 0.076172
0 0.630859 0.863770 0.335938 0.235352
0 0.214355 0.206055 0.077148 0.099609
