0 0.990234 0.553223 0.019531 0.090820
0 0.138672 0.098145 0.091797 0.069336
0 0.724121 0.354004 0.110352 0.084961
0 0.909180 0.416016 0.101562 0.113281
0 0.829590 0.895996 0.065430 0.073242
0 0.845703 0.860840 0.078125 0.071289
0 0.169922 0.355957 0.087891 0.059570
0 0.494141 0.556641 0.074219 0.058594
0 0.093750 0.148438 0.119141 0.083984
0 0.625977 0.394531 0.087891 0.105469
0 0.204102 0.478516 0.083984 0.072266
0 0.694336 0.520996 0.130859 0.041992
0 0.262695 0.154297 0.097656 0.093750
0 0.216309 0.194824 0.081055 0.065430
0 0.318359 0.241699 0.087891 0.110352
0 0.193359 0.502930 0.076172 0.068359
0 0.537598 0.289551 0.075195 0.073242
0 0.110352 0.119629 0.087891 0.084961
0 0.860840 0.743652 0.098633 0.092773
0 0.309082 0.631348 0.084961 0.077148
0 0.055664 0.856934 0.109375 0.084961
0 0.715820 0.399902 0.083984 0.094727
0 0.952148 0.579102 0.054688 0.109375
0 0.982910 0.761230 0.034180 0.051758
0 0.207520 0.824219 0.127930 0.060547
0 0.819336 0.031250 0.064453 0.054688
0 0.485840 0.937500 0.106445 0.060547
0 0.084473 0.784668 0.120117 0.092773
0 0.980957 0.433594 0.038086 0.068359
0 0.944336 0.897949 0.062500 0.069336
0 0.951172 0.022949 0.083984 0.045898
0 0.887695 0.033203 0.064453 0.046875
0 0.629883 0.083496 0.076172 0.067383
0 0.595703 0.669922 0.093750 0.042969
0 0.695312 0.411133 0.074219 0.087891
0 0.365234 0.420898 0.105469 0.066406
0 0.081055 0.902832 0.095703 0.034180
0 0.333496 0.972168 0.100586 0.034180
0 0.536621 0.387695 0.069336 0.109375
0 0.149902 0.530762 0.145508 0.102539
0 0.291016 0.068359 0.126953 0.126953
0 0.276855 0.116699 0.112305 0.092773
0 0.290039 0.487793 0.087891 0.040039
0 0.045898 0.489258 0.087891 0.046875
0 0.735840 0.897461 0.090820 0.054688
0 0.555566 0.450537 0.142383 0.070996
0 0.123047 0.980469 0.089844 0.033203
0 0.154297 0.722168 0.132812 0.084961
0 0.696777 0.649902 0.083008 0.043945
0 0.620117 0.580566 0.027344 0.090820
0 0.642090 0.880859 0.071289 0.042969
0 0.811523 0.634277 0.111328 0.106445
0 0.018555 0.984863 0.037109 0.026367
0 0.412109 0.582520 0.056641 0.061523
0 0.242188 0.060547 0.099609 0.058594
0 0.118652 0.541504 0.124023 0.063477
0 0.282227 0.392090 0.107422 0.045898
0 0.549316 0.327637 0.073242 0.063477
0 0.959473 0.564453 0.061523 0.083984
0 0.023926 0.544434 0.047852 0.057617
0 0.695801 0.021973 0.061523 0.043945
0 0.251465 0.953613 0.106445 0.092773
0 0.515625 0.639648 0.080078 0.035156
0 0.442871 0.556641 0.057617 0.042969
0 0.180176 0.627441 0.049805 0.092773
0 0.158203 0.015625 0.044922 0.031250
0 0.157227 0.864746 0.087891 0.024414
0 0.177246 0.782715 0.073242 0.051758
0 0.106934 0.840332 0.137695 0.038086
0 0.665527 0.679199 0.086914 0.047852
0 0.737305 0.709473 0.097656 0.041992
0 0.340332 0.614258 0.100586 0.037109
0 0.846191 0.977539 0.049805 0.035156
0 0.379883 0.603027 0.101562 0.057617
0 0.388184 0.848145 0.051758 0.053711
0 0.425781 0.892090 0.091797 0.057617
0 0.681641 0.916016 0.039062 0.062500
0 0.892578 0.987793 0.105469 0.024414
0 0.289062 0.975098 0.089844 0.049805
