0 0.329102 0.838867 0.072266 0.074219
0 0.568359 0.037109 0.068359 0.066406
0 0.811035 0.892090 0.069336 0.088867
0 0.894043 0.895508 0.053711 0.093750
0 0.523926 0.399902 0.108398 0.043945
0 0.371582 0.259766 0.104492 0.054688
0 0.976562 0.046875 0.046875 0.085938
0 0.676758 0.358887 0.082031 0.059570
0 0.959473 0.662109 0.075195 0.052734
0 0.638184 0.670410 0.040039 0.120117
0 0.154297 0.968262 0.080078 0.057617
0 0.423340 0.668945 0.053711 0.066406
0 0.499023 0.141602 0.091797 0.082031
0 0.322266 0.287598 0.117188 0.098633
0 0.440430 0.388184 0.025391 0.102539
0 0.494141 0.611328 0.066406 0.044922
0 0.117676 0.028320 0.073242 0.054688
0 0.487305 0.473633 0.103516 0.039062
0 0.380859 0.478027 0.066406 0.104492
0 0.287109 0.942383 0.062500 0.072266
0 0.308105 0.737305 0.096680 0.029297
0 0.577148 0.453613 0.113281 0.067383
0 0.296875 0.377441 0.115234 0.045898
0 0.440918 0.912598 0.053711 0.065430
0 0.793457 0.737305 0.075195 0.039062
0 0.583984 0.142578 0.076172 0.041016
0 0.927246 0.112305 0.145508 0.044922
0 0.407715 0.061035 0.075195 0.040039
0 0.543457 0.367188 0.069336 0.087891
0 0.864258 0.450684 0.060547 0.043945
0 0.296875 0.323242 0.064453 0.087891
0 0.376953 0.212891 0.042969 0.078125
0 0.140137 0.756348 0.104492 0.049805
0 0.618652 0.011719 0.049805 0.023438
0 0.035645 0.823730 0.071289 0.032227
0 0.071777 0.088379 0.049805 0.051758
0 0.131836 0.697266 0.087891 0.109375
0 0.634277 0.795898 0.110352 0.058594
0 0.046875 0.507812 0.093750 0.046875
0 0.824219 0.335449 0.121094 0.118164
0 0.500488 0.102539 0.061523 0.054688
0 0.658203 0.917480 0.119141 0.110352
0 0.052734 0.860840 0.093750 0.026367
0 0.785645 0.016113 0.041992 0.030273
0 0.858398 0.267578 0.123047 0.152344
0 0.789062 0.677246 0.056641 0.041992
0 0.687012 0.150879 0.127930 0.063477
0 0.782715 0.124023 0.059570 0.041016
0 0.766113 0.771484 0.061523 0.027344
0 0.860352 0.498535 0.099609 0.075195
0 0.076172 0.652832 0.093750 0.069336
0 0.149414 0.877441 0.076172 0.030273
0 0.144043 0.589844 0.063477 0.029297
0 0.985352 0.278809 0.025391 0.071289
0 0.599121 0.663574 0.047852 0.047852
0 0.052246 0.024902 0.092773 0.041992
0 0.930664 0.989258 0.033203 0.021484
0 0.032715 0.103027 0.034180 0.057617
0 0.166504 0.468750 0.043945 0.064453
0 0.682617 0.540039 0.142578 0.089844
0 0.140137 0.888184 0.081055 0.016602
0 0.279785 0.773438 0.110352 0.041016
0 0.323730 0.472656 0.102539 0.085938
0 0.231934 0.800293 0.122070 0.043945
