0 0.069336 0.287109 0.105469 0.099609
0 0.684570 0.822266 0.140625 0.115234
0 0.308594 0.469727 0.085938 0.111328
0 0.036621 0.203125 0.073242 0.126953
0 0.730469 0.948730 0.132812 0.102539
0 0.153320 0.586914 0.105469 0.072266
0 0.685547 0.405762 0.142578 0.127930
0 0.477051 0.443848 0.094727 0.102539
0 0.841309 0.216309 0.141602 0.127930
0 0.114746 0.426270 0.129883 0.137695
0 0.873535 0.464355 0.157227 0.096680
0 0.913086 0.611328 0.160156 0.080078
0 0.143555 0.219238 0.078125 0.096680
0 0.544434 0.719727 0.131836 0.089844
0 0.370605 0.940430 0.122070 0.107422
0 0.690918 0.123047 0.217773 0.125000
0 0.883301 0.350098 0.137695 0.084961
0 0.377441 0.580078 0.098633 0.109375
0 0.110840 0.037109 0.147461 0.070312
0 0.949707 0.262207 0.094727 0.084961
0 0.632812 0.727539 0.130859 0.056641
0 0.952637 0.452148 0.092773 0.164062
0 0.947754 0.351074 0.104492 0.092773
