0 0.475586 0.944336 0.109375 0.105469
0 0.295410 0.937500 0.077148 0.125000
0 0.106934 0.822754 0.092773 0.172852
0 0.311035 0.790039 0.069336 0.119141
0 0.159180 0.654297 0.068359 0.078125
0 0.157227 0.191895 0.130859 0.092773
0 0.026367 0.144531 0.052734 0.066406
0 0.073242 0.049805 0.121094 0.095703
0 0.274414 0.056152 0.068359 0.067383
0 0.322754 0.265625 0.065430 0.082031
0 0.547363 0.318848 0.077148 0.077148
0 0.614746 0.323730 0.069336 0.067383
0 0.671387 0.299316 0.067383 0.049805
0 0.761719 0.387207 0.128906 0.083008
0 0.707031 0.520508 0.130859 0.076172
0 0.568359 0.646484 0.103516 0.175781
0 0.515137 0.729492 0.081055 0.109375
0 0.304199 0.532227 0.174805 0.080078
0 0.336914 0.432129 0.070312 0.088867
0 0.847656 0.688965 0.142578 0.075195
0 0.861816 0.635254 0.102539 0.059570
0 0.861328 0.794922 0.138672 0.128906
0 0.883789 0.507324 0.103516 0.049805
0 0.843750 0.544434 0.091797 0.047852
0 0.793457 0.124512 0.092773 0.161133
0 0.888184 0.129395 0.077148 0.127930
0 0.918457 0.235840 0.100586 0.065430
