0 0.159668 0.233398 0.120117 0.132812
0 0.620605 0.894531 0.086914 0.054688
0 0.245605 0.426758 0.086914 0.080078
0 0.574707 0.951660 0.139648 0.075195
0 0.289551 0.500488 0.059570 0.077148
0 0.652344 0.666992 0.125000 0.070312
0 0.633301 0.554688 0.102539 0.070312
0 0.094727 0.977051 0.089844 0.045898
0 0.673340 0.263184 0.118164 0.131836
0 0.715820 0.119141 0.087891 0.080078
0 0.708496 0.489746 0.083008 0.059570
0 0.268066 0.570801 0.102539 0.067383
0 0.150879 0.820801 0.147461 0.122070
0 0.836914 0.698242 0.089844 0.091797
0 0.282227 0.687988 0.105469 0.067383
0 0.350586 0.620605 0.132812 0.083008
0 0.401855 0.731934 0.094727 0.069336
0 0.566895 0.082031 0.145508 0.099609
0 0.028320 0.254395 0.056641 0.059570
0 0.028320 0.960938 0.056641 0.078125
0 0.016113 0.518066 0.032227 0.083008
0 0.941895 0.583008 0.069336 0.072266
0 0.012207 0.899414 0.024414 0.095703
0 0.941895 0.747070 0.104492 0.105469
0 0.248047 0.143066 0.072266 0.083008
0 0.348633 0.099609 0.062500 0.095703
0 0.544434 0.191895 0.084961 0.075195
0 0.755859 0.757812 0.136719 0.062500
0 0.128418 0.047363 0.192383 0.094727
0 0.086914 0.739746 0.060547 0.049805
0 0.449219 0.381836 0.080078 0.070312
0 0.644531 0.798340 0.054688 0.057617
0 0.251953 0.076660 0.140625 0.084961
0 0.022949 0.608887 0.045898 0.073242
0 0.873047 0.957031 0.107422 0.085938
0 0.269531 0.742188 0.064453 0.070312
0 0.462402 0.560547 0.075195 0.087891
0 0.940918 0.480957 0.118164 0.077148
0 0.778320 0.400391 0.113281 0.062500
0 0.863281 0.034668 0.191406 0.065430
0 0.300781 0.363281 0.052734 0.068359
0 0.943359 0.888184 0.107422 0.067383
0 0.670898 0.018066 0.082031 0.032227
0 0.710938 0.383301 0.123047 0.077148
0 0.943359 0.384766 0.107422 0.105469
0 0.111816 0.885742 0.120117 0.082031
0 0.803223 0.945801 0.086914 0.047852
0 0.122070 0.809570 0.064453 0.070312
0 0.284668 0.611816 0.055664 0.104492
0 0.925781 0.349609 0.052734 0.070312
0 0.239746 0.363281 0.084961 0.072266
0 0.200684 0.356934 0.032227 0.030273
0 0.526855 0.052246 0.149414 0.059570
0 0.978516 0.044434 0.042969 0.030273
0 0.941406 0.027344 0.117188 0.054688
