0 0.041992 0.280762 0.074219 0.122070
0 0.084473 0.764648 0.120117 0.115234
0 0.032227 0.909668 0.064453 0.065430
0 0.128418 0.553223 0.092773 0.073242
0 0.053223 0.969727 0.077148 0.054688
0 0.126953 0.472168 0.144531 0.069336
0 0.023438 0.037109 0.046875 0.064453
0 0.034668 0.624512 0.067383 0.067383
0 0.031250 0.819336 0.062500 0.060547
0 0.085938 0.535645 0.097656 0.083008
0 0.968750 0.912109 0.062500 0.070312
0 0.729492 0.683105 0.050781 0.041992
0 0.948730 0.726074 0.102539 0.077148
0 0.959961 0.599609 0.080078 0.044922
0 0.946289 0.269043 0.070312 0.036133
