0 0.070801 0.421387 0.090820 0.092773
0 0.413086 0.418945 0.080078 0.068359
0 0.488281 0.302246 0.111328 0.067383
0 0.760254 0.485840 0.063477 0.073242
0 0.119141 0.123535 0.080078 0.077148
0 0.068848 0.192383 0.114258 0.054688
0 0.777344 0.897461 0.048828 0.082031
0 0.667969 0.579590 0.089844 0.055664
0 0.826172 0.782227 0.132812 0.052734
0 0.428223 0.585449 0.094727 0.063477
0 0.991211 0.773926 0.017578 0.065430
0 0.533691 0.505371 0.092773 0.075195
0 0.914062 0.793945 0.035156 0.060547
0 0.977539 0.469238 0.044922 0.077148
0 0.543945 0.235840 0.029297 0.077148
0 0.687012 0.468262 0.067383 0.057617
0 0.083496 0.566406 0.116211 0.068359
0 0.473633 0.038574 0.062500 0.053711
0 0.830078 0.740723 0.066406 0.069336
0 0.330078 0.237793 0.123047 0.051758
0 0.220215 0.792480 0.096680 0.063477
0 0.351074 0.224609 0.088867 0.068359
0 0.891113 0.502441 0.069336 0.061523
0 0.069336 0.272949 0.138672 0.040039
0 0.327637 0.909180 0.086914 0.044922
0 0.976562 0.882324 0.046875 0.059570
0 0.629883 0.980469 0.054688 0.039062
0 0.666016 0.513672 0.058594 0.048828
0 0.306641 0.848633 0.095703 0.044922
0 0.529297 0.174316 0.089844 0.084961
0 0.594727 0.635254 0.060547 0.032227
0 0.303711 0.968750 0.056641 0.041016
0 0.252441 0.520020 0.051758 0.057617
0 0.085449 0.939941 0.071289 0.047852
0 0.889648 0.579590 0.070312 0.049805
0 0.054199 0.147461 0.106445 0.082031
0 0.078613 0.752441 0.051758 0.026367
0 0.748047 0.947266 0.087891 0.035156
0 0.565918 0.593262 0.069336 0.069336
0 0.300293 0.573730 0.129883 0.043945
0 0.615234 0.886230 0.064453 0.049805
0 0.544434 0.911133 0.073242 0.046875
0 0.056152 0.846680 0.112305 0.056641
0 0.367188 0.728516 0.070312 0.042969
0 0.087402 0.245117 0.061523 0.054688
0 0.274902 0.453613 0.118164 0.083008
0 0.152344 0.528809 0.082031 0.045898
0 0.390137 0.541992 0.083008 0.041016
0 0.030762 0.958496 0.057617 0.043945
0 0.191895 0.038574 0.079102 0.055664
0 0.933105 0.982910 0.040039 0.032227
0 0.286621 0.261719 0.084961 0.035156
0 0.483398 0.399902 0.056641 0.057617
0 0.486328 0.374512 0.044922 0.086914
0 0.125488 0.881836 0.092773 0.033203
0 0.413086 0.807617 0.083984 0.037109
0 0.491699 0.912109 0.081055 0.048828
0 0.042480 0.776367 0.084961 0.048828
0 0.943359 0.122559 0.064453 0.047852
0 0.319824 0.471680 0.096680 0.035156
0 0.057129 0.739746 0.061523 0.024414
0 0.250000 0.121094 0.042969 0.037109
0 0.564941 0.865234 0.106445 0.046875
0 0.933105 0.620117 0.053711 0.037109
0 0.016602 0.403809 0.033203 0.051758
0 0.173340 0.574219 0.083008 0.091797
0 0.980957 0.207031 0.038086 0.029297
0 0.456055 0.954102 0.039062 0.035156
0 0.143066 0.959473 0.061523 0.032227
0 0.041504 0.912109 0.059570 0.041016
0 0.152344 0.906738 0.041016 0.028320
0 0.077148 0.723633 0.068359 0.052734
0 0.769043 0.755859 0.043945 0.062500
0 0.354004 0.604492 0.045898 0.058594
0 0.464355 0.619629 0.096680 0.043945
0 0.531250 0.563477 0.103516 0.042969
0 0.074707 0.447754 0.073242 0.077148
0 0.962891 0.461914 0.046875 0.078125
0 0.962402 0.183594 0.045898 0.027344
