0 0.022949 0.008301 0.045898 0.016602
0 0.260254 0.154297 0.063477 0.125000
0 0.326660 0.201660 0.077148 0.065430
0 0.172852 0.213867 0.087891 0.066406
0 0.073730 0.267090 0.102539 0.196289
0 0.169922 0.334961 0.089844 0.074219
0 0.255371 0.360352 0.084961 0.117188
0 0.218750 0.407715 0.080078 0.079102
0 0.320801 0.360840 0.045898 0.081055
0 0.346680 0.326660 0.082031 0.065430
0 0.345215 0.276367 0.063477 0.068359
0 0.442871 0.332031 0.114258 0.169922
0 0.630371 0.104980 0.073242 0.096680
0 0.724609 0.103516 0.150391 0.076172
0 0.824707 0.053223 0.149414 0.073242
0 0.821777 0.226562 0.083008 0.115234
0 0.740723 0.284180 0.166992 0.095703
0 0.657227 0.357422 0.080078 0.169922
0 0.718750 0.410156 0.103516 0.136719
0 0.821777 0.424316 0.047852 0.077148
0 0.857910 0.359375 0.079102 0.087891
0 0.684082 0.526367 0.092773 0.099609
0 0.741699 0.699707 0.180664 0.073242
0 0.607910 0.763184 0.098633 0.141602
0 0.403320 0.734375 0.099609 0.091797
0 0.541992 0.694824 0.072266 0.063477
0 0.466309 0.609863 0.079102 0.067383
0 0.282715 0.628906 0.065430 0.123047
0 0.214355 0.650391 0.061523 0.128906
0 0.119629 0.792480 0.055664 0.090820
0 0.020996 0.943848 0.041992 0.081055
0 0.038086 0.768066 0.068359 0.194336
0 0.353516 0.934082 0.076172 0.131836
0 0.511230 0.856934 0.112305 0.077148
0 0.513672 0.961426 0.078125 0.077148
0 0.616699 0.868652 0.069336 0.073242
0 0.660645 0.918945 0.059570 0.080078
0 0.719727 0.822266 0.093750 0.091797
0 0.827637 0.776855 0.102539 0.063477
0 0.865723 0.846191 0.170898 0.071289
0 0.829590 0.921875 0.090820 0.156250
0 0.972656 0.808105 0.054688 0.086914
0 0.989258 0.413086 0.021484 0.126953
0 0.988281 0.212402 0.023438 0.047852
0 0.009277 0.850098 0.018555 0.094727
0 0.406738 0.615723 0.108398 0.041992
0 0.282715 0.253418 0.047852 0.075195
