0 0.949707 0.644531 0.084961 0.115234
0 0.357422 0.794434 0.080078 0.094727
0 0.584473 0.655762 0.090820 0.092773
0 0.847168 0.693359 0.129883 0.123047
0 0.405762 0.541016 0.096680 0.072266
0 0.450684 0.119629 0.051758 0.135742
0 0.848145 0.307129 0.083008 0.114258
0 0.665527 0.899414 0.092773 0.105469
0 0.960938 0.483398 0.078125 0.097656
0 0.545898 0.175781 0.123047 0.091797
0 0.883301 0.109863 0.086914 0.075195
0 0.973633 0.294434 0.052734 0.135742
0 0.805664 0.058105 0.087891 0.083008
0 0.719727 0.142090 0.080078 0.100586
0 0.154297 0.913086 0.080078 0.087891
0 0.544922 0.869141 0.080078 0.089844
0 0.714355 0.813477 0.094727 0.107422
0 0.266113 0.158203 0.102539 0.136719
0 0.175781 0.762207 0.072266 0.094727
0 0.686035 0.253418 0.077148 0.083008
0 0.619629 0.478027 0.065430 0.057617
0 0.678223 0.589355 0.077148 0.059570
0 0.318359 0.628418 0.113281 0.131836
0 0.720703 0.967285 0.078125 0.065430
0 0.760742 0.299805 0.087891 0.089844
0 0.978516 0.911133 0.042969 0.062500
0 0.155762 0.089355 0.118164 0.149414
0 0.484375 0.273438 0.064453 0.062500
0 0.257324 0.590332 0.084961 0.102539
0 0.272949 0.759277 0.102539 0.084961
0 0.437988 0.624512 0.067383 0.059570
0 0.833496 0.388184 0.077148 0.073242
0 0.797852 0.915039 0.068359 0.058594
0 0.561035 0.034668 0.047852 0.065430
0 0.746094 0.393066 0.062500 0.067383
0 0.168457 0.443359 0.092773 0.072266
0 0.190918 0.515625 0.067383 0.082031
0 0.051758 0.336914 0.099609 0.115234
0 0.053223 0.969727 0.073242 0.060547
0 0.113281 0.044434 0.107422 0.084961
0 0.187988 0.313965 0.075195 0.122070
0 0.158203 0.558105 0.082031 0.077148
0 0.795898 0.211914 0.082031 0.064453
0 0.195312 0.349121 0.115234 0.094727
0 0.849609 0.854492 0.089844 0.064453
0 0.090820 0.710938 0.068359 0.062500
0 0.033203 0.639648 0.062500 0.095703
0 0.029297 0.758301 0.054688 0.077148
0 0.315430 0.493164 0.052734 0.052734
0 0.234375 0.029297 0.080078 0.058594
0 0.525879 0.030762 0.047852 0.057617
0 0.420898 0.124512 0.037109 0.135742
0 0.140625 0.803223 0.052734 0.047852
