0 0.046387 0.032715 0.092773 0.065430
0 0.155762 0.066406 0.094727 0.099609
0 0.658203 0.025879 0.091797 0.051758
0 0.922852 0.045898 0.119141 0.083984
0 0.878418 0.275879 0.124023 0.102539
0 0.952637 0.309570 0.073242 0.066406
0 0.859863 0.384766 0.086914 0.048828
0 0.486816 0.187012 0.079102 0.092773
0 0.605469 0.165527 0.074219 0.090820
0 0.586914 0.109375 0.058594 0.066406
0 0.420898 0.138184 0.099609 0.065430
0 0.294434 0.097168 0.081055 0.065430
0 0.124023 0.353027 0.085938 0.116211
0 0.375000 0.341797 0.093750 0.087891
0 0.031738 0.324707 0.049805 0.059570
0 0.035645 0.966309 0.071289 0.067383
0 0.190918 0.942871 0.090820 0.114258
0 0.349609 0.795410 0.085938 0.102539
0 0.411621 0.690430 0.096680 0.126953
0 0.457031 0.524414 0.083984 0.083984
0 0.506836 0.568848 0.072266 0.075195
0 0.570801 0.620605 0.100586 0.073242
0 0.583008 0.474121 0.101562 0.065430
0 0.621582 0.519043 0.071289 0.084961
0 0.891602 0.572266 0.121094 0.078125
0 0.960938 0.629395 0.078125 0.071289
0 0.574219 0.897461 0.083984 0.080078
0 0.860840 0.971191 0.114258 0.057617
0 0.791016 0.840332 0.066406 0.055664
0 0.612305 0.734863 0.058594 0.040039
0 0.073242 0.883301 0.080078 0.069336
0 0.490723 0.733887 0.069336 0.065430
0 0.676758 0.530762 0.054688 0.069336
0 0.383789 0.070312 0.070312 0.068359
