0 0.352051 0.519531 0.100586 0.074219
0 0.076172 0.303711 0.125000 0.111328
0 0.303223 0.956055 0.083008 0.072266
0 0.502930 0.715820 0.056641 0.062500
0 0.997070 0.164551 0.005859 0.094727
0 0.404297 0.783203 0.080078 0.078125
0 0.426758 0.714355 0.080078 0.059570
0 0.902344 0.847168 0.089844 0.084961
0 0.362793 0.413574 0.084961 0.069336
0 0.253418 0.841309 0.083008 0.053711
0 0.252441 0.343262 0.069336 0.067383
0 0.425781 0.319336 0.068359 0.070312
0 0.961914 0.736816 0.070312 0.055664
0 0.961426 0.280762 0.077148 0.083008
0 0.958496 0.089355 0.083008 0.094727
0 0.512695 0.444336 0.056641 0.060547
0 0.460938 0.249512 0.082031 0.079102
0 0.407715 0.183105 0.059570 0.096680
0 0.494629 0.605469 0.069336 0.064453
0 0.887207 0.590820 0.075195 0.056641
0 0.442871 0.647461 0.047852 0.039062
0 0.876953 0.157227 0.066406 0.056641
0 0.379883 0.626465 0.058594 0.055664
0 0.310547 0.750488 0.082031 0.067383
0 0.221191 0.654297 0.067383 0.070312
0 0.165527 0.430664 0.092773 0.072266
0 0.352051 0.703613 0.069336 0.057617
0 0.216797 0.452148 0.080078 0.064453
0 0.343262 0.110840 0.059570 0.053711
0 0.606445 0.283691 0.068359 0.049805
0 0.324707 0.037109 0.075195 0.070312
