0 0.609863 0.545898 0.061523 0.095703
0 0.286133 0.046387 0.058594 0.092773
0 0.249512 0.476074 0.071289 0.086914
0 0.091797 0.871582 0.076172 0.061523
0 0.302246 0.285645 0.083008 0.057617
0 0.025879 0.801270 0.051758 0.065430
0 0.570801 0.963379 0.038086 0.069336
0 0.441895 0.078125 0.090820 0.132812
0 0.513184 0.735352 0.081055 0.080078
0 0.615723 0.670410 0.069336 0.061523
0 0.321777 0.237305 0.081055 0.083984
0 0.386230 0.158691 0.100586 0.071289
0 0.070312 0.274414 0.103516 0.074219
0 0.543945 0.382812 0.039062 0.103516
0 0.009766 0.597656 0.019531 0.054688
0 0.237793 0.072266 0.034180 0.095703
0 0.415039 0.949707 0.099609 0.067383
0 0.326172 0.524414 0.027344 0.070312
0 0.340820 0.833496 0.082031 0.069336
0 0.011230 0.717773 0.022461 0.087891
0 0.769531 0.856934 0.078125 0.096680
0 0.915527 0.090820 0.047852 0.070312
0 0.479492 0.033691 0.064453 0.059570
0 0.154785 0.485352 0.100586 0.078125
0 0.388184 0.240723 0.024414 0.098633
0 0.662109 0.447266 0.050781 0.080078
0 0.875488 0.254395 0.049805 0.043945
0 0.847168 0.924316 0.028320 0.065430
0 0.498047 0.642578 0.029297 0.076172
0 0.596191 0.271484 0.034180 0.056641
0 0.972168 0.256836 0.049805 0.042969
0 0.404785 0.540527 0.055664 0.051758
0 0.933594 0.889160 0.046875 0.061523
0 0.010254 0.560059 0.020508 0.032227
0 0.898486 0.547314 0.095801 0.047559
0 0.157715 0.707031 0.069336 0.042969
0 0.547852 0.531738 0.083984 0.051758
0 0.959473 0.025879 0.049805 0.051758
0 0.724121 0.098633 0.045898 0.068359
0 0.984375 0.592285 0.031250 0.090820
0 0.694824 0.635254 0.047852 0.096680
0 0.576172 0.936035 0.060547 0.049805
0 0.341309 0.953125 0.053711 0.039062
0 0.434570 0.291504 0.054688 0.061523
0 0.920898 0.045410 0.044922 0.079102
0 0.500488 0.341797 0.077148 0.091797
0 0.048828 0.167480 0.074219 0.081055
0 0.040039 0.196777 0.070312 0.098633
0 0.024902 0.271484 0.049805 0.048828
0 0.878418 0.727539 0.049805 0.041016
0 0.211426 0.356934 0.055664 0.034180
0 0.795898 0.538574 0.046875 0.047852
0 0.601562 0.353516 0.056641 0.041016
0 0.015137 0.991699 0.030273 0.016602
0 0.487305 0.415527 0.044922 0.063477
0 0.447754 0.640625 0.032227 0.064453
0 0.475098 0.986816 0.036133 0.026367
0 0.987793 0.740234 0.024414 0.052734
0 0.405762 0.698242 0.040039 0.048828
0 0.253418 0.923828 0.059570 0.046875
0 0.488281 0.285156 0.039062 0.062500
0 0.645508 0.173828 0.083984 0.091797
0 0.821777 0.063965 0.045898 0.049805
0 0.555664 0.373047 0.056641 0.072266
0 0.156738 0.752441 0.061523 0.053711
0 0.297852 0.666992 0.052734 0.048828
0 0.664062 0.187012 0.085938 0.061523
0 0.432617 0.887207 0.070312 0.073242
0 0.447754 0.938477 0.055664 0.041016
0 0.582520 0.577637 0.040039 0.036133
