0 0.909180 0.111816 0.095703 0.055664
0 0.828125 0.469238 0.082031 0.110352
0 0.269531 0.776855 0.138672 0.135742
0 0.439453 0.102051 0.125000 0.075195
0 0.023438 0.458984 0.046875 0.101562
0 0.058594 0.288086 0.117188 0.082031
0 0.197266 0.080566 0.179688 0.077148
0 0.228516 0.354492 0.117188 0.064453
0 0.083496 0.165527 0.077148 0.067383
0 0.216797 0.253418 0.134766 0.057617
0 0.460938 0.486816 0.117188 0.145508
0 0.788086 0.227051 0.070312 0.040039
0 0.129395 0.261230 0.086914 0.100586
0 0.251953 0.811523 0.089844 0.117188
0 0.309570 0.594727 0.099609 0.105469
0 0.157227 0.565918 0.070312 0.122070
0 0.941895 0.433105 0.104492 0.083008
0 0.873047 0.318359 0.082031 0.078125
0 0.971191 0.225586 0.057617 0.097656
