0 0.824707 0.979492 0.069336 0.035156
0 0.493164 0.918457 0.064453 0.040039
0 0.813965 0.650391 0.041992 0.048828
0 0.843750 0.689453 0.044922 0.041016
0 0.632812 0.618652 0.041016 0.040039
0 0.724121 0.503418 0.057617 0.061523
0 0.874023 0.498535 0.058594 0.049805
0 0.708984 0.407715 0.035156 0.034180
0 0.577637 0.496094 0.043945 0.050781
0 0.608398 0.481934 0.037109 0.036133
0 0.424805 0.439941 0.039062 0.049805
0 0.350098 0.364746 0.061523 0.094727
0 0.351074 0.482422 0.084961 0.050781
0 0.816895 0.333008 0.038086 0.095703
0 0.872559 0.200195 0.036133 0.050781
0 0.851562 0.070312 0.062500 0.066406
0 0.879883 0.095215 0.048828 0.061523
0 0.686035 0.062988 0.036133 0.036133
0 0.592285 0.115723 0.063477 0.055664
0 0.052734 0.112793 0.087891 0.053711
0 0.593262 0.908203 0.047852 0.039062
0 0.201660 0.327637 0.055664 0.057617
0 0.297852 0.027832 0.042969 0.034180
0 0.092285 0.957520 0.088867 0.084961
0 0.176758 0.925781 0.037109 0.039062
0 0.177246 0.838379 0.075195 0.038086
0 0.960938 0.907227 0.056641 0.042969
0 0.283691 0.906738 0.047852 0.041992
0 0.050781 0.846191 0.042969 0.036133
