0 0.530762 0.488281 0.096680 0.082031
0 0.570801 0.130859 0.086914 0.078125
0 0.593262 0.290527 0.112305 0.077148
0 0.727051 0.078125 0.094727 0.072266
0 0.931641 0.160645 0.089844 0.077148
0 0.680176 0.914551 0.129883 0.084961
0 0.464355 0.788086 0.094727 0.087891
0 0.871094 0.012207 0.097656 0.024414
0 0.754395 0.279297 0.094727 0.070312
0 0.843750 0.148926 0.091797 0.088867
0 0.971191 0.239258 0.057617 0.080078
0 0.364746 0.583008 0.065430 0.062500
0 0.844727 0.416992 0.070312 0.070312
0 0.956055 0.793945 0.087891 0.068359
0 0.402344 0.213379 0.070312 0.077148
0 0.208008 0.187988 0.072266 0.077148
0 0.675781 0.712891 0.082031 0.062500
0 0.534180 0.614258 0.080078 0.070312
0 0.450684 0.459961 0.067383 0.080078
0 0.950684 0.293457 0.073242 0.067383
0 0.391602 0.085938 0.087891 0.072266
0 0.288086 0.208496 0.070312 0.084961
0 0.169922 0.333008 0.080078 0.062500
0 0.089844 0.448242 0.080078 0.068359
0 0.181641 0.626465 0.089844 0.120117
0 0.376953 0.807129 0.070312 0.075195
0 0.949219 0.022461 0.089844 0.044922
0 0.869629 0.734863 0.059570 0.075195
0 0.569824 0.414551 0.084961 0.069336
0 0.312988 0.145996 0.067383 0.057617
0 0.728516 0.394531 0.062500 0.060547
0 0.082031 0.038574 0.115234 0.077148
0 0.886719 0.954102 0.123047 0.091797
0 0.850586 0.565430 0.072266 0.072266
0 0.912109 0.434570 0.064453 0.064453
0 0.372070 0.674316 0.060547 0.059570
0 0.190918 0.888184 0.077148 0.086914
0 0.093750 0.795410 0.062500 0.112305
0 0.441895 0.645996 0.059570 0.057617
0 0.725586 0.772461 0.082031 0.080078
0 0.713379 0.595703 0.067383 0.052734
0 0.135742 0.776855 0.072266 0.075195
0 0.029297 0.824219 0.054688 0.070312
0 0.538574 0.703125 0.057617 0.052734
0 0.215820 0.971191 0.091797 0.057617
0 0.021973 0.544434 0.040039 0.055664
0 0.244629 0.689453 0.049805 0.064453
0 0.708496 0.798340 0.057617 0.057617
0 0.722168 0.225586 0.055664 0.052734
0 0.687012 0.323242 0.100586 0.042969
0 0.024414 0.275391 0.044922 0.062500
0 0.784668 0.843262 0.059570 0.112305
0 0.835938 0.601074 0.107422 0.077148
