0 0.355469 0.578613 0.107422 0.102539
0 0.743164 0.429688 0.132812 0.109375
0 0.125977 0.029785 0.117188 0.059570
0 0.703613 0.133789 0.127930 0.107422
0 0.558594 0.028320 0.097656 0.056641
0 0.258789 0.367676 0.089844 0.094727
0 0.872070 0.080566 0.115234 0.120117
0 0.891602 0.481934 0.087891 0.100586
0 0.459961 0.489746 0.119141 0.086914
0 0.207520 0.545410 0.124023 0.131836
0 0.734375 0.852051 0.109375 0.174805
0 0.220703 0.815918 0.091797 0.102539
0 0.239258 0.672852 0.089844 0.107422
0 0.577148 0.916016 0.064453 0.103516
0 0.199219 0.236328 0.087891 0.082031
0 0.376465 0.423828 0.077148 0.080078
0 0.969238 0.668457 0.061523 0.217773
0 0.406738 0.064453 0.174805 0.107422
0 0.350586 0.130859 0.142578 0.097656
0 0.425293 0.734863 0.110352 0.147461
0 0.131836 0.492188 0.105469 0.099609
0 0.667969 0.723145 0.066406 0.071289
0 0.132324 0.647949 0.075195 0.102539
0 0.476074 0.968750 0.114258 0.062500
0 0.465332 0.662598 0.077148 0.077148
0 0.776855 0.979004 0.090820 0.041992
0 0.045898 0.628418 0.087891 0.122070
0 0.033203 0.247070 0.062500 0.115234
0 0.026855 0.520508 0.053711 0.117188
0 0.341797 0.289062 0.074219 0.070312
