0 0.618652 0.203125 0.137695 0.072266
0 0.023438 0.118164 0.046875 0.107422
0 0.111816 0.634277 0.094727 0.084961
0 0.557129 0.585449 0.075195 0.057617
0 0.100586 0.276855 0.117188 0.065430
0 0.669434 0.664551 0.139648 0.055664
0 0.449707 0.733398 0.100586 0.052734
0 0.833008 0.060547 0.152344 0.062500
0 0.248535 0.765625 0.112305 0.062500
0 0.351074 0.238281 0.157227 0.072266
0 0.714355 0.594727 0.209961 0.070312
0 0.646973 0.279785 0.100586 0.065430
0 0.919434 0.603027 0.120117 0.157227
0 0.794434 0.139648 0.165039 0.070312
0 0.839844 0.490723 0.169922 0.073242
0 0.517090 0.149414 0.094727 0.054688
0 0.693359 0.472168 0.152344 0.055664
0 0.657227 0.855469 0.125000 0.107422
0 0.668457 0.773438 0.083008 0.062500
0 0.225586 0.179688 0.097656 0.089844
0 0.913086 0.358398 0.167969 0.267578
0 0.788086 0.540527 0.162109 0.047852
0 0.759277 0.269531 0.110352 0.070312
0 0.789551 0.378418 0.170898 0.067383
0 0.770996 0.228516 0.102539 0.072266
0 0.699219 0.416992 0.115234 0.064453
0 0.191895 0.058105 0.129883 0.092773
0 0.243652 0.045410 0.067383 0.057617
0 0.344727 0.066895 0.080078 0.069336
0 0.270996 0.128418 0.102539 0.077148
0 0.373535 0.194824 0.122070 0.040039
0 0.028320 0.813965 0.056641 0.096680
0 0.425781 0.566895 0.181641 0.030273
0 0.394531 0.585938 0.105469 0.027344
0 0.244629 0.627930 0.094727 0.072266
0 0.246094 0.582031 0.097656 0.080078
0 0.284180 0.541992 0.115234 0.070312
0 0.139160 0.548340 0.049805 0.073242
0 0.244629 0.502930 0.194336 0.072266
0 0.329590 0.444824 0.155273 0.049805
0 0.239258 0.398438 0.125000 0.046875
0 0.270508 0.342285 0.117188 0.059570
0 0.347168 0.380371 0.149414 0.102539
0 0.425781 0.416992 0.117188 0.044922
0 0.434570 0.492188 0.115234 0.080078
0 0.629395 0.900879 0.069336 0.198242
0 0.569824 0.513184 0.094727 0.038086
0 0.624512 0.517090 0.090820 0.059570
0 0.682129 0.327148 0.084961 0.054688
0 0.807129 0.437012 0.120117 0.034180
0 0.925781 0.422363 0.142578 0.094727
0 0.405762 0.058105 0.166992 0.102539
0 0.755371 0.135742 0.057617 0.107422
