0 0.103027 0.093750 0.063477 0.148438
0 0.215820 0.133301 0.048828 0.086914
0 0.305664 0.208008 0.080078 0.076172
0 0.382324 0.225586 0.069336 0.169922
0 0.270020 0.333008 0.065430 0.062500
0 0.210449 0.426270 0.090820 0.047852
0 0.030273 0.470703 0.060547 0.068359
0 0.094238 0.623047 0.088867 0.232422
0 0.024902 0.637695 0.049805 0.054688
0 0.182617 0.789062 0.167969 0.078125
0 0.270508 0.655273 0.076172 0.218750
0 0.418457 0.782715 0.061523 0.178711
0 0.301270 0.519531 0.069336 0.109375
0 0.526367 0.340332 0.082031 0.075195
0 0.474121 0.699219 0.122070 0.048828
0 0.583008 0.788086 0.083984 0.160156
0 0.731934 0.933594 0.073242 0.068359
0 0.758301 0.955078 0.073242 0.089844
0 0.971191 0.972656 0.057617 0.054688
0 0.943359 0.691895 0.074219 0.096680
0 0.833496 0.737793 0.086914 0.083008
0 0.694824 0.770996 0.051758 0.137695
0 0.696289 0.604980 0.068359 0.118164
0 0.777832 0.851074 0.049805 0.051758
0 0.946289 0.476562 0.078125 0.138672
0 0.791016 0.363770 0.052734 0.075195
0 0.776367 0.430664 0.060547 0.130859
0 0.902832 0.401855 0.118164 0.147461
0 0.815918 0.613281 0.145508 0.128906
0 0.956055 0.897949 0.087891 0.100586
0 0.979492 0.802734 0.041016 0.039062
0 0.944336 0.193359 0.058594 0.085938
0 0.804688 0.212891 0.083984 0.070312
0 0.731934 0.223145 0.125977 0.086914
0 0.671875 0.166016 0.060547 0.072266
0 0.687012 0.107422 0.188477 0.087891
0 0.942383 0.052734 0.083984 0.105469
0 0.433105 0.022461 0.067383 0.044922
