0 0.205078 0.286621 0.068359 0.112305
0 0.309082 0.397949 0.088867 0.059570
0 0.112793 0.415527 0.057617 0.045898
0 0.479004 0.308594 0.090820 0.068359
0 0.403320 0.428711 0.078125 0.054688
0 0.713867 0.457520 0.117188 0.061523
0 0.744629 0.354492 0.073242 0.046875
0 0.748047 0.307129 0.087891 0.061523
0 0.956055 0.288086 0.087891 0.068359
0 0.881348 0.367676 0.090820 0.049805
0 0.969238 0.347168 0.061523 0.053711
0 0.906250 0.430176 0.111328 0.071289
0 0.946777 0.526855 0.069336 0.084961
0 0.268066 0.541992 0.125977 0.150391
0 0.244629 0.609375 0.069336 0.103516
0 0.391602 0.603516 0.091797 0.078125
0 0.461914 0.577148 0.080078 0.062500
0 0.420410 0.717285 0.127930 0.083008
0 0.720215 0.707031 0.120117 0.052734
0 0.638184 0.777832 0.071289 0.051758
0 0.844727 0.784668 0.076172 0.067383
0 0.498047 0.686035 0.082031 0.057617
0 0.021973 0.529785 0.043945 0.073242
0 0.143066 0.822754 0.084961 0.071289
0 0.271973 0.895020 0.055664 0.092773
0 0.344238 0.907227 0.055664 0.091797
0 0.384766 0.935059 0.041016 0.090820
0 0.463379 0.945312 0.079102 0.109375
0 0.375488 0.815430 0.096680 0.056641
0 0.474609 0.833008 0.064453 0.076172
0 0.795898 0.913574 0.095703 0.077148
0 0.822266 0.868164 0.089844 0.066406
0 0.888184 0.868652 0.067383 0.069336
0 0.922363 0.962891 0.102539 0.074219
0 0.668457 0.960938 0.067383 0.078125
0 0.722168 0.920898 0.092773 0.121094
0 0.613770 0.884277 0.073242 0.063477
0 0.554688 0.612793 0.058594 0.051758
0 0.517090 0.387207 0.051758 0.051758
0 0.127441 0.367676 0.043945 0.036133
0 0.141602 0.659668 0.058594 0.073242
0 0.530273 0.701660 0.056641 0.047852
0 0.310547 0.937012 0.066406 0.081055
0 0.200684 0.867676 0.071289 0.065430
