0 0.060059 0.691895 0.077148 0.092773
0 0.478027 0.788086 0.112305 0.087891
0 0.952148 0.037598 0.095703 0.075195
0 0.971680 0.952637 0.056641 0.094727
0 0.708496 0.380859 0.166992 0.107422
0 0.528320 0.103516 0.091797 0.142578
0 0.715820 0.724121 0.072266 0.120117
0 0.613281 0.782227 0.082031 0.105469
0 0.084473 0.066895 0.137695 0.075195
0 0.604492 0.028320 0.189453 0.056641
0 0.694824 0.902344 0.235352 0.089844
0 0.726074 0.793945 0.116211 0.148438
0 0.549805 0.936035 0.070312 0.122070
0 0.650879 0.550781 0.176758 0.078125
0 0.423340 0.604492 0.073242 0.140625
0 0.120605 0.146973 0.157227 0.084961
0 0.100586 0.228027 0.087891 0.112305
0 0.613281 0.703125 0.062500 0.062500
0 0.902344 0.858398 0.195312 0.087891
0 0.557129 0.408691 0.114258 0.067383
0 0.691895 0.214355 0.209961 0.084961
0 0.323242 0.639648 0.117188 0.224609
0 0.681152 0.479492 0.067383 0.125000
0 0.537109 0.673340 0.070312 0.102539
0 0.541992 0.603516 0.080078 0.072266
0 0.715332 0.605957 0.227539 0.092773
0 0.169434 0.810547 0.102539 0.072266
0 0.776855 0.487305 0.059570 0.115234
0 0.395508 0.865723 0.087891 0.057617
0 0.564453 0.237305 0.134766 0.070312
0 0.053223 0.505859 0.102539 0.125000
0 0.166992 0.182129 0.070312 0.114258
0 0.638672 0.326172 0.107422 0.152344
0 0.203125 0.383301 0.097656 0.108398
0 0.048340 0.022461 0.094727 0.044922
0 0.654785 0.191895 0.059570 0.075195
0 0.074219 0.302246 0.054688 0.120117
0 0.691895 0.691895 0.065430 0.084961
0 0.649414 0.465820 0.115234 0.113281
