0 0.042480 0.019043 0.081055 0.038086
0 0.091309 0.094727 0.084961 0.080078
0 0.209961 0.083496 0.109375 0.149414
0 0.246094 0.007812 0.095703 0.015625
0 0.039062 0.398926 0.078125 0.127930
0 0.026855 0.770508 0.053711 0.105469
0 0.097168 0.730469 0.045898 0.064453
0 0.082031 0.574707 0.076172 0.118164
0 0.042480 0.497559 0.084961 0.084961
0 0.376953 0.475098 0.201172 0.083008
0 0.211914 0.683105 0.140625 0.100586
0 0.169434 0.818359 0.098633 0.074219
0 0.168457 0.944336 0.069336 0.103516
0 0.095215 0.928223 0.065430 0.084961
0 0.408691 0.919434 0.141602 0.079102
0 0.456543 0.972168 0.055664 0.055664
0 0.682129 0.916504 0.178711 0.127930
0 0.471680 0.713379 0.097656 0.075195
0 0.357422 0.636230 0.074219 0.110352
0 0.390137 0.570801 0.102539 0.069336
0 0.316406 0.316406 0.064453 0.068359
0 0.355957 0.395508 0.094727 0.060547
0 0.485840 0.358398 0.090820 0.128906
0 0.555176 0.347656 0.055664 0.064453
0 0.629395 0.392090 0.045898 0.051758
0 0.637207 0.339844 0.063477 0.058594
0 0.756836 0.340820 0.078125 0.056641
0 0.729004 0.431152 0.094727 0.120117
0 0.673340 0.490723 0.094727 0.088867
0 0.659180 0.581543 0.093750 0.094727
0 0.620117 0.265137 0.083984 0.075195
0 0.588867 0.179688 0.101562 0.087891
0 0.480957 0.157227 0.100586 0.146484
0 0.827148 0.556152 0.091797 0.122070
0 0.948242 0.603516 0.070312 0.105469
0 0.883789 0.799805 0.111328 0.089844
0 0.983887 0.632812 0.032227 0.140625
0 0.975586 0.504395 0.048828 0.059570
0 0.927246 0.040527 0.090820 0.081055
0 0.732910 0.022949 0.081055 0.045898
0 0.566406 0.422852 0.052734 0.042969
0 0.104980 0.628906 0.069336 0.121094
