0 0.296875 0.015625 0.101562 0.031250
0 0.911133 0.530273 0.119141 0.078125
0 0.337402 0.626465 0.145508 0.139648
0 0.430176 0.781738 0.110352 0.108398
0 0.767090 0.717773 0.083008 0.111328
0 0.025879 0.645020 0.051758 0.122070
0 0.942871 0.131836 0.114258 0.091797
0 0.476074 0.407715 0.081055 0.098633
0 0.058594 0.917480 0.117188 0.110352
0 0.779785 0.873535 0.106445 0.129883
0 0.383301 0.361816 0.057617 0.139648
0 0.095703 0.447266 0.095703 0.101562
0 0.018555 0.392090 0.037109 0.100586
0 0.102051 0.238770 0.079102 0.088867
0 0.158203 0.590820 0.064453 0.074219
0 0.085938 0.605469 0.066406 0.062500
0 0.139160 0.725098 0.075195 0.069336
0 0.516602 0.627930 0.070312 0.070312
0 0.725098 0.407715 0.065430 0.061523
0 0.347168 0.958984 0.063477 0.082031
0 0.440918 0.950684 0.084961 0.090820
0 0.485840 0.867188 0.067383 0.089844
0 0.914551 0.629395 0.088867 0.075195
0 0.969238 0.708496 0.061523 0.063477
0 0.524414 0.091797 0.072266 0.066406
0 0.627930 0.061523 0.068359 0.117188
0 0.543457 0.026855 0.063477 0.053711
0 0.714355 0.056152 0.073242 0.112305
0 0.827637 0.069336 0.110352 0.074219
0 0.803711 0.248047 0.082031 0.072266
0 0.921387 0.207031 0.157227 0.142578
0 0.994141 0.973145 0.011719 0.053711
0 0.963379 0.073730 0.073242 0.041992
0 0.797852 0.740234 0.085938 0.130859
