0 0.614258 0.222168 0.058594 0.088867
0 0.896484 0.372070 0.054688 0.105469
0 0.913574 0.801270 0.073242 0.086914
0 0.951660 0.425781 0.061523 0.076172
0 0.481934 0.294434 0.051758 0.102539
0 0.802246 0.344238 0.047852 0.081055
0 0.451660 0.296387 0.047852 0.118164
0 0.051758 0.307129 0.101562 0.110352
0 0.753418 0.437012 0.051758 0.090820
0 0.376953 0.361328 0.080078 0.091797
0 0.060547 0.354980 0.087891 0.086914
0 0.744629 0.340820 0.063477 0.066406
0 0.392578 0.440918 0.095703 0.075195
0 0.088867 0.140137 0.064453 0.063477
0 0.099121 0.305664 0.057617 0.105469
0 0.201660 0.277832 0.096680 0.086914
0 0.709961 0.914062 0.072266 0.050781
0 0.210449 0.873047 0.084961 0.072266
0 0.312012 0.872559 0.088867 0.069336
0 0.177734 0.035156 0.033203 0.070312
0 0.627930 0.489258 0.050781 0.070312
0 0.418457 0.343750 0.094727 0.066406
0 0.208008 0.932617 0.070312 0.054688
0 0.184082 0.800781 0.100586 0.087891
0 0.608887 0.357422 0.049805 0.078125
0 0.866211 0.227539 0.074219 0.056641
0 0.691406 0.032227 0.072266 0.064453
0 0.017578 0.568359 0.035156 0.033203
0 0.020508 0.402832 0.041016 0.067383
0 0.077148 0.571777 0.080078 0.036133
0 0.581055 0.042480 0.066406 0.065430
0 0.659180 0.577637 0.058594 0.049805
0 0.827148 0.526367 0.046875 0.074219
0 0.843262 0.794434 0.073242 0.040039
0 0.048828 0.454590 0.097656 0.073242
0 0.752441 0.506836 0.079102 0.035156
0 0.586426 0.066406 0.069336 0.095703
0 0.879883 0.069824 0.039062 0.071289
0 0.443848 0.557617 0.069336 0.039062
0 0.100586 0.819824 0.054688 0.040039
0 0.823730 0.166016 0.104492 0.037109
0 0.063477 0.455078 0.076172 0.042969
0 0.818848 0.469727 0.036133 0.099609
0 0.198242 0.588379 0.056641 0.030273
0 0.434082 0.832031 0.057617 0.044922
0 0.895508 0.880371 0.058594 0.049805
0 0.023926 0.791504 0.047852 0.032227
0 0.054199 0.835938 0.090820 0.017578
0 0.422852 0.541016 0.050781 0.068359
