0 0.694336 0.103027 0.117188 0.057617
0 0.563477 0.492676 0.101562 0.063477
0 0.211914 0.057129 0.105469 0.094727
0 0.425293 0.821289 0.120117 0.054688
0 0.814941 0.772461 0.086914 0.058594
0 0.355957 0.463379 0.094727 0.053711
0 0.853516 0.084473 0.128906 0.077148
0 0.664551 0.125488 0.094727 0.045898
0 0.598145 0.281250 0.118164 0.050781
0 0.695312 0.917480 0.130859 0.049805
0 0.466797 0.544434 0.142578 0.063477
0 0.650879 0.443848 0.129883 0.051758
0 0.885254 0.137695 0.137695 0.066406
0 0.135742 0.751465 0.142578 0.077148
0 0.708496 0.517578 0.081055 0.039062
0 0.520508 0.916504 0.101562 0.051758
0 0.123535 0.470215 0.184570 0.086914
0 0.877441 0.488770 0.186523 0.079102
0 0.396973 0.885254 0.149414 0.043945
0 0.270508 0.561035 0.138672 0.061523
0 0.666992 0.189453 0.107422 0.054688
0 0.084961 0.140137 0.125000 0.051758
0 0.978516 0.583496 0.042969 0.059570
0 0.551758 0.858887 0.126953 0.034180
0 0.775879 0.552246 0.069336 0.057617
0 0.901855 0.522461 0.153320 0.056641
0 0.374512 0.500488 0.141602 0.041992
0 0.582031 0.840332 0.115234 0.041992
0 0.897461 0.252930 0.062500 0.031250
0 0.041992 0.254395 0.083984 0.069336
0 0.333984 0.136719 0.185547 0.068359
0 0.046875 0.840332 0.093750 0.038086
0 0.513672 0.325684 0.074219 0.036133
0 0.145996 0.831543 0.098633 0.030273
0 0.452637 0.181641 0.149414 0.035156
0 0.360840 0.670898 0.133789 0.029297
0 0.261719 0.208008 0.099609 0.046875
0 0.634766 0.589844 0.111328 0.042969
0 0.236328 0.906738 0.128906 0.038086
0 0.137207 0.251465 0.098633 0.034180
0 0.167480 0.630859 0.110352 0.039062
0 0.088379 0.305664 0.161133 0.048828
0 0.735352 0.618652 0.125000 0.038086
0 0.096191 0.222656 0.172852 0.025391
0 0.769043 0.891602 0.108398 0.046875
0 0.957031 0.211914 0.070312 0.029297
0 0.275879 0.639160 0.102539 0.028320
0 0.052246 0.989746 0.094727 0.020508
0 0.912598 0.572266 0.129883 0.039062
0 0.304199 0.958496 0.166992 0.061523
0 0.123047 0.700684 0.132812 0.028320
0 0.325195 0.718262 0.144531 0.045898
0 0.089355 0.977051 0.124023 0.030273
0 0.044434 0.326660 0.086914 0.028320
0 0.890137 0.873535 0.151367 0.034180
0 0.796875 0.859863 0.080078 0.036133
0 0.076660 0.924316 0.125977 0.038086
0 0.090332 0.176270 0.170898 0.079102
0 0.864746 0.523926 0.122070 0.028320
0 0.868652 0.901367 0.114258 0.029297
0 0.054688 0.877441 0.107422 0.036133
0 0.062012 0.639648 0.124023 0.105469
0 0.739258 0.838379 0.066406 0.045898
0 0.334473 0.149902 0.149414 0.053711
0 0.290039 0.790039 0.162109 0.046875
0 0.580078 0.181641 0.115234 0.060547
0 0.133789 0.955566 0.197266 0.038086
0 0.067383 0.400391 0.117188 0.048828
0 0.410645 0.860352 0.141602 0.033203
0 0.296875 0.012207 0.054688 0.022461
0 0.486816 0.925781 0.092773 0.039062
0 0.122559 0.746094 0.157227 0.185547
0 0.471191 0.184570 0.084961 0.072266
0 0.656738 0.591309 0.081055 0.053711
0 0.918945 0.857422 0.093750 0.044922
