0 0.383301 0.681641 0.141602 0.089844
0 0.649902 0.905762 0.084961 0.092773
0 0.485352 0.798340 0.107422 0.057617
0 0.464844 0.558105 0.070312 0.137695
0 0.129883 0.615723 0.089844 0.077148
0 0.550781 0.738281 0.072266 0.056641
0 0.589844 0.845703 0.070312 0.132812
0 0.373535 0.857422 0.202148 0.089844
0 0.403320 0.120605 0.123047 0.077148
0 0.104492 0.307129 0.060547 0.075195
0 0.265625 0.653320 0.062500 0.082031
0 0.754395 0.599609 0.059570 0.080078
0 0.405762 0.220703 0.038086 0.097656
0 0.348145 0.303223 0.137695 0.057617
0 0.804199 0.274902 0.129883 0.129883
0 0.893555 0.099609 0.197266 0.160156
0 0.763184 0.704590 0.163086 0.065430
0 0.132324 0.440430 0.129883 0.072266
0 0.324707 0.153320 0.059570 0.062500
0 0.040039 0.230469 0.080078 0.136719
0 0.203125 0.469727 0.152344 0.060547
0 0.636719 0.084473 0.070312 0.090820
0 0.370605 0.486816 0.147461 0.120117
0 0.539551 0.215820 0.194336 0.087891
0 0.678223 0.268066 0.202148 0.237305
0 0.517090 0.395996 0.159180 0.122070
0 0.081055 0.400879 0.162109 0.083008
0 0.820801 0.890625 0.182617 0.078125
0 0.309570 0.355469 0.234375 0.062500
0 0.711914 0.057129 0.140625 0.110352
0 0.196777 0.026855 0.065430 0.049805
0 0.028320 0.066895 0.056641 0.129883
0 0.888672 0.477051 0.222656 0.200195
0 0.731934 0.465820 0.075195 0.113281
0 0.315918 0.046875 0.118164 0.089844
0 0.410645 0.046875 0.112305 0.089844
0 0.937500 0.701172 0.125000 0.107422
0 0.900879 0.622070 0.198242 0.234375
0 0.833496 0.182129 0.122070 0.049805
0 0.181641 0.190918 0.330078 0.157227
0 0.240723 0.441895 0.153320 0.139648
0 0.954590 0.355469 0.090820 0.072266
0 0.756836 0.852051 0.185547 0.069336
0 0.504395 0.344727 0.225586 0.070312
0 0.788574 0.440918 0.192383 0.077148
0 0.484375 0.035645 0.054688 0.067383
0 0.042480 0.146973 0.084961 0.215820
0 0.411133 0.403320 0.142578 0.087891
0 0.584473 0.096680 0.055664 0.089844
0 0.698242 0.303223 0.212891 0.208008
0 0.887207 0.082031 0.075195 0.080078
0 0.608398 0.868164 0.037109 0.117188
0 0.295898 0.080566 0.052734 0.041992
0 0.370605 0.207031 0.041992 0.095703
0 0.553223 0.281738 0.067383 0.129883
0 0.334961 0.400879 0.080078 0.041992
0 0.271973 0.484863 0.075195 0.040039
