0 0.051270 0.935059 0.067383 0.088867
0 0.293457 0.767090 0.071289 0.239258
0 0.145020 0.521484 0.063477 0.152344
0 0.272461 0.482910 0.103516 0.213867
0 0.050293 0.233887 0.100586 0.233398
0 0.041016 0.324219 0.058594 0.123047
0 0.030762 0.424805 0.053711 0.128906
0 0.124512 0.087891 0.094727 0.173828
0 0.179688 0.166992 0.054688 0.113281
0 0.183594 0.376465 0.054688 0.188477
0 0.156250 0.314453 0.087891 0.216797
0 0.126953 0.228516 0.060547 0.187500
0 0.350098 0.280273 0.067383 0.064453
0 0.417480 0.124512 0.094727 0.092773
0 0.442871 0.171387 0.116211 0.124023
0 0.305664 0.329590 0.148438 0.075195
0 0.411133 0.257812 0.109375 0.074219
0 0.455566 0.327637 0.055664 0.129883
0 0.385254 0.355957 0.075195 0.090820
0 0.409180 0.477539 0.187500 0.287109
0 0.471680 0.517090 0.074219 0.120117
0 0.510254 0.469238 0.069336 0.112305
0 0.551758 0.459473 0.062500 0.116211
0 0.601074 0.438965 0.071289 0.114258
0 0.532715 0.611816 0.071289 0.124023
0 0.410645 0.592285 0.053711 0.067383
0 0.546875 0.158691 0.064453 0.260742
0 0.608398 0.231934 0.070312 0.139648
0 0.598633 0.332520 0.062500 0.084961
0 0.667969 0.329590 0.083984 0.090820
0 0.653809 0.538574 0.071289 0.209961
0 0.649414 0.675293 0.134766 0.084961
0 0.718750 0.511719 0.085938 0.066406
0 0.772949 0.526855 0.063477 0.094727
0 0.771973 0.291992 0.124023 0.242188
0 0.732910 0.290527 0.051758 0.084961
0 0.861816 0.235352 0.098633 0.166016
0 0.940430 0.278320 0.113281 0.074219
0 0.850586 0.372070 0.105469 0.105469
0 0.860352 0.460938 0.046875 0.134766
0 0.818848 0.571289 0.268555 0.267578
0 0.631348 0.861816 0.081055 0.163086
0 0.736328 0.798340 0.105469 0.172852
0 0.711426 0.975586 0.071289 0.048828
0 0.960938 0.564941 0.078125 0.166992
0 0.907227 0.728516 0.142578 0.179688
0 0.475586 0.438965 0.054688 0.092773
0 0.439941 0.608887 0.059570 0.106445
0 0.328613 0.254395 0.053711 0.041992
0 0.780273 0.433105 0.058594 0.088867
0 0.644531 0.252930 0.041016 0.082031
0 0.203613 0.264160 0.040039 0.086914
0 0.216309 0.183594 0.051758 0.056641
0 0.017578 0.316406 0.035156 0.076172
0 0.079590 0.556152 0.084961 0.176758
0 0.118652 0.285645 0.071289 0.272461
0 0.644531 0.978027 0.041016 0.043945
0 0.240234 0.434082 0.068359 0.067383
0 0.053711 0.522461 0.107422 0.140625
0 0.019531 0.662598 0.039062 0.073242
0 0.143555 0.804688 0.167969 0.289062
0 0.632812 0.382812 0.048828 0.044922
