0 0.030762 0.107422 0.061523 0.062500
0 0.084961 0.185059 0.058594 0.073242
0 0.102539 0.166016 0.142578 0.076172
0 0.204102 0.136230 0.062500 0.108398
0 0.025391 0.300293 0.050781 0.098633
0 0.019531 0.384766 0.039062 0.064453
0 0.045410 0.439941 0.084961 0.065430
0 0.009277 0.492676 0.018555 0.051758
0 0.052246 0.574707 0.104492 0.084961
0 0.045410 0.726562 0.090820 0.080078
0 0.156738 0.716309 0.079102 0.086914
0 0.065918 0.820312 0.131836 0.068359
0 0.220703 0.833008 0.083984 0.091797
0 0.656738 0.890625 0.077148 0.126953
0 0.677734 0.893066 0.138672 0.127930
0 0.617188 0.733887 0.080078 0.108398
0 0.441895 0.733398 0.086914 0.105469
0 0.295410 0.782715 0.118164 0.092773
0 0.344238 0.805664 0.057617 0.062500
0 0.362793 0.907715 0.079102 0.104492
0 0.278809 0.852539 0.090820 0.052734
0 0.469727 0.545898 0.130859 0.066406
0 0.562012 0.443848 0.098633 0.104492
0 0.913574 0.512695 0.104492 0.097656
0 0.572754 0.344238 0.143555 0.083008
0 0.273438 0.159668 0.072266 0.077148
0 0.365723 0.167480 0.096680 0.073242
0 0.277832 0.085449 0.081055 0.065430
0 0.343262 0.088379 0.086914 0.057617
0 0.286133 0.025391 0.121094 0.050781
0 0.519531 0.053711 0.113281 0.066406
0 0.467773 0.020996 0.078125 0.041992
0 0.831543 0.042480 0.083008 0.079102
0 0.961426 0.096680 0.077148 0.082031
