0 0.009277 0.084961 0.018555 0.068359
0 0.615234 0.642090 0.126953 0.120117
0 0.652344 0.049805 0.054688 0.097656
0 0.750488 0.088379 0.071289 0.141602
0 0.629883 0.468750 0.083984 0.052734
0 0.518066 0.206543 0.963867 0.249023
0 0.631836 0.187988 0.105469 0.129883
0 0.589844 0.067383 0.085938 0.134766
0 0.168945 0.952637 0.099609 0.094727
0 0.963379 0.471680 0.073242 0.097656
0 0.523438 0.194824 0.093750 0.100586
0 0.482910 0.089844 0.096680 0.126953
0 0.591309 0.757324 0.090820 0.100586
0 0.166504 0.293457 0.129883 0.114258
0 0.497070 0.592285 0.140625 0.100586
0 0.298340 0.663086 0.124023 0.097656
0 0.299805 0.485840 0.173828 0.110352
0 0.775391 0.967285 0.097656 0.065430
0 0.891602 0.973633 0.074219 0.052734
0 0.827637 0.149902 0.102539 0.077148
0 0.805176 0.069824 0.059570 0.090820
0 0.619629 0.510742 0.061523 0.042969
0 0.541016 0.416504 0.189453 0.084961
0 0.843750 0.087891 0.050781 0.082031
