0 0.399414 0.110352 0.146484 0.205078
0 0.475586 0.236816 0.148438 0.223633
0 0.835938 0.285156 0.093750 0.083984
0 0.548340 0.896973 0.104492 0.110352
0 0.535156 0.687500 0.164062 0.070312
0 0.648926 0.533203 0.153320 0.087891
0 0.166992 0.151367 0.193359 0.095703
0 0.284668 0.378906 0.143555 0.107422
0 0.206055 0.071289 0.195312 0.136719
0 0.204102 0.855469 0.095703 0.082031
0 0.145020 0.243164 0.092773 0.152344
0 0.327148 0.940918 0.171875 0.081055
0 0.088867 0.827148 0.177734 0.072266
0 0.408691 0.321289 0.172852 0.156250
0 0.720215 0.684082 0.114258 0.102539
0 0.716797 0.877930 0.140625 0.175781
0 0.928223 0.911621 0.143555 0.086914
0 0.338379 0.916504 0.161133 0.049805
0 0.042969 0.871582 0.085938 0.092773
0 0.392578 0.750977 0.164062 0.068359
0 0.367188 0.836426 0.150391 0.077148
0 0.042969 0.050293 0.085938 0.100586
0 0.775879 0.391113 0.196289 0.127930
0 0.431641 0.880371 0.089844 0.073242
0 0.478027 0.631836 0.161133 0.111328
0 0.537598 0.617676 0.137695 0.098633
0 0.456055 0.541504 0.115234 0.069336
0 0.524414 0.528809 0.136719 0.079102
0 0.515137 0.452148 0.114258 0.076172
0 0.442871 0.454102 0.122070 0.103516
0 0.389648 0.529297 0.099609 0.082031
0 0.076172 0.450684 0.152344 0.100586
0 0.058105 0.606445 0.114258 0.111328
0 0.538574 0.384277 0.071289 0.112305
