0 0.079590 0.064453 0.129883 0.064453
0 0.574707 0.199707 0.104492 0.100586
0 0.027344 0.711426 0.054688 0.102539
0 0.825684 0.191895 0.102539 0.077148
0 0.737305 0.648438 0.099609 0.072266
0 0.262207 0.489258 0.100586 0.099609
0 0.091797 0.019531 0.095703 0.039062
0 0.251953 0.079590 0.080078 0.094727
0 0.000977 0.295898 0.001953 0.078125
0 0.370605 0.357910 0.155273 0.067383
0 0.662109 0.814453 0.154297 0.160156
0 0.779785 0.485352 0.084961 0.107422
0 0.391113 0.558105 0.182617 0.077148
0 0.524414 0.751953 0.064453 0.105469
0 0.787109 0.308594 0.095703 0.097656
0 0.034668 0.595703 0.069336 0.117188
0 0.701172 0.194336 0.062500 0.064453
0 0.370605 0.314453 0.092773 0.050781
0 0.658203 0.955566 0.152344 0.067383
0 0.098145 0.582031 0.102539 0.070312
0 0.870605 0.916992 0.092773 0.166016
0 0.071289 0.884766 0.142578 0.099609
0 0.686035 0.509766 0.067383 0.089844
0 0.887207 0.255859 0.059570 0.082031
0 0.673340 0.441895 0.182617 0.065430
0 0.876953 0.493164 0.095703 0.046875
0 0.064453 0.236816 0.089844 0.174805
0 0.444824 0.077148 0.139648 0.095703
0 0.901855 0.689453 0.139648 0.169922
0 0.121094 0.309570 0.062500 0.125000
0 0.869629 0.297852 0.081055 0.068359
0 0.932129 0.523438 0.114258 0.062500
0 0.470703 0.951660 0.080078 0.096680
0 0.485840 0.529785 0.073242 0.084961
0 0.290527 0.167969 0.077148 0.062500
0 0.089355 0.531738 0.094727 0.049805
0 0.299805 0.239746 0.115234 0.084961
0 0.446777 0.130859 0.075195 0.046875
0 0.462891 0.606934 0.097656 0.075195
0 0.923340 0.103027 0.083008 0.102539
0 0.933594 0.619629 0.132812 0.139648
0 0.468262 0.024902 0.092773 0.049805
0 0.695801 0.142090 0.077148 0.069336
0 0.733398 0.321777 0.052734 0.065430
0 0.269531 0.251953 0.125000 0.064453
0 0.027344 0.159668 0.054688 0.055664
0 0.952148 0.145508 0.095703 0.072266
0 0.103027 0.354492 0.057617 0.064453
0 0.034668 0.211914 0.069336 0.105469
0 0.030273 0.725586 0.054688 0.056641
0 0.713867 0.965332 0.068359 0.067383
0 0.960938 0.819824 0.078125 0.110352
