0 0.369629 0.185059 0.129883 0.063477
0 0.435059 0.340820 0.110352 0.060547
0 0.235840 0.101074 0.086914 0.077148
0 0.346191 0.039551 0.104492 0.079102
0 0.455078 0.081055 0.093750 0.103516
0 0.558594 0.114746 0.074219 0.055664
0 0.630371 0.081055 0.063477 0.103516
0 0.748535 0.037109 0.061523 0.074219
0 0.657227 0.187988 0.054688 0.057617
0 0.615234 0.236328 0.076172 0.064453
0 0.735840 0.212891 0.077148 0.083984
0 0.836914 0.171387 0.064453 0.057617
0 0.874512 0.173828 0.075195 0.046875
0 0.990234 0.157227 0.019531 0.074219
0 0.930664 0.303223 0.072266 0.086914
0 0.912109 0.402344 0.070312 0.048828
0 0.796387 0.371094 0.131836 0.068359
0 0.648926 0.338379 0.083008 0.063477
0 0.542480 0.407227 0.059570 0.062500
0 0.522949 0.513672 0.086914 0.060547
0 0.840332 0.522461 0.084961 0.099609
0 0.981445 0.060059 0.037109 0.120117
0 0.906250 0.034668 0.097656 0.069336
0 0.181641 0.175781 0.074219 0.054688
0 0.097656 0.272949 0.074219 0.153320
0 0.060059 0.346191 0.120117 0.047852
0 0.068848 0.516113 0.108398 0.084961
0 0.046875 0.583008 0.093750 0.080078
0 0.340820 0.720215 0.164062 0.075195
0 0.580566 0.740723 0.061523 0.077148
0 0.554688 0.860840 0.072266 0.129883
0 0.800293 0.833008 0.122070 0.074219
0 0.666016 0.849609 0.068359 0.056641
0 0.433105 0.816406 0.077148 0.068359
0 0.301758 0.874512 0.068359 0.065430
0 0.088867 0.785156 0.097656 0.068359
0 0.126465 0.761230 0.118164 0.086914
0 0.456543 0.915527 0.069336 0.077148
0 0.289062 0.935059 0.076172 0.055664
0 0.359375 0.959961 0.078125 0.056641
0 0.221680 0.939453 0.050781 0.062500
0 0.127441 0.991699 0.069336 0.016602
0 0.125977 0.921875 0.097656 0.054688
0 0.883789 0.984863 0.109375 0.030273
0 0.787598 0.990723 0.075195 0.018555
0 0.054199 0.043945 0.081055 0.087891
0 0.794434 0.192383 0.110352 0.095703
