0 0.045410 0.050781 0.069336 0.080078
0 0.121582 0.027344 0.063477 0.054688
0 0.170898 0.064453 0.093750 0.062500
0 0.083496 0.286621 0.088867 0.104492
0 0.085449 0.375000 0.075195 0.082031
0 0.042969 0.954590 0.058594 0.090820
0 0.127441 0.822754 0.063477 0.104492
0 0.261230 0.941406 0.090820 0.103516
0 0.376465 0.800293 0.084961 0.127930
0 0.558105 0.781738 0.081055 0.143555
0 0.687988 0.844727 0.077148 0.171875
0 0.711914 0.531738 0.117188 0.086914
0 0.819824 0.575684 0.073242 0.081055
0 0.818848 0.665527 0.075195 0.084961
0 0.902832 0.674805 0.083008 0.085938
0 0.851074 0.783691 0.069336 0.088867
0 0.935547 0.843262 0.082031 0.059570
0 0.926270 0.970703 0.102539 0.058594
0 0.789062 0.950195 0.068359 0.099609
0 0.070801 0.503418 0.067383 0.081055
0 0.078125 0.806152 0.056641 0.059570
0 0.131348 0.606934 0.086914 0.077148
0 0.040527 0.601074 0.077148 0.057617
0 0.155762 0.536133 0.086914 0.072266
0 0.197266 0.649902 0.066406 0.051758
0 0.286621 0.500488 0.073242 0.055664
0 0.298828 0.572266 0.095703 0.072266
0 0.420410 0.551270 0.094727 0.124023
0 0.400879 0.661621 0.073242 0.084961
0 0.534180 0.377930 0.083984 0.062500
0 0.610352 0.432129 0.083984 0.077148
0 0.708496 0.267578 0.116211 0.076172
0 0.278320 0.392578 0.078125 0.091797
0 0.322754 0.165039 0.112305 0.097656
0 0.560547 0.086914 0.054688 0.078125
0 0.612305 0.085449 0.064453 0.084961
0 0.725098 0.024414 0.102539 0.048828
0 0.827148 0.195312 0.080078 0.091797
0 0.443848 0.034180 0.118164 0.068359
0 0.345703 0.067871 0.050781 0.049805
0 0.023438 0.524902 0.046875 0.055664
0 0.489258 0.805176 0.062500 0.141602
0 0.161621 0.302246 0.088867 0.051758
