0 0.199219 0.052246 0.134766 0.104492
0 0.487793 0.015625 0.079102 0.031250
0 0.789551 0.090820 0.112305 0.181641
0 0.912598 0.507324 0.096680 0.102539
0 0.917969 0.595703 0.164062 0.125000
0 0.263672 0.357422 0.093750 0.160156
0 0.549805 0.456543 0.125000 0.120117
0 0.452148 0.805664 0.125000 0.144531
0 0.737793 0.880371 0.090820 0.147461
0 0.051758 0.186523 0.103516 0.148438
0 0.107422 0.837891 0.152344 0.183594
0 0.364746 0.501953 0.112305 0.187500
0 0.201172 0.553223 0.093750 0.168945
0 0.980957 0.071777 0.038086 0.106445
0 0.615723 0.022949 0.059570 0.045898
0 0.347168 0.138184 0.079102 0.094727
0 0.232910 0.169922 0.059570 0.066406
0 0.604492 0.305176 0.076172 0.079102
0 0.806641 0.252441 0.105469 0.096680
0 0.525391 0.573242 0.082031 0.093750
0 0.584473 0.565430 0.049805 0.058594
0 0.282715 0.768066 0.063477 0.061523
0 0.087402 0.614258 0.086914 0.076172
0 0.242676 0.972656 0.061523 0.054688
0 0.604492 0.978027 0.095703 0.043945
0 0.920410 0.119141 0.086914 0.123047
0 0.907715 0.405273 0.073242 0.064453
0 0.992676 0.728027 0.014648 0.079102
0 0.165039 0.776367 0.085938 0.062500
0 0.080566 0.428711 0.118164 0.132812
0 0.324707 0.666992 0.088867 0.078125
0 0.190918 0.694824 0.081055 0.096680
0 0.031250 0.592773 0.062500 0.222656
0 0.829102 0.982910 0.074219 0.034180
