0 0.098633 0.194336 0.072266 0.119141
0 0.239258 0.266602 0.058594 0.093750
0 0.391602 0.330078 0.070312 0.083984
0 0.347656 0.428223 0.105469 0.069336
0 0.352539 0.496582 0.062500 0.065430
0 0.163574 0.490234 0.067383 0.076172
0 0.223633 0.485352 0.062500 0.080078
0 0.024902 0.374023 0.049805 0.119141
0 0.024902 0.459473 0.049805 0.063477
0 0.046875 0.738281 0.058594 0.099609
0 0.018555 0.911133 0.037109 0.087891
0 0.058594 0.882324 0.066406 0.071289
0 0.204590 0.766113 0.086914 0.104492
0 0.387695 0.877441 0.105469 0.090820
0 0.294434 0.956543 0.102539 0.086914
0 0.120605 0.974121 0.073242 0.051758
0 0.440430 0.769531 0.109375 0.115234
0 0.639160 0.723633 0.112305 0.105469
0 0.585938 0.791992 0.087891 0.074219
0 0.562988 0.846191 0.075195 0.079102
0 0.740723 0.956055 0.125977 0.087891
0 0.830566 0.991211 0.098633 0.017578
0 0.811035 0.893555 0.063477 0.078125
0 0.908691 0.868652 0.071289 0.059570
0 0.948730 0.803711 0.067383 0.097656
0 0.878906 0.740234 0.078125 0.095703
0 0.722168 0.481445 0.075195 0.080078
0 0.628418 0.488281 0.069336 0.066406
0 0.479004 0.248535 0.090820 0.174805
0 0.390137 0.237793 0.065430 0.094727
0 0.695312 0.238281 0.083984 0.099609
0 0.675293 0.314941 0.081055 0.084961
0 0.802734 0.381348 0.066406 0.092773
0 0.857910 0.240723 0.098633 0.198242
0 0.681641 0.116211 0.093750 0.125000
0 0.458008 0.007324 0.068359 0.014648
0 0.418945 0.028320 0.044922 0.056641
0 0.468262 0.109375 0.063477 0.074219
0 0.332520 0.013184 0.069336 0.026367
0 0.165039 0.059570 0.062500 0.060547
0 0.101562 0.036621 0.050781 0.051758
0 0.040039 0.016602 0.044922 0.033203
0 0.832520 0.040039 0.069336 0.080078
0 0.496094 0.630859 0.093750 0.119141
0 0.214844 0.019531 0.050781 0.033203
0 0.512695 0.902344 0.074219 0.042969
0 0.702637 0.906250 0.110352 0.072266
0 0.721191 0.821289 0.053711 0.042969
0 0.463867 0.483398 0.052734 0.044922
0 0.935059 0.010254 0.055664 0.020508
0 0.049316 0.175781 0.073242 0.107422
0 0.110840 0.328613 0.055664 0.055664
0 0.168945 0.401855 0.062500 0.047852
0 0.079590 0.609863 0.045898 0.045898
0 0.150879 0.196289 0.051758 0.109375
