0 0.095703 0.859375 0.078125 0.085938
0 0.844727 0.435059 0.103516 0.051758
0 0.815918 0.757324 0.059570 0.069336
0 0.270996 0.037109 0.065430 0.072266
0 0.887695 0.354492 0.146484 0.054688
0 0.881348 0.729492 0.067383 0.091797
0 0.829590 0.217773 0.094727 0.060547
0 0.544922 0.031250 0.048828 0.062500
0 0.398926 0.688965 0.073242 0.067383
0 0.974609 0.558105 0.050781 0.061523
0 0.437988 0.126953 0.047852 0.083984
0 0.172363 0.673340 0.092773 0.081055
0 0.434082 0.304688 0.157227 0.082031
0 0.219238 0.520020 0.094727 0.043945
0 0.135742 0.074219 0.152344 0.068359
0 0.061523 0.722168 0.123047 0.063477
0 0.383301 0.926758 0.127930 0.132812
0 0.791504 0.056152 0.041992 0.073242
0 0.627441 0.083496 0.104492 0.038086
0 0.465332 0.536133 0.094727 0.082031
0 0.473633 0.030273 0.046875 0.060547
0 0.339355 0.977539 0.069336 0.044922
0 0.293457 0.810059 0.110352 0.051758
0 0.532715 0.941406 0.069336 0.099609
0 0.225586 0.844727 0.113281 0.042969
0 0.916992 0.359375 0.083984 0.154297
0 0.573242 0.397949 0.101562 0.073242
0 0.704102 0.115723 0.107422 0.041992
0 0.966309 0.867676 0.063477 0.041992
0 0.582031 0.415527 0.095703 0.073242
0 0.584961 0.321777 0.054688 0.061523
0 0.307617 0.635742 0.121094 0.060547
0 0.795898 0.013184 0.041016 0.026367
0 0.429199 0.593262 0.094727 0.034180
0 0.487305 0.169434 0.066406 0.055664
0 0.647949 0.362793 0.098633 0.047852
0 0.333496 0.216797 0.096680 0.054688
0 0.030273 0.387207 0.060547 0.077148
0 0.587891 0.931152 0.056641 0.049805
0 0.969727 0.690918 0.056641 0.053711
0 0.079102 0.463379 0.158203 0.059570
0 0.915527 0.858398 0.110352 0.042969
0 0.975586 0.406738 0.048828 0.045898
0 0.420898 0.801270 0.160156 0.049805
0 0.448730 0.984863 0.071289 0.030273
0 0.481934 0.844238 0.069336 0.040039
0 0.016113 0.484863 0.032227 0.034180
0 0.831543 0.422363 0.059570 0.084961
0 0.038574 0.425781 0.077148 0.041016
0 0.025391 0.924805 0.050781 0.048828
0 0.650879 0.811035 0.059570 0.034180
0 0.702148 0.774414 0.044922 0.041016
