0 0.059570 0.025879 0.048828 0.049805
0 0.164551 0.078125 0.151367 0.085938
0 0.281250 0.130859 0.091797 0.125000
0 0.409180 0.018555 0.083984 0.037109
0 0.535645 0.060059 0.127930 0.120117
0 0.947266 0.025391 0.105469 0.050781
0 0.054199 0.213867 0.081055 0.099609
0 0.195801 0.260742 0.081055 0.078125
0 0.456055 0.211426 0.095703 0.083008
0 0.595215 0.215820 0.106445 0.085938
0 0.742188 0.258301 0.087891 0.083008
0 0.169434 0.678223 0.088867 0.069336
0 0.308594 0.656250 0.097656 0.072266
0 0.103027 0.380371 0.083008 0.135742
0 0.047363 0.439941 0.094727 0.071289
0 0.697754 0.471680 0.065430 0.062500
0 0.705078 0.377441 0.101562 0.100586
0 0.885742 0.443848 0.228516 0.124023
0 0.018066 0.959961 0.036133 0.080078
0 0.258301 0.816895 0.143555 0.086914
0 0.632324 0.806152 0.139648 0.081055
0 0.836914 0.944824 0.146484 0.106445
0 0.944336 0.317871 0.107422 0.088867
0 0.887695 0.233887 0.105469 0.069336
0 0.834473 0.800293 0.073242 0.051758
0 0.498047 0.735352 0.070312 0.068359
0 0.518066 0.322754 0.069336 0.065430
