0 0.304199 0.388184 0.129883 0.127930
0 0.879883 0.859375 0.125000 0.128906
0 0.457031 0.934570 0.125000 0.117188
0 0.526855 0.384277 0.110352 0.129883
0 0.664062 0.584473 0.160156 0.274414
0 0.298828 0.729004 0.152344 0.139648
0 0.578613 0.124512 0.149414 0.163086
0 0.943359 0.774414 0.087891 0.070312
0 0.803223 0.328125 0.155273 0.187500
0 0.721680 0.111816 0.089844 0.092773
0 0.061523 0.919922 0.123047 0.160156
0 0.829590 0.154297 0.090820 0.099609
0 0.065918 0.027344 0.079102 0.054688
0 0.526855 0.045898 0.100586 0.087891
