0 0.181152 0.657227 0.102539 0.150391
0 0.393066 0.316895 0.102539 0.149414
0 0.296875 0.581055 0.134766 0.132812
0 0.195801 0.803223 0.131836 0.122070
0 0.355469 0.743164 0.097656 0.087891
0 0.444336 0.748047 0.089844 0.087891
0 0.138672 0.455078 0.169922 0.123047
0 0.185547 0.099609 0.162109 0.175781
0 0.149902 0.978516 0.104492 0.042969
0 0.317383 0.128418 0.115234 0.208008
0 0.555664 0.518555 0.111328 0.142578
0 0.963379 0.120605 0.073242 0.086914
0 0.736816 0.323242 0.110352 0.207031
0 0.851074 0.522949 0.112305 0.102539
0 0.738281 0.967285 0.072266 0.065430
0 0.838379 0.306152 0.102539 0.102539
0 0.812988 0.065918 0.124023 0.127930
0 0.974609 0.269531 0.050781 0.154297
0 0.054199 0.544922 0.106445 0.105469
0 0.054199 0.370117 0.104492 0.126953
0 0.039551 0.945801 0.075195 0.108398
0 0.649902 0.602051 0.157227 0.122070
