0 0.382324 0.882324 0.225586 0.153320
0 0.404785 0.529785 0.172852 0.092773
0 0.714355 0.656738 0.196289 0.313477
0 0.286621 0.050293 0.116211 0.100586
0 0.212891 0.876953 0.152344 0.115234
0 0.570801 0.303223 0.166992 0.137695
0 0.113281 0.434570 0.148438 0.134766
0 0.087891 0.178711 0.138672 0.232422
0 0.409668 0.088379 0.139648 0.176758
0 0.801270 0.083496 0.092773 0.077148
0 0.267090 0.425781 0.110352 0.107422
0 0.744141 0.422363 0.097656 0.100586
0 0.857910 0.960938 0.112305 0.078125
0 0.175293 0.772949 0.092773 0.092773
0 0.041016 0.347168 0.074219 0.092773
