0 0.010742 0.037598 0.021484 0.055664
0 0.223145 0.166992 0.045898 0.029297
0 0.364258 0.231934 0.101562 0.043945
0 0.360352 0.175781 0.080078 0.056641
0 0.416504 0.077148 0.088867 0.060547
0 0.408203 0.100098 0.097656 0.069336
0 0.363281 0.103516 0.095703 0.068359
0 0.525879 0.239258 0.051758 0.060547
0 0.558594 0.222168 0.099609 0.034180
0 0.645508 0.265625 0.080078 0.072266
0 0.750977 0.160156 0.064453 0.064453
0 0.680176 0.134766 0.081055 0.029297
0 0.810547 0.125000 0.064453 0.039062
0 0.833496 0.042969 0.075195 0.085938
0 0.977051 0.138672 0.045898 0.064453
0 0.991211 0.219238 0.017578 0.040039
0 0.776855 0.495117 0.071289 0.052734
0 0.900391 0.622070 0.076172 0.041016
0 0.871094 0.624512 0.054688 0.094727
0 0.875977 0.784180 0.042969 0.072266
0 0.804199 0.843750 0.049805 0.046875
0 0.958984 0.927734 0.056641 0.054688
0 0.684570 0.865723 0.070312 0.049805
0 0.802246 0.700684 0.067383 0.057617
0 0.676270 0.613770 0.077148 0.043945
0 0.705566 0.665527 0.098633 0.077148
0 0.573730 0.552734 0.061523 0.027344
0 0.805664 0.546387 0.046875 0.026367
0 0.520020 0.463867 0.081055 0.048828
0 0.405762 0.475586 0.057617 0.029297
0 0.502441 0.608398 0.094727 0.037109
0 0.600586 0.713379 0.105469 0.038086
0 0.550293 0.761719 0.081055 0.041016
0 0.380371 0.741699 0.092773 0.045898
0 0.406738 0.777344 0.102539 0.041016
0 0.495605 0.666504 0.063477 0.036133
0 0.514160 0.695801 0.090820 0.036133
0 0.929688 0.066895 0.042969 0.038086
0 0.083496 0.355957 0.129883 0.106445
0 0.030273 0.532227 0.060547 0.039062
0 0.089355 0.572266 0.086914 0.035156
0 0.097656 0.667480 0.058594 0.024414
0 0.059570 0.702148 0.060547 0.046875
0 0.373047 0.526855 0.091797 0.049805
0 0.335449 0.567871 0.104492 0.053711
0 0.279785 0.536133 0.114258 0.025391
0 0.735840 0.594238 0.030273 0.026367
0 0.538574 0.952148 0.051758 0.033203
0 0.843262 0.970215 0.047852 0.028320
0 0.201660 0.731445 0.108398 0.033203
0 0.026855 0.800781 0.053711 0.042969
0 0.140625 0.919434 0.054688 0.036133
