0 0.621094 0.892090 0.132812 0.114258
0 0.389648 0.893066 0.160156 0.137695
0 0.123535 0.349609 0.112305 0.105469
0 0.755859 0.100586 0.152344 0.123047
0 0.923340 0.548340 0.153320 0.118164
0 0.048340 0.907227 0.096680 0.144531
0 0.743164 0.592285 0.167969 0.120117
0 0.281738 0.525391 0.155273 0.107422
0 0.042480 0.318359 0.084961 0.136719
0 0.881836 0.094727 0.160156 0.089844
0 0.249512 0.217285 0.145508 0.084961
0 0.271973 0.037109 0.200195 0.074219
0 0.067383 0.037109 0.134766 0.072266
0 0.689453 0.747070 0.134766 0.109375
0 0.349609 0.154785 0.144531 0.165039
0 0.233398 0.165527 0.123047 0.127930
0 0.426758 0.078613 0.115234 0.094727
0 0.225586 0.636719 0.142578 0.101562
