0 0.018066 0.097168 0.036133 0.059570
0 0.032227 0.154785 0.064453 0.057617
0 0.040039 0.206055 0.068359 0.072266
0 0.030762 0.757812 0.061523 0.082031
0 0.217285 0.858887 0.065430 0.069336
0 0.218750 0.805176 0.080078 0.065430
0 0.235352 0.742188 0.083984 0.068359
0 0.204102 0.640625 0.074219 0.087891
0 0.198730 0.578125 0.067383 0.060547
0 0.250488 0.551270 0.071289 0.081055
0 0.102539 0.407715 0.117188 0.118164
0 0.380371 0.347168 0.088867 0.081055
0 0.360352 0.676270 0.076172 0.063477
0 0.357910 0.794434 0.077148 0.071289
0 0.358887 0.730957 0.071289 0.053711
0 0.462402 0.718262 0.088867 0.059570
0 0.429688 0.787598 0.070312 0.098633
0 0.516113 0.776367 0.077148 0.085938
0 0.576172 0.776855 0.068359 0.081055
0 0.620605 0.708496 0.106445 0.047852
0 0.654297 0.645996 0.085938 0.071289
0 0.624023 0.831543 0.083984 0.110352
0 0.657715 0.762207 0.065430 0.065430
0 0.312988 0.873535 0.057617 0.065430
0 0.770996 0.806152 0.088867 0.071289
0 0.859375 0.705078 0.087891 0.083984
0 0.872070 0.637695 0.087891 0.074219
0 0.691406 0.334961 0.074219 0.068359
0 0.780273 0.372559 0.074219 0.075195
0 0.842285 0.392578 0.092773 0.070312
0 0.754395 0.296387 0.110352 0.071289
0 0.475586 0.237793 0.068359 0.073242
0 0.509766 0.162109 0.062500 0.078125
0 0.539551 0.124512 0.061523 0.071289
0 0.623535 0.129883 0.083008 0.083984
0 0.626953 0.197754 0.095703 0.065430
0 0.677246 0.227051 0.090820 0.065430
0 0.753418 0.053223 0.100586 0.086914
0 0.772949 0.099121 0.071289 0.069336
0 0.831543 0.182129 0.081055 0.083008
0 0.904785 0.154785 0.073242 0.120117
0 0.962402 0.166504 0.075195 0.088867
0 0.981445 0.344238 0.037109 0.075195
0 0.624023 0.147949 0.072266 0.071289
0 0.111816 0.701660 0.073242 0.041992
0 0.077637 0.807617 0.057617 0.050781
0 0.986816 0.621094 0.026367 0.068359
