0 0.272461 0.358398 0.070312 0.103516
0 0.518066 0.113281 0.075195 0.109375
0 0.818848 0.173340 0.088867 0.094727
0 0.662109 0.666992 0.078125 0.078125
0 0.782227 0.805664 0.093750 0.060547
0 0.833496 0.763672 0.059570 0.087891
0 0.238281 0.508301 0.064453 0.088867
0 0.572754 0.520508 0.084961 0.138672
0 0.280273 0.243164 0.076172 0.076172
0 0.039551 0.438965 0.079102 0.065430
0 0.315430 0.811523 0.080078 0.064453
0 0.685547 0.868652 0.074219 0.083008
0 0.163086 0.202148 0.099609 0.117188
0 0.465332 0.898438 0.086914 0.078125
0 0.641113 0.216797 0.094727 0.072266
0 0.903809 0.155762 0.083008 0.098633
0 0.882324 0.042480 0.055664 0.083008
0 0.888184 0.403809 0.079102 0.073242
0 0.839355 0.237305 0.083008 0.070312
0 0.320801 0.522461 0.114258 0.117188
0 0.082031 0.564941 0.089844 0.086914
0 0.433105 0.497070 0.084961 0.109375
0 0.980469 0.256836 0.039062 0.074219
0 0.680664 0.155273 0.087891 0.101562
0 0.208496 0.061523 0.090820 0.089844
0 0.735840 0.474609 0.090820 0.091797
0 0.091797 0.929199 0.117188 0.081055
0 0.229980 0.145020 0.079102 0.073242
0 0.433105 0.432617 0.090820 0.074219
0 0.974609 0.744141 0.050781 0.062500
0 0.380859 0.164062 0.087891 0.083984
0 0.969238 0.813965 0.061523 0.075195
0 0.209961 0.595215 0.083984 0.069336
0 0.188965 0.630371 0.067383 0.090820
0 0.462402 0.187012 0.090820 0.088867
0 0.341797 0.632812 0.058594 0.066406
0 0.039551 0.224121 0.079102 0.096680
0 0.163086 0.427246 0.083984 0.124023
0 0.167969 0.665039 0.115234 0.080078
0 0.723145 0.549805 0.090820 0.097656
0 0.590820 0.125000 0.111328 0.091797
0 0.034180 0.366699 0.068359 0.131836
0 0.544434 0.889648 0.069336 0.111328
0 0.667969 0.305176 0.085938 0.067383
0 0.538086 0.813965 0.125000 0.081055
0 0.582520 0.803711 0.077148 0.064453
0 0.687500 0.812500 0.074219 0.058594
0 0.487305 0.603516 0.072266 0.078125
0 0.902344 0.937988 0.064453 0.045898
0 0.336426 0.207031 0.094727 0.078125
0 0.290039 0.702148 0.119141 0.078125
0 0.123535 0.212891 0.059570 0.046875
0 0.814941 0.502441 0.081055 0.090820
0 0.109863 0.742188 0.090820 0.064453
0 0.434082 0.233398 0.084961 0.078125
0 0.939453 0.887207 0.109375 0.069336
0 0.188965 0.347656 0.090820 0.058594
0 0.641113 0.508301 0.065430 0.081055
0 0.616211 0.890625 0.056641 0.046875
0 0.544434 0.018555 0.043945 0.037109
0 0.060059 0.151855 0.108398 0.086914
0 0.233398 0.922852 0.082031 0.052734
0 0.325684 0.019531 0.043945 0.039062
0 0.490234 0.321289 0.113281 0.089844
0 0.839355 0.560059 0.084961 0.081055
0 0.601562 0.523926 0.091797 0.137695
0 0.113281 0.835449 0.083984 0.063477
0 0.073242 0.788086 0.099609 0.048828
0 0.217285 0.886230 0.108398 0.083008
0 0.752930 0.830078 0.064453 0.066406
0 0.262207 0.019531 0.061523 0.039062
0 0.042969 0.012695 0.068359 0.023438
0 0.797363 0.868164 0.057617 0.041016
0 0.394043 0.985840 0.040039 0.028320
0 0.193359 0.363770 0.078125 0.047852
