0 0.643066 0.682129 0.077148 0.084961
0 0.739258 0.593262 0.099609 0.092773
0 0.700684 0.818359 0.083008 0.132812
0 0.875488 0.875488 0.112305 0.067383
0 0.810547 0.073242 0.072266 0.132812
0 0.653320 0.579590 0.072266 0.094727
0 0.819336 0.800781 0.054688 0.056641
0 0.661133 0.133301 0.062500 0.086914
0 0.593750 0.187012 0.187500 0.120117
0 0.896973 0.728027 0.055664 0.057617
0 0.618164 0.353027 0.042969 0.112305
0 0.836914 0.294922 0.050781 0.140625
0 0.690918 0.955078 0.057617 0.089844
0 0.787109 0.249512 0.080078 0.139648
0 0.592285 0.104492 0.059570 0.099609
0 0.725586 0.089355 0.087891 0.094727
0 0.715820 0.048340 0.087891 0.092773
0 0.573242 0.360840 0.046875 0.073242
0 0.625488 0.273438 0.067383 0.117188
0 0.763184 0.167969 0.092773 0.107422
0 0.717285 0.109863 0.075195 0.120117
0 0.793457 0.844727 0.057617 0.060547
0 0.779785 0.934570 0.040039 0.060547
0 0.815430 0.623535 0.039062 0.063477
