0 0.028320 0.587891 0.056641 0.066406
0 0.031738 0.675293 0.063477 0.071289
0 0.119141 0.625488 0.054688 0.094727
0 0.062500 0.660645 0.062500 0.071289
0 0.154297 0.712402 0.080078 0.053711
0 0.190430 0.762695 0.066406 0.078125
0 0.299316 0.676270 0.079102 0.069336
0 0.222656 0.810547 0.068359 0.074219
0 0.101074 0.833496 0.075195 0.083008
0 0.261230 0.804199 0.059570 0.061523
0 0.312988 0.766113 0.108398 0.077148
0 0.405273 0.748535 0.072266 0.055664
0 0.328125 0.812988 0.072266 0.059570
0 0.344727 0.860352 0.068359 0.058594
0 0.389160 0.893066 0.086914 0.083008
0 0.521973 0.853027 0.077148 0.063477
0 0.566895 0.833984 0.059570 0.050781
0 0.041504 0.073730 0.077148 0.094727
0 0.015137 0.229004 0.030273 0.088867
0 0.152344 0.089355 0.109375 0.083008
0 0.153320 0.167480 0.074219 0.073242
0 0.126465 0.231934 0.061523 0.063477
0 0.229492 0.208008 0.074219 0.095703
0 0.179199 0.237793 0.047852 0.071289
0 0.154297 0.299316 0.070312 0.079102
0 0.204590 0.299805 0.053711 0.068359
0 0.138672 0.377441 0.074219 0.065430
0 0.352539 0.085449 0.078125 0.073242
0 0.598145 0.110840 0.071289 0.079102
0 0.571777 0.188477 0.071289 0.058594
0 0.701172 0.078613 0.080078 0.106445
0 0.760742 0.129395 0.078125 0.077148
0 0.787598 0.178223 0.051758 0.081055
0 0.767578 0.229980 0.064453 0.079102
0 0.817383 0.264648 0.070312 0.076172
0 0.708984 0.294434 0.062500 0.061523
0 0.857910 0.394043 0.067383 0.094727
0 0.952637 0.395996 0.059570 0.071289
0 0.747070 0.499023 0.078125 0.070312
0 0.678223 0.580078 0.065430 0.068359
0 0.612793 0.741211 0.063477 0.058594
0 0.670898 0.709961 0.070312 0.074219
0 0.755371 0.662109 0.071289 0.074219
0 0.703613 0.838867 0.063477 0.060547
0 0.738281 0.872559 0.050781 0.053711
0 0.874512 0.792480 0.065430 0.065430
0 0.903809 0.732910 0.077148 0.063477
0 0.908203 0.669922 0.066406 0.060547
0 0.804688 0.093262 0.039062 0.075195
0 0.911621 0.011230 0.040039 0.022461
0 0.992676 0.104492 0.014648 0.064453
0 0.989258 0.159180 0.021484 0.058594
0 0.876953 0.648438 0.046875 0.068359
0 0.022949 0.037109 0.045898 0.074219
0 0.009766 0.128418 0.017578 0.038086
0 0.153809 0.103516 0.088867 0.103516
0 0.107422 0.109863 0.035156 0.036133
