0 0.054688 0.619141 0.109375 0.103516
0 0.166992 0.687988 0.083984 0.088867
0 0.067871 0.796387 0.090820 0.106445
0 0.013184 0.747559 0.026367 0.092773
0 0.080078 0.959473 0.103516 0.081055
0 0.168945 0.976562 0.103516 0.046875
0 0.315430 0.807617 0.119141 0.103516
0 0.423828 0.967773 0.093750 0.064453
0 0.500488 0.947754 0.133789 0.104492
0 0.506348 0.857422 0.063477 0.080078
0 0.737793 0.913574 0.180664 0.090820
0 0.579102 0.765625 0.125000 0.089844
0 0.638184 0.627441 0.081055 0.090820
0 0.786133 0.726074 0.091797 0.084961
0 0.872559 0.748535 0.081055 0.102539
0 0.921387 0.607910 0.151367 0.155273
0 0.589844 0.489746 0.119141 0.077148
0 0.517578 0.396484 0.082031 0.148438
0 0.397949 0.595703 0.084961 0.285156
0 0.330566 0.671387 0.069336 0.079102
0 0.454590 0.627441 0.063477 0.079102
0 0.187012 0.524414 0.090820 0.099609
0 0.439941 0.182129 0.104492 0.092773
0 0.212891 0.107910 0.115234 0.067383
0 0.275391 0.193848 0.089844 0.084961
0 0.718750 0.267578 0.107422 0.101562
0 0.916992 0.094727 0.107422 0.097656
0 0.949707 0.948730 0.100586 0.098633
0 0.102539 0.565430 0.115234 0.109375
