0 0.175293 0.128906 0.071289 0.125000
0 0.050293 0.219727 0.098633 0.107422
0 0.273438 0.159668 0.078125 0.083008
0 0.319336 0.041992 0.083984 0.078125
0 0.387695 0.173828 0.125000 0.068359
0 0.640137 0.077148 0.165039 0.082031
0 0.608887 0.304199 0.077148 0.077148
0 0.785156 0.041504 0.042969 0.057617
0 0.765137 0.165039 0.051758 0.050781
0 0.765625 0.349609 0.111328 0.134766
0 0.926270 0.111816 0.053711 0.057617
0 0.904297 0.416016 0.060547 0.082031
0 0.645020 0.517090 0.124023 0.084961
0 0.481445 0.528320 0.074219 0.101562
0 0.369629 0.530273 0.057617 0.058594
0 0.261719 0.526855 0.078125 0.073242
0 0.242188 0.609375 0.152344 0.136719
0 0.092773 0.517090 0.070312 0.053711
0 0.241699 0.803223 0.055664 0.084961
0 0.432129 0.727539 0.081055 0.066406
0 0.497559 0.625488 0.104492 0.059570
0 0.527832 0.769531 0.055664 0.099609
0 0.461426 0.770508 0.086914 0.087891
0 0.547363 0.868164 0.059570 0.068359
0 0.390137 0.911621 0.088867 0.071289
0 0.244141 0.941406 0.201172 0.117188
0 0.051758 0.865723 0.093750 0.213867
0 0.948242 0.951660 0.103516 0.075195
0 0.830078 0.854980 0.095703 0.092773
0 0.713867 0.781250 0.142578 0.115234
0 0.704590 0.680664 0.084961 0.080078
0 0.809082 0.714844 0.092773 0.070312
0 0.872559 0.724121 0.057617 0.059570
0 0.828613 0.640625 0.067383 0.093750
0 0.720215 0.609863 0.112305 0.073242
0 0.979004 0.466309 0.041992 0.053711
0 0.883301 0.391602 0.065430 0.068359
0 0.083496 0.987305 0.055664 0.025391
0 0.224609 0.980957 0.074219 0.038086
