0 0.065527 0.857324 0.068750 0.055078
0 0.168457 0.833008 0.063477 0.064453
0 0.264648 0.852539 0.050781 0.070312
0 0.303223 0.969238 0.071289 0.061523
0 0.422363 0.982910 0.061523 0.034180
0 0.492188 0.914551 0.066406 0.069336
0 0.583496 0.892090 0.065430 0.069336
0 0.548340 0.931152 0.069336 0.067383
0 0.565918 0.775391 0.098633 0.103516
0 0.592285 0.984375 0.092773 0.031250
0 0.702637 0.980957 0.065430 0.038086
0 0.829102 0.980957 0.066406 0.038086
0 0.954102 0.980957 0.082031 0.038086
0 0.910156 0.740234 0.125000 0.126953
0 0.823730 0.738770 0.047852 0.071289
0 0.701172 0.593262 0.074219 0.071289
0 0.921875 0.554199 0.068359 0.069336
0 0.863281 0.504883 0.083984 0.085938
0 0.861328 0.373535 0.132812 0.065430
0 0.860840 0.422363 0.084961 0.073242
0 0.944824 0.439941 0.108398 0.110352
0 0.966309 0.363770 0.067383 0.081055
0 0.448730 0.505859 0.106445 0.070312
0 0.396484 0.434570 0.068359 0.087891
0 0.225586 0.442383 0.095703 0.080078
0 0.101562 0.453125 0.097656 0.072266
0 0.474121 0.189453 0.081055 0.119141
0 0.329102 0.345703 0.078125 0.068359
0 0.267090 0.324219 0.059570 0.101562
0 0.334961 0.228516 0.070312 0.115234
0 0.207520 0.125977 0.069336 0.115234
0 0.125488 0.303711 0.075195 0.164062
0 0.037109 0.262695 0.066406 0.066406
0 0.852051 0.061035 0.061523 0.061523
0 0.794922 0.126953 0.078125 0.064453
0 0.748535 0.087402 0.059570 0.071289
0 0.829590 0.586914 0.096680 0.085938
0 0.904297 0.342285 0.082031 0.061523
0 0.303223 0.177246 0.083008 0.096680
0 0.826172 0.690430 0.074219 0.060547
0 0.010742 0.297363 0.021484 0.088867
0 0.047363 0.013672 0.053711 0.027344
0 0.900879 0.014160 0.047852 0.028320
0 0.833984 0.004883 0.021484 0.009766
0 0.803223 0.010742 0.030273 0.021484
0 0.015625 0.790527 0.031250 0.057617
0 0.014160 0.978027 0.028320 0.043945
0 0.750977 0.833496 0.070312 0.049805
0 0.456543 0.750488 0.051758 0.071289
0 0.649414 0.987305 0.044922 0.025391
0 0.387695 0.986816 0.035156 0.026367
0 0.128418 0.844238 0.053711 0.075195
0 0.907227 0.421387 0.052734 0.083008
0 0.801270 0.782715 0.065430 0.043945
