0 0.061035 0.133301 0.092773 0.086914
0 0.284180 0.111816 0.091797 0.143555
0 0.441895 0.160156 0.176758 0.085938
0 0.600586 0.080566 0.093750 0.102539
0 0.662109 0.183105 0.066406 0.067383
0 0.688965 0.264160 0.067383 0.071289
0 0.615723 0.307129 0.075195 0.084961
0 0.374512 0.281738 0.137695 0.073242
0 0.116211 0.316406 0.103516 0.097656
0 0.060059 0.747559 0.120117 0.100586
0 0.165039 0.665039 0.080078 0.103516
0 0.270996 0.623535 0.084961 0.143555
0 0.148926 0.510254 0.063477 0.194336
0 0.242188 0.429688 0.095703 0.132812
0 0.287598 0.370605 0.084961 0.069336
0 0.500000 0.359375 0.113281 0.107422
0 0.578613 0.440918 0.077148 0.118164
0 0.514160 0.497070 0.051758 0.099609
0 0.418457 0.587891 0.092773 0.146484
0 0.732422 0.611816 0.166016 0.083008
0 0.816895 0.361328 0.127930 0.197266
0 0.327637 0.837891 0.079102 0.068359
0 0.435059 0.806152 0.051758 0.047852
0 0.402832 0.894043 0.065430 0.061523
0 0.215820 0.888672 0.082031 0.085938
0 0.157227 0.932129 0.087891 0.073242
0 0.714355 0.942871 0.043945 0.114258
0 0.777344 0.922852 0.105469 0.095703
0 0.736816 0.795898 0.147461 0.115234
0 0.920898 0.518555 0.083984 0.107422
0 0.941895 0.314941 0.065430 0.069336
0 0.952637 0.406738 0.075195 0.120117
0 0.988281 0.144531 0.023438 0.066406
0 0.915039 0.168457 0.054688 0.065430
0 0.834473 0.122559 0.106445 0.131836
0 0.727539 0.025879 0.070312 0.051758
0 0.273438 0.978516 0.072266 0.042969
0 0.357910 0.904785 0.069336 0.083008
