0 0.231445 0.169434 0.089844 0.092773
0 0.656250 0.170898 0.070312 0.056641
0 0.018066 0.824219 0.034180 0.050781
0 0.439453 0.648926 0.082031 0.098633
0 0.199707 0.884766 0.098633 0.066406
0 0.769531 0.820312 0.074219 0.068359
0 0.288086 0.575684 0.093750 0.084961
0 0.145020 0.604492 0.112305 0.064453
0 0.669434 0.502930 0.069336 0.058594
0 0.867188 0.550781 0.111328 0.064453
0 0.682129 0.861816 0.102539 0.051758
0 0.023926 0.757812 0.047852 0.062500
0 0.686523 0.671875 0.091797 0.070312
0 0.804688 0.500977 0.039062 0.074219
0 0.158203 0.974609 0.093750 0.046875
0 0.970703 0.759766 0.058594 0.052734
0 0.094238 0.383301 0.083008 0.059570
0 0.523438 0.796875 0.041016 0.060547
0 0.802734 0.077637 0.083984 0.049805
0 0.113281 0.177734 0.062500 0.142578
0 0.802246 0.803711 0.047852 0.080078
0 0.216797 0.257812 0.042969 0.101562
0 0.434570 0.921875 0.056641 0.072266
0 0.251465 0.242188 0.075195 0.050781
0 0.487305 0.259277 0.058594 0.065430
0 0.442871 0.067871 0.067383 0.061523
0 0.582031 0.327637 0.115234 0.047852
0 0.733398 0.028320 0.048828 0.056641
0 0.789062 0.916992 0.093750 0.044922
0 0.977539 0.111328 0.044922 0.072266
0 0.104004 0.116211 0.057617 0.074219
0 0.274414 0.311035 0.095703 0.137695
0 0.983887 0.254883 0.032227 0.083984
0 0.372559 0.841309 0.084961 0.047852
0 0.691406 0.266602 0.101562 0.044922
0 0.571289 0.648438 0.072266 0.060547
0 0.656250 0.049316 0.060547 0.049805
0 0.121582 0.857422 0.084961 0.060547
0 0.250977 0.887695 0.048828 0.072266
0 0.973633 0.610840 0.048828 0.063477
0 0.827637 0.597168 0.047852 0.073242
0 0.030273 0.366211 0.060547 0.056641
0 0.633301 0.944336 0.088867 0.046875
0 0.928711 0.954102 0.080078 0.058594
0 0.276367 0.011719 0.054688 0.023438
0 0.448730 0.703613 0.075195 0.040039
0 0.873535 0.016602 0.028320 0.033203
0 0.928223 0.118652 0.071289 0.055664
0 0.038574 0.971191 0.063477 0.047852
0 0.826660 0.299805 0.067383 0.048828
0 0.028809 0.097168 0.049805 0.043945
0 0.546875 0.282715 0.046875 0.067383
0 0.144043 0.172852 0.059570 0.080078
0 0.022461 0.775879 0.044922 0.065430
0 0.019531 0.228027 0.039062 0.051758
0 0.830566 0.958496 0.081055 0.053711
0 0.803223 0.361328 0.075195 0.060547
0 0.744141 0.432617 0.052734 0.070312
0 0.668457 0.455566 0.053711 0.057617
0 0.354980 0.547363 0.063477 0.077148
0 0.264160 0.462402 0.071289 0.071289
0 0.613770 0.977051 0.067383 0.040039
0 0.059082 0.195801 0.055664 0.051758
0 0.968750 0.190430 0.050781 0.054688
