0 0.086914 0.107422 0.064453 0.052734
0 0.091797 0.170898 0.076172 0.050781
0 0.155273 0.222168 0.083984 0.075195
0 0.252441 0.296387 0.065430 0.043945
0 0.220703 0.212402 0.048828 0.055664
0 0.237793 0.159180 0.083008 0.054688
0 0.190918 0.111816 0.053711 0.043945
0 0.355957 0.079102 0.094727 0.056641
0 0.342773 0.173340 0.066406 0.040039
0 0.493652 0.160156 0.090820 0.048828
0 0.505859 0.246582 0.087891 0.065430
0 0.650879 0.221191 0.059570 0.077148
0 0.727051 0.272949 0.075195 0.073242
0 0.892090 0.095703 0.083008 0.097656
0 0.811523 0.140625 0.062500 0.048828
0 0.723633 0.112305 0.070312 0.066406
0 0.621094 0.136230 0.087891 0.061523
0 0.622559 0.094238 0.084961 0.073242
0 0.551270 0.084961 0.065430 0.048828
0 0.598633 0.031250 0.082031 0.050781
0 0.966309 0.023926 0.067383 0.047852
0 0.895020 0.023438 0.063477 0.046875
0 0.770020 0.057617 0.065430 0.072266
0 0.827148 0.070801 0.066406 0.055664
0 0.963867 0.184082 0.072266 0.041992
0 0.979492 0.135254 0.041016 0.040039
0 0.019531 0.555664 0.039062 0.076172
0 0.245605 0.519531 0.055664 0.062500
0 0.307617 0.456055 0.046875 0.101562
0 0.370605 0.431641 0.055664 0.097656
0 0.494141 0.479004 0.111328 0.061523
0 0.469727 0.521973 0.058594 0.040039
0 0.290527 0.590820 0.124023 0.050781
0 0.400879 0.585449 0.096680 0.075195
0 0.463379 0.619629 0.065430 0.059570
0 0.524902 0.616211 0.081055 0.060547
0 0.548340 0.561035 0.069336 0.049805
0 0.599609 0.610352 0.070312 0.062500
0 0.743652 0.544434 0.094727 0.047852
0 0.724121 0.597656 0.069336 0.052734
0 0.857422 0.454102 0.078125 0.085938
0 0.894043 0.485840 0.131836 0.081055
0 0.901855 0.540527 0.127930 0.051758
0 0.906250 0.562012 0.070312 0.102539
0 0.808594 0.641602 0.148438 0.058594
0 0.808594 0.718750 0.060547 0.056641
0 0.822266 0.775879 0.056641 0.043945
0 0.872070 0.682617 0.066406 0.044922
0 0.951660 0.714355 0.096680 0.047852
0 0.687500 0.864746 0.093750 0.051758
0 0.570801 0.707520 0.040039 0.049805
0 0.655273 0.672363 0.054688 0.053711
0 0.498535 0.709473 0.069336 0.045898
0 0.288086 0.686035 0.064453 0.041992
0 0.348145 0.667480 0.061523 0.049805
0 0.291504 0.722168 0.108398 0.059570
0 0.175293 0.744141 0.110352 0.042969
0 0.103516 0.722656 0.052734 0.066406
0 0.038574 0.666992 0.069336 0.064453
0 0.583984 0.899414 0.144531 0.076172
0 0.694824 0.966797 0.088867 0.066406
0 0.154297 0.874512 0.091797 0.051758
0 0.115234 0.820801 0.050781 0.057617
0 0.028320 0.929688 0.056641 0.087891
0 0.233887 0.754883 0.067383 0.068359
0 0.431641 0.786133 0.054688 0.050781
0 0.861328 0.730469 0.099609 0.048828
0 0.734375 0.163086 0.066406 0.050781
0 0.285645 0.127441 0.063477 0.075195
0 0.536133 0.037598 0.072266 0.075195
