0 0.162598 0.199219 0.096680 0.072266
0 0.428223 0.142578 0.092773 0.087891
0 0.400391 0.288574 0.068359 0.100586
0 0.218750 0.318848 0.093750 0.067383
0 0.319336 0.379395 0.101562 0.045898
0 0.212402 0.388672 0.096680 0.048828
0 0.157715 0.529297 0.059570 0.078125
0 0.462891 0.376953 0.087891 0.064453
0 0.521973 0.307617 0.090820 0.078125
0 0.569336 0.115723 0.082031 0.063477
0 0.612305 0.056641 0.068359 0.105469
0 0.196289 0.098145 0.201172 0.110352
0 0.623535 0.205566 0.100586 0.053711
0 0.645020 0.284668 0.067383 0.122070
0 0.738770 0.368652 0.100586 0.057617
0 0.812988 0.270020 0.129883 0.125977
0 0.881348 0.220215 0.092773 0.165039
0 0.866211 0.421387 0.068359 0.100586
0 0.698730 0.468750 0.104492 0.066406
0 0.557129 0.592285 0.075195 0.194336
0 0.479492 0.703613 0.109375 0.190430
0 0.617188 0.670898 0.052734 0.082031
0 0.678711 0.647461 0.074219 0.167969
0 0.725586 0.660156 0.052734 0.062500
0 0.894531 0.626465 0.089844 0.198242
0 0.959961 0.031738 0.080078 0.063477
0 0.122070 0.749512 0.085938 0.143555
0 0.165039 0.926270 0.058594 0.116211
0 0.189941 0.974121 0.081055 0.051758
0 0.135742 0.967285 0.082031 0.053711
0 0.386719 0.937500 0.117188 0.068359
0 0.425293 0.890137 0.086914 0.055664
0 0.580566 0.945801 0.071289 0.108398
0 0.744141 0.913574 0.132812 0.135742
0 0.219727 0.026855 0.119141 0.053711
