0 0.189941 0.023438 0.081055 0.046875
0 0.580566 0.019531 0.071289 0.039062
0 0.645508 0.037109 0.152344 0.074219
0 0.221680 0.106934 0.156250 0.098633
0 0.255859 0.242188 0.187500 0.087891
0 0.490723 0.214844 0.083008 0.064453
0 0.662109 0.178711 0.115234 0.148438
0 0.767578 0.210449 0.080078 0.079102
0 0.658691 0.318359 0.131836 0.087891
0 0.646484 0.401367 0.050781 0.048828
0 0.495117 0.393555 0.095703 0.070312
0 0.483398 0.304199 0.046875 0.036133
0 0.511230 0.515625 0.096680 0.125000
0 0.472656 0.641602 0.068359 0.091797
0 0.147949 0.606445 0.084961 0.068359
0 0.153320 0.734863 0.087891 0.151367
0 0.357910 0.823242 0.073242 0.181641
0 0.432129 0.771973 0.088867 0.075195
0 0.608398 0.847168 0.087891 0.163086
0 0.645508 0.706055 0.078125 0.101562
0 0.709473 0.507324 0.063477 0.116211
0 0.826172 0.372559 0.169922 0.106445
0 0.928711 0.545410 0.078125 0.069336
0 0.824219 0.531738 0.085938 0.055664
0 0.989746 0.373047 0.020508 0.083984
0 0.976562 0.450195 0.046875 0.074219
0 0.965820 0.744629 0.068359 0.083008
0 0.886719 0.723145 0.103516 0.088867
0 0.771484 0.742676 0.195312 0.102539
0 0.707520 0.892578 0.102539 0.179688
0 0.667969 0.972656 0.050781 0.054688
0 0.746094 0.833496 0.072266 0.073242
0 0.854004 0.957520 0.077148 0.084961
0 0.777832 0.911133 0.051758 0.054688
0 0.407715 0.954102 0.077148 0.091797
0 0.165527 0.895508 0.118164 0.076172
0 0.041016 0.927734 0.060547 0.103516
0 0.421875 0.563477 0.080078 0.064453
0 0.237793 0.972656 0.041992 0.054688
0 0.289551 0.888672 0.071289 0.074219
0 0.339355 0.956055 0.069336 0.087891
0 0.978027 0.965820 0.043945 0.046875
0 0.961914 0.298828 0.076172 0.117188
0 0.968750 0.141113 0.062500 0.143555
0 0.987305 0.072266 0.025391 0.128906
0 0.958984 0.824219 0.082031 0.050781
0 0.027344 0.050293 0.054688 0.079102
0 0.033203 0.740723 0.066406 0.125977
