0 0.431641 0.035645 0.107422 0.071289
0 0.568359 0.083984 0.125000 0.087891
0 0.016113 0.364746 0.032227 0.067383
0 0.073730 0.336426 0.075195 0.055664
0 0.028809 0.285645 0.057617 0.069336
0 0.046387 0.107910 0.073242 0.069336
0 0.182129 0.126953 0.075195 0.074219
0 0.258301 0.120117 0.079102 0.078125
0 0.112793 0.230469 0.110352 0.068359
0 0.188965 0.270996 0.071289 0.084961
0 0.249512 0.291016 0.045898 0.052734
0 0.306641 0.336914 0.074219 0.062500
0 0.317871 0.431152 0.106445 0.086914
0 0.238281 0.440918 0.121094 0.075195
0 0.452148 0.538574 0.093750 0.065430
0 0.503418 0.565918 0.073242 0.079102
0 0.642578 0.516602 0.080078 0.062500
0 0.632812 0.464844 0.046875 0.074219
0 0.747070 0.406738 0.095703 0.075195
0 0.819336 0.497559 0.070312 0.061523
0 0.913086 0.542969 0.080078 0.064453
0 0.952148 0.331543 0.056641 0.065430
0 0.315918 0.649414 0.141602 0.087891
0 0.433105 0.714355 0.090820 0.065430
0 0.533691 0.770996 0.084961 0.077148
0 0.801758 0.811035 0.117188 0.083008
0 0.861328 0.744141 0.080078 0.060547
0 0.832520 0.676758 0.069336 0.070312
0 0.880859 0.636230 0.070312 0.061523
0 0.970703 0.687988 0.058594 0.063477
0 0.767090 0.600098 0.065430 0.053711
0 0.723633 0.645996 0.070312 0.065430
0 0.610840 0.592773 0.061523 0.068359
0 0.231934 0.765625 0.061523 0.066406
0 0.219238 0.816406 0.061523 0.044922
0 0.088867 0.779297 0.068359 0.054688
0 0.140625 0.816895 0.048828 0.041992
0 0.338379 0.889160 0.057617 0.090820
0 0.462891 0.833008 0.085938 0.099609
0 0.549316 0.916992 0.092773 0.054688
0 0.624512 0.898926 0.057617 0.083008
0 0.617676 0.827637 0.098633 0.049805
0 0.806152 0.884766 0.118164 0.070312
0 0.953125 0.945312 0.091797 0.068359
0 0.142090 0.877930 0.071289 0.050781
0 0.019531 0.801758 0.039062 0.089844
0 0.571777 0.227051 0.086914 0.083008
0 0.247070 0.202637 0.054688 0.055664
0 0.209473 0.966309 0.053711 0.057617
0 0.970215 0.837891 0.059570 0.076172
0 0.728027 0.128418 0.061523 0.069336
0 0.793457 0.023438 0.092773 0.046875
0 0.813965 0.117188 0.081055 0.105469
0 0.939453 0.141602 0.070312 0.093750
0 0.771484 0.174805 0.052734 0.050781
0 0.395508 0.798828 0.074219 0.082031
0 0.826660 0.527832 0.055664 0.049805
