0 0.964844 0.055664 0.070312 0.107422
0 0.443359 0.347168 0.107422 0.094727
0 0.545410 0.516602 0.137695 0.125000
0 0.698730 0.675781 0.147461 0.078125
0 0.893066 0.829590 0.083008 0.084961
0 0.651855 0.617188 0.100586 0.080078
0 0.997070 0.207031 0.005859 0.105469
0 0.620605 0.910645 0.083008 0.057617
0 0.880859 0.353516 0.087891 0.107422
0 0.142090 0.796875 0.100586 0.125000
0 0.818359 0.138672 0.082031 0.050781
0 0.139648 0.908203 0.125000 0.113281
0 0.257324 0.486816 0.084961 0.129883
0 0.614258 0.953125 0.099609 0.062500
0 0.682129 0.791992 0.065430 0.074219
0 0.075684 0.058105 0.147461 0.112305
0 0.744141 0.429688 0.125000 0.080078
0 0.789551 0.850586 0.059570 0.072266
0 0.399414 0.470703 0.089844 0.097656
0 0.059570 0.269043 0.119141 0.090820
0 0.214844 0.880859 0.089844 0.082031
0 0.964844 0.721191 0.070312 0.067383
0 0.709473 0.090820 0.069336 0.126953
0 0.135742 0.564453 0.238281 0.105469
0 0.430664 0.854492 0.082031 0.154297
0 0.973633 0.184570 0.052734 0.095703
0 0.966797 0.271973 0.066406 0.077148
0 0.755859 0.891113 0.072266 0.057617
0 0.390625 0.199707 0.107422 0.145508
0 0.348145 0.086914 0.172852 0.169922
0 0.342285 0.815430 0.155273 0.097656
0 0.663086 0.030762 0.072266 0.057617
0 0.605469 0.273438 0.082031 0.111328
0 0.180664 0.480469 0.087891 0.117188
0 0.538086 0.778320 0.248047 0.107422
0 0.798340 0.377441 0.084961 0.057617
0 0.524902 0.288086 0.053711 0.042969
0 0.078125 0.736816 0.132812 0.110352
0 0.554688 0.233398 0.150391 0.072266
0 0.740723 0.174805 0.077148 0.070312
0 0.121094 0.189453 0.097656 0.099609
0 0.635742 0.775391 0.107422 0.091797
0 0.334473 0.734863 0.219727 0.084961
0 0.178711 0.642090 0.142578 0.075195
0 0.299805 0.523438 0.062500 0.062500
0 0.577148 0.575684 0.095703 0.067383
0 0.046875 0.655762 0.089844 0.083008
0 0.362305 0.876953 0.115234 0.060547
0 0.137695 0.282227 0.132812 0.072266
0 0.795410 0.249512 0.047852 0.114258
0 0.576660 0.422852 0.086914 0.082031
0 0.857422 0.669434 0.048828 0.057617
0 0.029785 0.449707 0.059570 0.043945
