0 0.651855 0.650391 0.073242 0.087891
0 0.247070 0.858887 0.068359 0.096680
0 0.908203 0.229492 0.085938 0.070312
0 0.606445 0.156738 0.054688 0.083008
0 0.680176 0.225586 0.063477 0.078125
0 0.596191 0.641602 0.030273 0.091797
0 0.018555 0.548828 0.037109 0.087891
0 0.385254 0.756836 0.051758 0.066406
0 0.222656 0.637207 0.060547 0.081055
0 0.594238 0.028320 0.083008 0.056641
0 0.806152 0.816895 0.067383 0.041992
0 0.750977 0.480957 0.041016 0.106445
0 0.090820 0.729980 0.039062 0.053711
0 0.433105 0.031738 0.049805 0.063477
0 0.062012 0.345215 0.077148 0.069336
0 0.421387 0.945801 0.145508 0.098633
0 0.521484 0.595703 0.062500 0.083984
0 0.827637 0.491211 0.053711 0.062500
0 0.871582 0.582031 0.053711 0.087891
0 0.152832 0.414062 0.077148 0.093750
0 0.965820 0.062988 0.033203 0.073242
0 0.236328 0.587891 0.068359 0.054688
0 0.694824 0.560547 0.061523 0.134766
0 0.345215 0.656250 0.047852 0.076172
0 0.856934 0.102051 0.045898 0.067383
0 0.813965 0.558594 0.084961 0.056641
0 0.159180 0.281250 0.066406 0.070312
0 0.354980 0.645508 0.049805 0.062500
0 0.013672 0.733887 0.027344 0.040039
0 0.769531 0.625000 0.056641 0.052734
0 0.223145 0.299805 0.043945 0.058594
0 0.520508 0.680176 0.041016 0.051758
0 0.493652 0.129395 0.028320 0.059570
0 0.933105 0.964844 0.026367 0.052734
0 0.217285 0.408203 0.088867 0.046875
0 0.968262 0.902344 0.045898 0.052734
0 0.974609 0.675781 0.050781 0.054688
0 0.717773 0.523438 0.050781 0.072266
0 0.295898 0.789062 0.085938 0.050781
0 0.083008 0.058594 0.048828 0.087891
0 0.895508 0.349121 0.115234 0.127930
0 0.756836 0.759277 0.048828 0.065430
0 0.607910 0.267090 0.051758 0.051758
0 0.822266 0.415039 0.042969 0.025391
0 0.230469 0.371582 0.054688 0.045898
0 0.187988 0.064941 0.057617 0.026367
0 0.124023 0.969727 0.064453 0.031250
0 0.742188 0.082031 0.064453 0.064453
0 0.510742 0.693359 0.041016 0.039062
0 0.774902 0.352051 0.041992 0.067383
0 0.791992 0.078613 0.066406 0.057617
0 0.979980 0.118164 0.036133 0.056641
0 0.781250 0.373047 0.058594 0.054688
0 0.424805 0.886719 0.093750 0.056641
0 0.892578 0.728516 0.050781 0.074219
0 0.920898 0.972656 0.027344 0.050781
0 0.634766 0.439941 0.044922 0.032227
0 0.541504 0.462891 0.063477 0.037109
0 0.302246 0.673340 0.055664 0.022461
0 0.928711 0.570801 0.042969 0.045898
0 0.011230 0.109863 0.022461 0.043945
0 0.866699 0.315430 0.079102 0.080078
0 0.490723 0.337891 0.051758 0.025391
0 0.406738 0.605957 0.049805 0.057617
0 0.201660 0.699707 0.065430 0.041992
0 0.855469 0.751465 0.052734 0.038086
0 0.805664 0.958496 0.058594 0.053711
0 0.747559 0.954590 0.051758 0.047852
0 0.036133 0.027344 0.072266 0.054688
0 0.060547 0.108398 0.080078 0.052734
0 0.522949 0.161621 0.053711 0.045898
0 0.959473 0.346680 0.040039 0.052734
0 0.345703 0.987305 0.074219 0.025391
