0 0.114746 0.384277 0.067383 0.131836
0 0.507324 0.432129 0.061523 0.118164
0 0.939941 0.771484 0.051758 0.080078
0 0.752930 0.159668 0.056641 0.127930
0 0.937500 0.539551 0.054688 0.106445
0 0.441406 0.687988 0.105469 0.069336
0 0.014648 0.689941 0.029297 0.106445
0 0.787109 0.935547 0.058594 0.074219
0 0.852051 0.834473 0.086914 0.065430
0 0.726074 0.040527 0.047852 0.081055
0 0.920410 0.119629 0.088867 0.112305
0 0.803711 0.086914 0.101562 0.083984
0 0.526367 0.799805 0.130859 0.087891
0 0.162109 0.834961 0.052734 0.060547
0 0.067871 0.706543 0.028320 0.145508
0 0.839844 0.756348 0.052734 0.116211
0 0.886719 0.936035 0.027344 0.071289
0 0.973145 0.535156 0.053711 0.080078
0 0.135742 0.780273 0.025391 0.097656
0 0.642090 0.496582 0.114258 0.112305
0 0.297363 0.794922 0.067383 0.142578
0 0.052734 0.502441 0.035156 0.065430
0 0.145996 0.676270 0.096680 0.157227
0 0.457520 0.524902 0.086914 0.075195
0 0.395996 0.746582 0.094727 0.086914
0 0.975098 0.597168 0.049805 0.073242
0 0.975586 0.163574 0.048828 0.032227
0 0.926270 0.604004 0.069336 0.028320
0 0.262207 0.734863 0.092773 0.022461
0 0.694336 0.258301 0.042969 0.034180
0 0.830566 0.628418 0.051758 0.057617
0 0.035645 0.087402 0.071289 0.034180
0 0.505859 0.601562 0.058594 0.058594
0 0.340332 0.510254 0.067383 0.067383
0 0.226562 0.413574 0.046875 0.030273
0 0.583496 0.379883 0.063477 0.156250
0 0.324219 0.346191 0.082031 0.143555
0 0.411133 0.602051 0.121094 0.055664
0 0.512695 0.918945 0.080078 0.027344
0 0.626953 0.017090 0.031250 0.034180
0 0.711426 0.775879 0.040039 0.065430
0 0.212402 0.291504 0.073242 0.018555
0 0.427246 0.289551 0.069336 0.051758
0 0.466797 0.320312 0.046875 0.031250
0 0.583496 0.017090 0.024414 0.034180
0 0.774902 0.382812 0.028320 0.060547
0 0.540527 0.561035 0.071289 0.041992
0 0.753906 0.761719 0.044922 0.054688
0 0.457520 0.641113 0.073242 0.026367
0 0.326172 0.569824 0.173828 0.036133
0 0.291016 0.932617 0.173828 0.089844
0 0.887207 0.676758 0.032227 0.058594
0 0.498047 0.515625 0.072266 0.062500
0 0.894531 0.794922 0.068359 0.058594
0 0.937988 0.658691 0.049805 0.040039
0 0.136230 0.011230 0.122070 0.022461
0 0.475098 0.011230 0.131836 0.022461
0 0.956543 0.019043 0.041992 0.038086
0 0.987793 0.022949 0.024414 0.045898
0 0.781738 0.011719 0.069336 0.023438
0 0.512695 0.625977 0.107422 0.033203
0 0.192871 0.601562 0.049805 0.058594
0 0.849609 0.982422 0.080078 0.035156
