0 0.578125 0.041992 0.058594 0.083984
0 0.971680 0.065918 0.037109 0.090820
0 0.042969 0.690918 0.085938 0.092773
0 0.504883 0.785645 0.095703 0.081055
0 0.777344 0.239258 0.039062 0.093750
0 0.013672 0.033203 0.027344 0.062500
0 0.264160 0.620117 0.104492 0.062500
0 0.639160 0.228027 0.040039 0.100586
0 0.347656 0.694336 0.087891 0.035156
0 0.659180 0.165527 0.066406 0.092773
0 0.953613 0.524902 0.088867 0.049805
0 0.316895 0.063965 0.092773 0.040039
0 0.210938 0.312500 0.085938 0.033203
0 0.155762 0.622070 0.061523 0.056641
0 0.583008 0.229492 0.060547 0.062500
0 0.130859 0.320801 0.083984 0.047852
0 0.336914 0.562988 0.078125 0.051758
0 0.373535 0.013184 0.081055 0.026367
0 0.962402 0.969727 0.040039 0.060547
0 0.524414 0.607910 0.062500 0.069336
0 0.471680 0.556641 0.056641 0.058594
0 0.145508 0.278320 0.060547 0.035156
0 0.410156 0.455566 0.035156 0.129883
0 0.910156 0.666504 0.064453 0.041992
0 0.061035 0.271484 0.041992 0.103516
0 0.178223 0.600586 0.118164 0.064453
0 0.449219 0.253418 0.058594 0.038086
0 0.948242 0.920410 0.083984 0.049805
0 0.652344 0.113770 0.041016 0.057617
0 0.459473 0.604492 0.063477 0.042969
0 0.742676 0.292480 0.043945 0.077148
0 0.672363 0.500000 0.028320 0.054688
0 0.248047 0.544922 0.095703 0.056641
0 0.259766 0.984863 0.087891 0.026367
0 0.014648 0.162598 0.029297 0.018555
0 0.023926 0.993652 0.047852 0.012695
0 0.279785 0.989258 0.047852 0.021484
0 0.346191 0.747070 0.047852 0.041016
0 0.987793 0.606445 0.024414 0.062500
0 0.353027 0.682129 0.081055 0.028320
0 0.426270 0.014648 0.059570 0.029297
0 0.986328 0.766602 0.027344 0.068359
0 0.789551 0.565918 0.067383 0.088867
0 0.894043 0.601074 0.036133 0.057617
0 0.765625 0.608398 0.072266 0.046875
0 0.853027 0.605469 0.081055 0.031250
