0 0.368164 0.191895 0.080078 0.108398
0 0.378906 0.297852 0.085938 0.068359
0 0.501953 0.325684 0.074219 0.065430
0 0.425293 0.497559 0.077148 0.073242
0 0.522461 0.675293 0.052734 0.057617
0 0.514160 0.740723 0.071289 0.071289
0 0.452148 0.841797 0.080078 0.064453
0 0.432129 0.926758 0.112305 0.099609
0 0.579590 0.976562 0.084961 0.046875
0 0.782227 0.975586 0.066406 0.048828
0 0.955566 0.939453 0.059570 0.054688
0 0.775391 0.939941 0.058594 0.055664
0 0.786133 0.834961 0.080078 0.060547
0 0.778320 0.706055 0.085938 0.091797
0 0.919434 0.457520 0.153320 0.098633
0 0.833984 0.334961 0.076172 0.080078
0 0.913086 0.251465 0.085938 0.083008
0 0.695801 0.202637 0.100586 0.067383
