0 0.408691 0.959961 0.041992 0.080078
0 0.631836 0.032227 0.072266 0.064453
0 0.726562 0.805664 0.054688 0.097656
0 0.087402 0.586426 0.094727 0.063477
0 0.278320 0.121582 0.072266 0.079102
0 0.073730 0.958008 0.106445 0.083984
0 0.990234 0.396973 0.019531 0.036133
0 0.218262 0.909180 0.098633 0.048828
0 0.544922 0.971191 0.072266 0.055664
0 0.667969 0.476074 0.091797 0.079102
0 0.118652 0.032715 0.081055 0.055664
0 0.967285 0.939453 0.065430 0.060547
0 0.975586 0.360352 0.048828 0.046875
0 0.645020 0.296387 0.090820 0.088867
0 0.936035 0.285645 0.073242 0.051758
0 0.686523 0.858398 0.091797 0.066406
0 0.942383 0.708008 0.115234 0.074219
0 0.835938 0.407715 0.156250 0.090820
0 0.682129 0.208984 0.047852 0.078125
0 0.450684 0.292480 0.067383 0.069336
0 0.358887 0.416992 0.065430 0.062500
0 0.022461 0.799316 0.044922 0.043945
0 0.975586 0.038086 0.048828 0.064453
0 0.184082 0.186035 0.139648 0.061523
0 0.428223 0.067871 0.084961 0.047852
0 0.859375 0.896484 0.058594 0.062500
0 0.754395 0.528809 0.041992 0.038086
0 0.569336 0.964844 0.068359 0.054688
0 0.758301 0.580078 0.063477 0.060547
0 0.033691 0.152832 0.067383 0.079102
0 0.644531 0.415527 0.068359 0.079102
0 0.476562 0.556152 0.101562 0.092773
0 0.103027 0.095215 0.079102 0.055664
0 0.776855 0.165039 0.061523 0.091797
0 0.486816 0.204590 0.053711 0.084961
0 0.306152 0.894043 0.047852 0.059570
0 0.548828 0.690918 0.103516 0.053711
0 0.918457 0.966797 0.069336 0.066406
0 0.014648 0.384277 0.029297 0.026367
0 0.755371 0.104492 0.067383 0.058594
0 0.228027 0.236328 0.114258 0.042969
0 0.527344 0.304199 0.113281 0.053711
0 0.227539 0.311523 0.027344 0.019531
0 0.912109 0.649414 0.093750 0.058594
0 0.573730 0.407227 0.122070 0.074219
0 0.149414 0.918457 0.089844 0.053711
0 0.872070 0.508301 0.148438 0.045898
0 0.320801 0.943848 0.067383 0.028320
0 0.645508 0.137695 0.058594 0.062500
0 0.742188 0.216309 0.072266 0.051758
0 0.040527 0.854004 0.081055 0.032227
0 0.647949 0.947754 0.067383 0.043945
0 0.089355 0.887695 0.059570 0.056641
0 0.562988 0.251465 0.065430 0.047852
0 0.711914 0.020508 0.062500 0.041016
0 0.512207 0.173828 0.112305 0.041016
0 0.806152 0.346680 0.129883 0.039062
0 0.327148 0.903809 0.054688 0.055664
0 0.857422 0.453613 0.091797 0.081055
0 0.816895 0.062012 0.065430 0.124023
0 0.521484 0.144531 0.185547 0.048828
0 0.811523 0.307617 0.068359 0.064453
0 0.061035 0.218262 0.077148 0.055664
0 0.808105 0.111328 0.061523 0.056641
0 0.339844 0.029785 0.048828 0.038086
0 0.232910 0.944336 0.057617 0.072266
0 0.733887 0.547852 0.061523 0.037109
0 0.308594 0.574707 0.076172 0.043945
0 0.685059 0.792480 0.061523 0.057617
0 0.375000 0.425781 0.105469 0.097656
0 0.600586 0.823730 0.078125 0.057617
0 0.793945 0.794922 0.070312 0.052734
0 0.693848 0.154785 0.096680 0.104492
0 0.218750 0.346191 0.109375 0.055664
0 0.410156 0.377441 0.076172 0.073242
0 0.498047 0.677734 0.039062 0.058594
0 0.335938 0.354980 0.158203 0.110352
0 0.286133 0.507812 0.078125 0.058594
0 0.049805 0.763672 0.099609 0.050781
0 0.341797 0.516113 0.115234 0.098633
0 0.515625 0.015137 0.056641 0.030273
0 0.803223 0.775391 0.063477 0.042969
0 0.643555 0.645996 0.070312 0.041992
0 0.549805 0.529297 0.070312 0.080078
0 0.274414 0.342773 0.070312 0.078125
0 0.755371 0.898438 0.163086 0.039062
0 0.260254 0.462891 0.112305 0.066406
0 0.794922 0.884277 0.064453 0.053711
0 0.595703 0.687988 0.046875 0.059570
0 0.187988 0.862793 0.081055 0.043945
0 0.357910 0.129883 0.088867 0.074219
0 0.970703 0.991211 0.058594 0.017578
0 0.621582 0.986328 0.036133 0.027344
0 0.098145 0.843262 0.077148 0.045898
0 0.167969 0.307617 0.091797 0.037109
0 0.890137 0.198730 0.047852 0.077148
0 0.514160 0.749023 0.036133 0.109375
0 0.432617 0.704102 0.085938 0.064453
0 0.068359 0.735352 0.083984 0.083984
0 0.129395 0.769043 0.110352 0.098633
0 0.195312 0.724609 0.107422 0.050781
0 0.224121 0.812012 0.061523 0.026367
0 0.534668 0.733887 0.084961 0.041992
0 0.215332 0.829102 0.043945 0.025391
0 0.155273 0.984863 0.068359 0.030273
0 0.229004 0.990234 0.073242 0.019531
0 0.368652 0.776855 0.079102 0.079102
0 0.012695 0.937012 0.023438 0.041992
0 0.333496 0.972656 0.131836 0.033203
0 0.309082 0.979492 0.038086 0.041016
0 0.424316 0.947754 0.145508 0.041992
0 0.451660 0.947266 0.092773 0.105469
0 0.541016 0.893066 0.103516 0.077148
0 0.806641 0.570801 0.097656 0.047852
0 0.987305 0.719727 0.025391 0.052734
0 0.552734 0.738281 0.044922 0.031250
