0 0.036621 0.100098 0.073242 0.104492
0 0.083496 0.368652 0.088867 0.086914
0 0.163574 0.290527 0.063477 0.112305
0 0.196289 0.181152 0.070312 0.063477
0 0.263184 0.181152 0.073242 0.092773
0 0.039551 0.481934 0.067383 0.102539
0 0.202148 0.546875 0.066406 0.095703
0 0.245117 0.607422 0.080078 0.093750
0 0.143555 0.630859 0.072266 0.087891
0 0.052246 0.625488 0.081055 0.061523
0 0.112793 0.889648 0.067383 0.078125
0 0.200684 0.929688 0.077148 0.066406
0 0.244141 0.886719 0.074219 0.080078
0 0.852051 0.960938 0.075195 0.072266
0 0.788574 0.971191 0.063477 0.057617
0 0.748535 0.872559 0.084961 0.081055
0 0.727539 0.804199 0.083984 0.063477
0 0.582031 0.854004 0.091797 0.073242
0 0.641602 0.748047 0.085938 0.097656
0 0.566406 0.721680 0.074219 0.070312
0 0.777344 0.684082 0.078125 0.079102
0 0.504395 0.637207 0.139648 0.090820
0 0.900391 0.635254 0.078125 0.079102
0 0.950684 0.583008 0.071289 0.138672
0 0.877930 0.548828 0.078125 0.121094
0 0.895508 0.471680 0.076172 0.072266
0 0.708984 0.466797 0.083984 0.119141
0 0.666992 0.414551 0.078125 0.067383
0 0.700195 0.364258 0.074219 0.076172
0 0.813477 0.388184 0.068359 0.075195
0 0.789062 0.327148 0.058594 0.066406
0 0.573242 0.274902 0.085938 0.098633
0 0.610840 0.204590 0.061523 0.067383
0 0.695801 0.174316 0.108398 0.057617
0 0.483398 0.348145 0.064453 0.059570
0 0.411133 0.345703 0.080078 0.074219
0 0.376953 0.312988 0.074219 0.067383
0 0.855469 0.202148 0.070312 0.080078
0 0.935547 0.257324 0.076172 0.067383
0 0.958496 0.348633 0.059570 0.062500
0 0.979492 0.400391 0.041016 0.058594
0 0.697754 0.234863 0.075195 0.069336
0 0.583008 0.030273 0.072266 0.054688
0 0.376465 0.965820 0.065430 0.068359
0 0.387207 0.764648 0.061523 0.052734
0 0.343262 0.236328 0.059570 0.064453
0 0.255371 0.394043 0.059570 0.067383
0 0.239258 0.117676 0.083984 0.071289
0 0.758789 0.954102 0.062500 0.062500
0 0.874023 0.020508 0.097656 0.041016
0 0.431641 0.975586 0.062500 0.048828
0 0.674805 0.023438 0.054688 0.046875
0 0.976562 0.015137 0.044922 0.028320
0 0.982910 0.243652 0.034180 0.096680
0 0.917969 0.343262 0.044922 0.049805
0 0.643066 0.233887 0.053711 0.077148
0 0.509766 0.016602 0.080078 0.033203
0 0.753418 0.350098 0.065430 0.059570
0 0.513184 0.882812 0.055664 0.048828
0 0.375488 0.881348 0.071289 0.041992
0 0.339355 0.927246 0.045898 0.051758
0 0.331055 0.988770 0.044922 0.022461
0 0.986328 0.350098 0.027344 0.032227
