0 0.624512 0.308105 0.100586 0.108398
0 0.887695 0.229980 0.119141 0.114258
0 0.457520 0.152832 0.075195 0.086914
0 0.533203 0.489258 0.082031 0.070312
0 0.823242 0.363281 0.068359 0.072266
0 0.804199 0.062500 0.086914 0.087891
0 0.102539 0.088867 0.113281 0.072266
0 0.433105 0.020996 0.092773 0.041992
0 0.969727 0.610840 0.060547 0.118164
0 0.654785 0.585449 0.094727 0.067383
0 0.735840 0.388184 0.096680 0.067383
0 0.663086 0.518555 0.087891 0.062500
0 0.759277 0.682129 0.084961 0.120117
0 0.696289 0.039551 0.052734 0.079102
0 0.878418 0.475586 0.077148 0.087891
0 0.848633 0.567871 0.107422 0.057617
0 0.602051 0.425781 0.069336 0.097656
0 0.739258 0.308105 0.080078 0.083008
0 0.541992 0.643066 0.074219 0.067383
0 0.689453 0.255859 0.080078 0.062500
0 0.628906 0.071289 0.048828 0.078125
0 0.566895 0.564453 0.069336 0.080078
0 0.510254 0.587891 0.040039 0.035156
0 0.821777 0.688477 0.120117 0.107422
0 0.635254 0.033691 0.108398 0.067383
