0 0.258789 0.051270 0.091797 0.061523
0 0.408203 0.479004 0.091797 0.071289
0 0.103027 0.134277 0.143555 0.088867
0 0.331055 0.157715 0.105469 0.069336
0 0.129395 0.715820 0.081055 0.046875
0 0.473145 0.468750 0.116211 0.052734
0 0.326660 0.376953 0.079102 0.052734
0 0.126465 0.596191 0.092773 0.055664
0 0.261719 0.176270 0.119141 0.065430
0 0.083008 0.908203 0.048828 0.078125
0 0.882324 0.659180 0.112305 0.037109
0 0.220215 0.122070 0.104492 0.058594
0 0.415039 0.948730 0.095703 0.063477
0 0.162598 0.458984 0.104492 0.044922
0 0.209961 0.721680 0.095703 0.054688
0 0.816895 0.609863 0.098633 0.057617
0 0.741211 0.203613 0.083984 0.051758
0 0.837891 0.461914 0.080078 0.050781
0 0.791016 0.562012 0.113281 0.063477
0 0.792969 0.031250 0.037109 0.062500
0 0.156250 0.519531 0.107422 0.046875
0 0.689941 0.023926 0.047852 0.043945
0 0.419922 0.836914 0.107422 0.056641
0 0.782715 0.055664 0.065430 0.037109
0 0.417480 0.206543 0.063477 0.028320
0 0.252441 0.863281 0.110352 0.044922
0 0.295898 0.013672 0.072266 0.027344
0 0.428711 0.881836 0.091797 0.052734
0 0.952148 0.759766 0.068359 0.042969
0 0.530762 0.425293 0.083008 0.045898
0 0.361816 0.764160 0.125977 0.073242
0 0.027832 0.779785 0.055664 0.053711
0 0.164062 0.805176 0.128906 0.045898
0 0.102051 0.963867 0.127930 0.052734
0 0.742676 0.483887 0.100586 0.049805
0 0.548828 0.226074 0.066406 0.024414
0 0.308105 0.903320 0.086914 0.035156
0 0.066895 0.707031 0.081055 0.042969
0 0.037109 0.969727 0.074219 0.041016
0 0.499512 0.090820 0.153320 0.050781
0 0.429688 0.134277 0.070312 0.045898
0 0.542969 0.066895 0.056641 0.045898
0 0.678223 0.171875 0.077148 0.046875
0 0.497559 0.441406 0.063477 0.046875
0 0.570801 0.875488 0.104492 0.077148
0 0.206055 0.182617 0.095703 0.042969
0 0.313965 0.740234 0.075195 0.041016
0 0.795898 0.960938 0.117188 0.054688
0 0.654785 0.443359 0.077148 0.042969
0 0.110840 0.486816 0.092773 0.038086
0 0.903809 0.806641 0.073242 0.052734
0 0.680664 0.700684 0.050781 0.045898
0 0.277832 0.839844 0.084961 0.060547
0 0.699219 0.389160 0.111328 0.045898
0 0.038574 0.180664 0.077148 0.039062
0 0.346680 0.692383 0.113281 0.046875
0 0.971680 0.415039 0.056641 0.037109
0 0.097656 0.988281 0.105469 0.023438
0 0.716797 0.935547 0.105469 0.041016
0 0.162109 0.405762 0.111328 0.043945
0 0.086914 0.453125 0.154297 0.062500
0 0.071289 0.388672 0.132812 0.113281
0 0.707520 0.275391 0.051758 0.037109
0 0.395996 0.115234 0.100586 0.044922
0 0.983398 0.135742 0.033203 0.078125
0 0.983398 0.470703 0.033203 0.064453
