0 0.127441 0.044434 0.086914 0.065430
0 0.035156 0.028809 0.070312 0.057617
0 0.077637 0.110840 0.075195 0.090820
0 0.256348 0.017578 0.063477 0.035156
0 0.013672 0.518555 0.027344 0.109375
0 0.119141 0.457031 0.060547 0.056641
0 0.179688 0.442383 0.062500 0.091797
0 0.239746 0.467773 0.067383 0.064453
0 0.286133 0.395996 0.083984 0.065430
0 0.197266 0.269043 0.068359 0.061523
0 0.321777 0.289551 0.086914 0.102539
0 0.182129 0.598145 0.067383 0.069336
0 0.126465 0.612305 0.053711 0.068359
0 0.097656 0.777344 0.103516 0.156250
0 0.106934 0.958008 0.098633 0.058594
0 0.081055 0.981934 0.070312 0.036133
0 0.183105 0.937012 0.061523 0.067383
0 0.235840 0.961914 0.055664 0.058594
0 0.243652 0.883789 0.071289 0.056641
0 0.460449 0.734375 0.110352 0.132812
0 0.513184 0.710449 0.065430 0.102539
0 0.565918 0.769531 0.075195 0.228516
0 0.660156 0.753418 0.056641 0.075195
0 0.671875 0.702148 0.058594 0.078125
0 0.738281 0.709473 0.072266 0.108398
0 0.738281 0.814941 0.130859 0.129883
0 0.800781 0.853027 0.052734 0.125977
0 0.824707 0.714355 0.055664 0.053711
0 0.846191 0.775391 0.059570 0.076172
0 0.864258 0.936035 0.091797 0.127930
0 0.808594 0.638184 0.062500 0.065430
0 0.699219 0.590332 0.082031 0.079102
0 0.746094 0.625000 0.056641 0.087891
0 0.763184 0.505859 0.059570 0.062500
0 0.846680 0.458008 0.117188 0.064453
0 0.604492 0.452148 0.068359 0.085938
0 0.435059 0.485352 0.120117 0.064453
0 0.495605 0.472168 0.069336 0.051758
0 0.360840 0.512695 0.081055 0.062500
0 0.372070 0.669434 0.095703 0.125977
0 0.478516 0.532227 0.085938 0.042969
0 0.466797 0.581543 0.068359 0.069336
0 0.416992 0.591797 0.031250 0.048828
0 0.444336 0.632812 0.101562 0.060547
0 0.524902 0.580566 0.059570 0.055664
0 0.579102 0.566895 0.052734 0.059570
0 0.823242 0.298828 0.093750 0.080078
0 0.869629 0.237305 0.077148 0.082031
0 0.687012 0.101074 0.063477 0.069336
0 0.563965 0.098145 0.096680 0.088867
0 0.389648 0.040527 0.126953 0.081055
0 0.638672 0.020020 0.121094 0.040039
0 0.533203 0.021484 0.074219 0.042969
0 0.607422 0.153809 0.048828 0.049805
0 0.653809 0.486328 0.051758 0.056641
0 0.760254 0.982910 0.051758 0.034180
0 0.180176 0.678223 0.065430 0.053711
0 0.589355 0.828125 0.092773 0.179688
0 0.544434 0.795898 0.067383 0.146484
0 0.356934 0.645508 0.096680 0.128906
0 0.089844 0.037598 0.083984 0.075195
