0 0.875977 0.907227 0.070312 0.095703
0 0.037598 0.146484 0.067383 0.095703
0 0.823242 0.729004 0.076172 0.120117
0 0.953125 0.752441 0.044922 0.081055
0 0.396973 0.526367 0.090820 0.087891
0 0.725586 0.469727 0.085938 0.099609
0 0.043945 0.805176 0.080078 0.094727
0 0.429199 0.666016 0.086914 0.080078
0 0.471680 0.211914 0.117188 0.113281
0 0.618164 0.846680 0.082031 0.089844
0 0.904785 0.423340 0.055664 0.090820
0 0.904297 0.558105 0.070312 0.112305
0 0.270020 0.821289 0.100586 0.072266
0 0.050293 0.545898 0.092773 0.091797
0 0.077637 0.669434 0.088867 0.096680
0 0.622559 0.904297 0.073242 0.089844
0 0.634277 0.551758 0.034180 0.093750
0 0.975586 0.630859 0.029297 0.097656
0 0.620605 0.250000 0.047852 0.093750
0 0.791504 0.281250 0.098633 0.109375
0 0.178223 0.483398 0.090820 0.144531
0 0.578125 0.601562 0.080078 0.099609
0 0.527344 0.084473 0.095703 0.094727
0 0.236328 0.702148 0.105469 0.107422
0 0.495117 0.123535 0.058594 0.120117
0 0.550293 0.977539 0.075195 0.044922
0 0.118652 0.978027 0.081055 0.040039
0 0.215820 0.320312 0.117188 0.105469
0 0.607422 0.049316 0.044922 0.065430
0 0.244141 0.281250 0.119141 0.107422
0 0.828613 0.148438 0.049805 0.050781
0 0.803223 0.478027 0.094727 0.090820
0 0.571777 0.913086 0.053711 0.072266
0 0.408691 0.022949 0.077148 0.045898
0 0.562988 0.713867 0.065430 0.058594
0 0.766113 0.981934 0.053711 0.036133
0 0.291504 0.018066 0.055664 0.034180
0 0.214844 0.975586 0.091797 0.044922
0 0.387695 0.984863 0.064453 0.030273
0 0.351074 0.276367 0.098633 0.052734
0 0.033691 0.665039 0.067383 0.064453
0 0.183105 0.628906 0.090820 0.044922
0 0.506836 0.573242 0.056641 0.041016
0 0.118164 0.349121 0.177734 0.135742
0 0.018555 0.688965 0.037109 0.040039
0 0.946777 0.931152 0.049805 0.073242
0 0.075684 0.045898 0.145508 0.091797
0 0.917969 0.985840 0.052734 0.024414
0 0.250977 0.212402 0.142578 0.077148
0 0.976562 0.979492 0.035156 0.039062
0 0.223633 0.754395 0.056641 0.040039
0 0.169434 0.140137 0.094727 0.086914
0 0.220215 0.020020 0.081055 0.038086
0 0.815430 0.435547 0.037109 0.066406
0 0.414062 0.205566 0.072266 0.034180
0 0.070312 0.624023 0.095703 0.070312
0 0.602051 0.700684 0.079102 0.053711
0 0.836914 0.203125 0.048828 0.089844
0 0.022949 0.832520 0.043945 0.047852
0 0.061035 0.890625 0.122070 0.101562
0 0.725098 0.194336 0.073242 0.044922
0 0.538086 0.808105 0.107422 0.129883
