0 0.898438 0.128418 0.138672 0.077148
0 0.736816 0.160156 0.092773 0.062500
0 0.442871 0.048340 0.067383 0.096680
0 0.412598 0.112305 0.081055 0.072266
0 0.498535 0.135254 0.090820 0.061523
0 0.594727 0.226074 0.054688 0.079102
0 0.582031 0.351074 0.080078 0.069336
0 0.899902 0.242676 0.081055 0.104492
0 0.932617 0.327637 0.070312 0.063477
0 0.693848 0.376465 0.079102 0.116211
0 0.696777 0.478027 0.090820 0.077148
0 0.589355 0.444824 0.094727 0.092773
0 0.907715 0.579590 0.067383 0.071289
0 0.973145 0.476074 0.053711 0.127930
0 0.747070 0.732422 0.085938 0.085938
0 0.597656 0.664062 0.201172 0.078125
0 0.432617 0.540527 0.080078 0.153320
0 0.417969 0.656250 0.095703 0.089844
0 0.362793 0.647461 0.077148 0.083984
0 0.301270 0.683105 0.084961 0.118164
0 0.426270 0.811035 0.081055 0.075195
0 0.363281 0.819336 0.078125 0.068359
0 0.356445 0.896973 0.058594 0.092773
0 0.445801 0.942871 0.086914 0.081055
0 0.615234 0.877441 0.091797 0.083008
0 0.686523 0.877441 0.064453 0.081055
0 0.824219 0.874512 0.142578 0.083008
0 0.682129 0.958496 0.116211 0.083008
0 0.495605 0.971191 0.133789 0.055664
0 0.876953 0.968750 0.074219 0.062500
0 0.137207 0.303223 0.165039 0.084961
0 0.036621 0.440430 0.073242 0.074219
0 0.072266 0.551270 0.058594 0.104492
0 0.311035 0.457031 0.122070 0.074219
0 0.282715 0.526855 0.086914 0.073242
0 0.419922 0.400879 0.080078 0.075195
0 0.268555 0.043457 0.134766 0.086914
0 0.304688 0.075195 0.064453 0.064453
0 0.139160 0.952637 0.079102 0.053711
0 0.225586 0.777344 0.066406 0.064453
0 0.104004 0.986816 0.083008 0.026367
