0 0.057129 0.688965 0.094727 0.084961
0 0.940430 0.734863 0.107422 0.094727
0 0.583008 0.795410 0.068359 0.075195
0 0.939941 0.879395 0.120117 0.069336
0 0.887207 0.399414 0.084961 0.109375
0 0.688477 0.783203 0.082031 0.082031
0 0.775879 0.271973 0.102539 0.104492
0 0.858398 0.114746 0.091797 0.110352
0 0.760742 0.693359 0.082031 0.087891
0 0.682617 0.490723 0.072266 0.090820
0 0.915039 0.940430 0.066406 0.062500
0 0.809570 0.046875 0.105469 0.089844
0 0.870117 0.157715 0.095703 0.112305
0 0.854492 0.259766 0.080078 0.099609
0 0.979980 0.217773 0.040039 0.078125
0 0.847168 0.956055 0.063477 0.070312
0 0.947266 0.481445 0.105469 0.076172
0 0.885742 0.791992 0.062500 0.064453
0 0.939453 0.797363 0.074219 0.094727
0 0.700684 0.858398 0.077148 0.062500
0 0.947754 0.145508 0.083008 0.148438
