0 0.163574 0.104492 0.077148 0.208984
0 0.272949 0.068359 0.077148 0.136719
0 0.107910 0.220215 0.094727 0.102539
0 0.105469 0.281738 0.187500 0.073242
0 0.129395 0.337402 0.090820 0.069336
0 0.290039 0.319336 0.074219 0.089844
0 0.044434 0.517090 0.079102 0.061523
0 0.116699 0.529785 0.053711 0.077148
0 0.444824 0.277344 0.157227 0.248047
0 0.563965 0.446289 0.069336 0.103516
0 0.457520 0.625977 0.202148 0.189453
0 0.313965 0.687500 0.106445 0.099609
0 0.124023 0.865234 0.093750 0.230469
0 0.825195 0.832031 0.156250 0.210938
0 0.810059 0.143066 0.112305 0.161133
0 0.934570 0.147461 0.072266 0.107422
0 0.851562 0.039551 0.083984 0.079102
0 0.025391 0.334961 0.048828 0.173828
0 0.930176 0.032715 0.040039 0.063477
