0 0.250977 0.803223 0.087891 0.077148
0 0.834473 0.304199 0.084961 0.075195
0 0.240723 0.640625 0.092773 0.072266
0 0.644531 0.265137 0.119141 0.069336
0 0.928223 0.340820 0.096680 0.078125
0 0.936523 0.610840 0.111328 0.096680
0 0.283203 0.406738 0.072266 0.075195
0 0.969727 0.760742 0.060547 0.062500
0 0.077637 0.517578 0.124023 0.070312
0 0.724609 0.122070 0.050781 0.050781
0 0.909180 0.186035 0.080078 0.102539
0 0.343262 0.470703 0.108398 0.078125
0 0.203125 0.215820 0.087891 0.072266
0 0.651855 0.812500 0.088867 0.078125
0 0.312012 0.157227 0.069336 0.070312
0 0.813477 0.235840 0.082031 0.067383
0 0.116699 0.223633 0.094727 0.072266
0 0.148438 0.323242 0.082031 0.056641
0 0.640137 0.931152 0.079102 0.049805
0 0.661133 0.149414 0.062500 0.070312
0 0.638672 0.433105 0.097656 0.086914
0 0.743652 0.549805 0.067383 0.044922
0 0.672852 0.314453 0.062500 0.035156
0 0.796875 0.002441 0.060547 0.004883
0 0.744629 0.412109 0.084961 0.054688
0 0.757812 0.496094 0.062500 0.052734
0 0.781738 0.150879 0.049805 0.057617
0 0.731934 0.180664 0.055664 0.062500
0 0.420898 0.191895 0.046875 0.065430
