0 0.787109 0.182129 0.115234 0.104492
0 0.171875 0.757812 0.125000 0.119141
0 0.028809 0.515137 0.057617 0.122070
0 0.302734 0.722168 0.140625 0.112305
0 0.773438 0.830566 0.097656 0.102539
0 0.391113 0.450684 0.092773 0.083008
0 0.879395 0.650879 0.104492 0.127930
0 0.039551 0.141113 0.079102 0.112305
0 0.600586 0.129395 0.091797 0.083008
0 0.455566 0.238281 0.176758 0.097656
0 0.820312 0.336914 0.107422 0.082031
0 0.738770 0.410645 0.102539 0.075195
0 0.125488 0.324219 0.112305 0.115234
0 0.504395 0.839355 0.069336 0.075195
0 0.229004 0.158691 0.184570 0.155273
0 0.638184 0.918945 0.092773 0.091797
0 0.937500 0.181641 0.125000 0.123047
0 0.770996 0.728027 0.092773 0.084961
0 0.276367 0.456055 0.072266 0.080078
0 0.778809 0.566895 0.098633 0.088867
0 0.105957 0.902344 0.077148 0.089844
0 0.447266 0.897949 0.097656 0.084961
0 0.707520 0.631836 0.112305 0.097656
0 0.145996 0.517090 0.092773 0.075195
0 0.307129 0.962891 0.102539 0.074219
0 0.351562 0.363770 0.089844 0.075195
0 0.363770 0.507812 0.084961 0.060547
0 0.195801 0.246094 0.102539 0.072266
0 0.079102 0.433105 0.097656 0.065430
0 0.619141 0.177734 0.089844 0.089844
