0 0.869629 0.967285 0.139648 0.065430
0 0.839844 0.520508 0.169922 0.117188
0 0.545410 0.663086 0.137695 0.087891
0 0.666016 0.270996 0.117188 0.102539
0 0.138184 0.130859 0.122070 0.113281
0 0.553223 0.352051 0.102539 0.059570
0 0.462402 0.778320 0.129883 0.068359
0 0.035156 0.587402 0.070312 0.086914
0 0.689453 0.939453 0.199219 0.080078
0 0.091797 0.503906 0.109375 0.087891
0 0.205566 0.207031 0.083008 0.109375
0 0.482422 0.284668 0.089844 0.069336
0 0.363281 0.446777 0.091797 0.174805
0 0.584473 0.831543 0.075195 0.083008
0 0.711426 0.847656 0.077148 0.060547
0 0.313965 0.943848 0.075195 0.067383
0 0.263184 0.264160 0.083008 0.075195
0 0.232422 0.560547 0.062500 0.062500
0 0.669434 0.674805 0.100586 0.054688
0 0.409668 0.054199 0.127930 0.065430
0 0.522949 0.489258 0.102539 0.089844
0 0.369629 0.299316 0.075195 0.065430
0 0.939453 0.909180 0.121094 0.072266
0 0.911133 0.088379 0.097656 0.073242
0 0.173340 0.522949 0.059570 0.049805
0 0.055664 0.912109 0.082031 0.080078
0 0.787109 0.046875 0.205078 0.089844
0 0.855469 0.222168 0.152344 0.094727
0 0.216797 0.731445 0.125000 0.169922
0 0.710449 0.481445 0.092773 0.082031
0 0.649414 0.472168 0.089844 0.084961
0 0.421875 0.417969 0.054688 0.117188
0 0.520508 0.560059 0.064453 0.067383
0 0.720703 0.110840 0.117188 0.127930
0 0.948730 0.636719 0.102539 0.089844
0 0.161133 0.957520 0.062500 0.059570
0 0.089355 0.944336 0.049805 0.080078
0 0.887207 0.238281 0.165039 0.078125
0 0.121582 0.781738 0.112305 0.077148
0 0.164551 0.643555 0.075195 0.117188
0 0.143066 0.706055 0.102539 0.097656
0 0.563477 0.021973 0.072266 0.040039
0 0.976074 0.073242 0.047852 0.107422
0 0.947266 0.157227 0.105469 0.054688
0 0.979004 0.799805 0.041992 0.066406
