0 0.920898 0.430176 0.154297 0.077148
0 0.257812 0.392578 0.117188 0.091797
0 0.224121 0.726562 0.110352 0.089844
0 0.000977 0.823242 0.001953 0.097656
0 0.135254 0.235840 0.116211 0.063477
0 0.109863 0.129395 0.110352 0.112305
0 0.044922 0.230469 0.089844 0.072266
0 0.872070 0.727539 0.111328 0.093750
0 0.024902 0.583984 0.049805 0.105469
0 0.560547 0.813477 0.187500 0.117188
0 0.195312 0.291504 0.103516 0.102539
0 0.858398 0.597168 0.132812 0.073242
0 0.951172 0.707520 0.095703 0.094727
0 0.894531 0.809570 0.089844 0.066406
0 0.115234 0.327148 0.064453 0.054688
0 0.972656 0.350098 0.054688 0.077148
0 0.980957 0.201172 0.038086 0.087891
0 0.936035 0.855469 0.071289 0.060547
