0 0.873047 0.523926 0.058594 0.098633
0 0.618164 0.856445 0.095703 0.099609
0 0.374512 0.140137 0.053711 0.084961
0 0.526855 0.785156 0.063477 0.091797
0 0.954590 0.116699 0.090820 0.055664
0 0.498535 0.402832 0.065430 0.057617
0 0.400391 0.264648 0.089844 0.074219
0 0.241699 0.037598 0.069336 0.071289
0 0.570801 0.236816 0.075195 0.053711
0 0.135254 0.096191 0.077148 0.071289
0 0.689453 0.713867 0.082031 0.066406
0 0.587402 0.952637 0.047852 0.083008
0 0.961914 0.530273 0.062500 0.074219
0 0.845703 0.281250 0.041016 0.083984
0 0.078125 0.729004 0.103516 0.141602
0 0.009766 0.526855 0.019531 0.079102
0 0.605469 0.136230 0.052734 0.108398
0 0.221191 0.291992 0.077148 0.054688
0 0.760742 0.176758 0.044922 0.095703
0 0.071777 0.032227 0.069336 0.062500
0 0.083984 0.599609 0.167969 0.074219
0 0.455078 0.020508 0.039062 0.041016
0 0.802246 0.927734 0.083008 0.130859
0 0.356445 0.866211 0.046875 0.103516
0 0.883789 0.125488 0.033203 0.073242
0 0.981934 0.344727 0.032227 0.072266
0 0.665527 0.422363 0.114258 0.055664
0 0.933105 0.260742 0.043945 0.087891
0 0.980469 0.902832 0.033203 0.057617
0 0.047363 0.362793 0.041992 0.088867
0 0.317383 0.931152 0.048828 0.051758
0 0.572266 0.552246 0.052734 0.051758
0 0.728027 0.235840 0.071289 0.032227
0 0.569824 0.605469 0.047852 0.068359
0 0.488281 0.277832 0.062500 0.047852
0 0.830078 0.021484 0.052734 0.039062
0 0.220654 0.383105 0.072168 0.041602
0 0.719727 0.130859 0.074219 0.033203
0 0.150879 0.704590 0.059570 0.053711
0 0.473633 0.979004 0.056641 0.036133
0 0.197754 0.961914 0.045898 0.062500
0 0.508789 0.479004 0.082031 0.043945
0 0.820801 0.544922 0.071289 0.052734
0 0.020508 0.027344 0.041016 0.052734
0 0.932129 0.776367 0.030273 0.070312
0 0.071777 0.635254 0.065430 0.045898
0 0.199219 0.097656 0.076172 0.033203
0 0.345215 0.868652 0.036133 0.104492
0 0.052734 0.065918 0.031250 0.073242
0 0.651367 0.964844 0.041016 0.068359
0 0.709473 0.968750 0.057617 0.052734
0 0.180176 0.016602 0.036133 0.033203
0 0.933105 0.149414 0.040039 0.060547
0 0.230957 0.953613 0.073242 0.051758
0 0.087891 0.111816 0.066406 0.036133
0 0.858887 0.020508 0.030273 0.041016
0 0.166504 0.905273 0.053711 0.044922
0 0.203613 0.452148 0.040039 0.046875
0 0.046875 0.872070 0.082031 0.083984
0 0.966309 0.276855 0.055664 0.045898
0 0.510742 0.575684 0.050781 0.098633
0 0.291504 0.664551 0.055664 0.053711
0 0.325684 0.016602 0.055664 0.033203
0 0.010742 0.636230 0.021484 0.071289
