0 0.024902 0.575195 0.049805 0.087891
0 0.026855 0.303223 0.053711 0.053711
0 0.194824 0.408691 0.049805 0.116211
0 0.100098 0.505371 0.075195 0.102539
0 0.037598 0.439453 0.075195 0.099609
0 0.122559 0.732910 0.065430 0.059570
0 0.070312 0.646484 0.062500 0.097656
0 0.021973 0.722168 0.043945 0.059570
0 0.965820 0.407715 0.068359 0.100586
0 0.081543 0.955078 0.106445 0.089844
0 0.694336 0.910156 0.105469 0.121094
0 0.957520 0.957520 0.083008 0.084961
0 0.842285 0.707520 0.145508 0.081055
0 0.526367 0.685547 0.078125 0.082031
0 0.404785 0.761719 0.063477 0.087891
0 0.309570 0.878418 0.140625 0.057617
0 0.194824 0.913086 0.084961 0.083984
0 0.259766 0.652344 0.111328 0.089844
0 0.467285 0.558594 0.094727 0.072266
0 0.546875 0.363770 0.119141 0.116211
0 0.692871 0.318848 0.131836 0.075195
0 0.720215 0.370117 0.092773 0.078125
0 0.901367 0.255859 0.132812 0.080078
0 0.939941 0.173340 0.120117 0.071289
0 0.887207 0.479004 0.090820 0.092773
0 0.949219 0.535645 0.101562 0.084961
0 0.534180 0.174805 0.093750 0.080078
0 0.287109 0.141113 0.072266 0.059570
0 0.172363 0.206055 0.084961 0.164062
0 0.239746 0.306641 0.081055 0.113281
0 0.322754 0.427246 0.077148 0.086914
0 0.282715 0.557617 0.075195 0.117188
0 0.336914 0.567871 0.048828 0.055664
0 0.699219 0.072754 0.080078 0.086914
0 0.693359 0.176270 0.095703 0.067383
0 0.804688 0.101074 0.078125 0.086914
0 0.820312 0.046875 0.082031 0.093750
0 0.272949 0.816895 0.065430 0.065430
0 0.748535 0.958984 0.067383 0.064453
0 0.720215 0.704102 0.088867 0.105469
0 0.907227 0.416504 0.115234 0.059570
0 0.217773 0.129883 0.035156 0.064453
0 0.095703 0.793945 0.064453 0.058594
