0 0.043945 0.450195 0.070312 0.066406
0 0.008789 0.660645 0.017578 0.073242
0 0.145508 0.672363 0.060547 0.081055
0 0.215820 0.786621 0.058594 0.149414
0 0.158691 0.057129 0.215820 0.114258
0 0.385254 0.823242 0.122070 0.121094
0 0.563965 0.790039 0.096680 0.113281
0 0.519531 0.661133 0.080078 0.076172
0 0.304688 0.107422 0.091797 0.089844
0 0.582031 0.018066 0.099609 0.036133
0 0.784180 0.570801 0.125000 0.108398
0 0.880371 0.384277 0.131836 0.069336
0 0.812500 0.386719 0.085938 0.080078
0 0.645996 0.279297 0.063477 0.083984
0 0.696289 0.306152 0.078125 0.104492
0 0.815918 0.264648 0.108398 0.048828
0 0.799316 0.223145 0.071289 0.055664
0 0.838867 0.124023 0.105469 0.160156
0 0.912598 0.226074 0.079102 0.071289
0 0.935547 0.562012 0.093750 0.081055
0 0.968262 0.690430 0.063477 0.072266
0 0.963867 0.785156 0.072266 0.089844
0 0.929199 0.948730 0.108398 0.073242
