0 0.976074 0.420898 0.047852 0.082031
0 0.645508 0.582031 0.072266 0.095703
0 0.349121 0.971191 0.084961 0.057617
0 0.908203 0.608398 0.123047 0.097656
0 0.525879 0.754395 0.073242 0.065430
0 0.313477 0.903320 0.087891 0.091797
0 0.451172 0.724609 0.062500 0.050781
0 0.628418 0.735840 0.057617 0.096680
0 0.365723 0.835938 0.086914 0.062500
0 0.458496 0.523438 0.077148 0.097656
0 0.613281 0.319336 0.091797 0.070312
0 0.197266 0.480957 0.105469 0.086914
0 0.163574 0.671875 0.067383 0.089844
0 0.754395 0.664551 0.065430 0.049805
0 0.512207 0.239746 0.059570 0.084961
0 0.692871 0.122070 0.057617 0.099609
0 0.542969 0.110840 0.072266 0.122070
0 0.613770 0.141113 0.059570 0.077148
0 0.169434 0.255859 0.100586 0.072266
0 0.038086 0.489258 0.072266 0.070312
0 0.094727 0.683105 0.064453 0.067383
0 0.490723 0.197266 0.057617 0.099609
0 0.019531 0.163086 0.039062 0.041016
0 0.660156 0.503906 0.052734 0.046875
0 0.225586 0.888184 0.060547 0.051758
