0 0.944824 0.138672 0.067383 0.089844
0 0.827637 0.183594 0.092773 0.072266
0 0.512207 0.207520 0.075195 0.061523
0 0.452148 0.538574 0.105469 0.059570
0 0.976562 0.336426 0.046875 0.065430
0 0.532715 0.029297 0.127930 0.058594
0 0.818848 0.531738 0.051758 0.073242
0 0.282227 0.026855 0.103516 0.049805
0 0.199219 0.177246 0.080078 0.116211
0 0.698730 0.667480 0.038086 0.063477
0 0.818848 0.615723 0.114258 0.053711
0 0.241211 0.044922 0.068359 0.052734
0 0.928223 0.477051 0.131836 0.043945
0 0.946289 0.614258 0.042969 0.064453
0 0.232910 0.157227 0.133789 0.097656
0 0.125000 0.516602 0.074219 0.054688
0 0.954102 0.692383 0.078125 0.048828
0 0.969727 0.375977 0.060547 0.083984
0 0.699219 0.081543 0.105469 0.067383
0 0.357910 0.647461 0.153320 0.062500
0 0.682617 0.596191 0.058594 0.049805
0 0.770996 0.363281 0.051758 0.064453
0 0.870117 0.892090 0.095703 0.045898
0 0.856934 0.707520 0.096680 0.026367
0 0.583496 0.488770 0.075195 0.041992
0 0.381348 0.258301 0.153320 0.075195
0 0.243652 0.498535 0.118164 0.041992
0 0.753418 0.411133 0.190430 0.052734
0 0.190430 0.234375 0.101562 0.037109
0 0.043945 0.979004 0.087891 0.041992
0 0.256836 0.346680 0.144531 0.044922
0 0.619141 0.729492 0.115234 0.072266
0 0.437012 0.586914 0.120117 0.042969
0 0.963379 0.612793 0.040039 0.055664
0 0.880859 0.825195 0.058594 0.033203
0 0.026855 0.597168 0.053711 0.022461
0 0.164551 0.848633 0.079102 0.039062
0 0.633789 0.270508 0.060547 0.041016
0 0.308594 0.825684 0.125000 0.041992
0 0.632324 0.540039 0.071289 0.062500
0 0.145020 0.407715 0.147461 0.051758
0 0.778809 0.878906 0.092773 0.058594
0 0.551270 0.627441 0.122070 0.049805
0 0.061035 0.807617 0.122070 0.044922
0 0.247559 0.378418 0.069336 0.024414
0 0.435547 0.397949 0.052734 0.024414
0 0.131348 0.483887 0.098633 0.030273
0 0.069824 0.301758 0.069336 0.029297
0 0.057129 0.731445 0.114258 0.046875
0 0.501953 0.433105 0.072266 0.032227
0 0.355957 0.369629 0.090820 0.049805
0 0.916992 0.424805 0.044922 0.029297
0 0.907227 0.350586 0.087891 0.060547
0 0.039062 0.057129 0.078125 0.038086
0 0.936523 0.976074 0.101562 0.040039
0 0.140137 0.058594 0.106445 0.037109
0 0.396484 0.736816 0.205078 0.051758
0 0.221680 0.942871 0.132812 0.047852
0 0.828613 0.686035 0.116211 0.038086
0 0.330078 0.063965 0.035156 0.036133
