0 0.217285 0.146484 0.053711 0.054688
0 0.109863 0.210938 0.079102 0.046875
0 0.099609 0.261230 0.093750 0.040039
0 0.181641 0.278809 0.103516 0.038086
0 0.055176 0.375000 0.110352 0.078125
0 0.240723 0.345703 0.112305 0.044922
0 0.310547 0.366211 0.054688 0.042969
0 0.375488 0.300293 0.102539 0.051758
0 0.425781 0.243164 0.095703 0.039062
0 0.289551 0.182617 0.094727 0.066406
0 0.400391 0.124512 0.113281 0.043945
0 0.508301 0.153809 0.038086 0.028320
0 0.564453 0.242188 0.134766 0.041016
0 0.625000 0.261719 0.041016 0.042969
0 0.445801 0.404297 0.067383 0.064453
0 0.650879 0.342285 0.129883 0.079102
0 0.706055 0.333984 0.107422 0.042969
0 0.852539 0.332031 0.082031 0.064453
0 0.870605 0.456055 0.073242 0.042969
0 0.760742 0.270996 0.072266 0.030273
0 0.742676 0.237305 0.151367 0.042969
0 0.784668 0.175781 0.041992 0.082031
0 0.828125 0.153809 0.083984 0.084961
0 0.759277 0.113281 0.067383 0.056641
0 0.621582 0.095215 0.127930 0.073242
0 0.975586 0.133789 0.048828 0.044922
0 0.979492 0.280762 0.041016 0.041992
0 0.851074 0.704102 0.067383 0.054688
0 0.754883 0.791016 0.105469 0.078125
0 0.671875 0.695801 0.101562 0.051758
0 0.592773 0.632812 0.056641 0.039062
0 0.581055 0.602051 0.052734 0.034180
0 0.408203 0.671387 0.046875 0.032227
0 0.562012 0.836426 0.043945 0.069336
0 0.524414 0.958008 0.136719 0.083984
0 0.464355 0.819336 0.088867 0.058594
0 0.440430 0.828125 0.046875 0.066406
0 0.324219 0.809570 0.054688 0.091797
0 0.269531 0.840332 0.097656 0.055664
0 0.193848 0.846680 0.090820 0.037109
0 0.190430 0.706543 0.130859 0.036133
0 0.050293 0.743652 0.100586 0.063477
0 0.526855 0.064941 0.098633 0.088867
