0 0.024902 0.102051 0.049805 0.116211
0 0.096191 0.333496 0.059570 0.092773
0 0.198730 0.323730 0.112305 0.051758
0 0.341797 0.315918 0.117188 0.073242
0 0.538086 0.274902 0.121094 0.063477
0 0.495605 0.209961 0.100586 0.068359
0 0.271484 0.373047 0.099609 0.062500
0 0.335449 0.463379 0.071289 0.067383
0 0.140625 0.518066 0.083984 0.071289
0 0.034180 0.448242 0.068359 0.085938
0 0.199707 0.662109 0.108398 0.070312
0 0.655762 0.535645 0.233398 0.188477
0 0.661621 0.479004 0.084961 0.061523
0 0.785156 0.459961 0.083984 0.066406
0 0.963379 0.691406 0.073242 0.078125
0 0.762207 0.292480 0.057617 0.073242
0 0.539062 0.104004 0.087891 0.055664
0 0.245117 0.046387 0.076172 0.071289
0 0.361816 0.044922 0.098633 0.089844
0 0.842773 0.134277 0.080078 0.073242
0 0.898438 0.250488 0.087891 0.090820
0 0.965332 0.295898 0.055664 0.095703
0 0.201660 0.883789 0.098633 0.080078
0 0.180176 0.945801 0.100586 0.061523
0 0.379395 0.710449 0.110352 0.065430
0 0.381348 0.751465 0.098633 0.057617
0 0.614258 0.749512 0.099609 0.079102
0 0.704590 0.791992 0.102539 0.050781
0 0.621094 0.814941 0.070312 0.061523
0 0.693848 0.846191 0.098633 0.073242
0 0.872070 0.802246 0.111328 0.075195
0 0.908691 0.916992 0.081055 0.083984
0 0.785645 0.963867 0.075195 0.072266
0 0.547852 0.937988 0.109375 0.110352
0 0.358887 0.966797 0.096680 0.066406
