0 0.872070 0.039551 0.068359 0.079102
0 0.615723 0.611816 0.061523 0.083008
0 0.513184 0.100586 0.057617 0.087891
0 0.039551 0.403320 0.075195 0.072266
0 0.135742 0.182617 0.074219 0.097656
0 0.975098 0.669434 0.049805 0.081055
0 0.438965 0.555176 0.094727 0.047852
0 0.946289 0.326660 0.052734 0.086914
0 0.418457 0.200195 0.073242 0.111328
0 0.740723 0.217285 0.075195 0.069336
0 0.770508 0.163086 0.072266 0.068359
0 0.282227 0.388672 0.093750 0.072266
0 0.761230 0.581543 0.065430 0.049805
0 0.032227 0.923828 0.064453 0.080078
0 0.616699 0.095703 0.061523 0.066406
0 0.166992 0.339355 0.078125 0.077148
0 0.500488 0.706543 0.073242 0.069336
0 0.560059 0.216309 0.067383 0.088867
0 0.732422 0.102539 0.046875 0.070312
0 0.098633 0.071289 0.068359 0.044922
0 0.850098 0.647461 0.071289 0.066406
0 0.786133 0.831055 0.074219 0.089844
0 0.216797 0.769043 0.066406 0.084961
0 0.148926 0.957520 0.098633 0.071289
0 0.363770 0.969238 0.055664 0.057617
0 0.609863 0.883789 0.090820 0.054688
0 0.244629 0.833984 0.083008 0.050781
0 0.429199 0.625977 0.110352 0.037109
0 0.758789 0.684082 0.056641 0.067383
0 0.227051 0.701660 0.065430 0.065430
0 0.982910 0.341797 0.034180 0.046875
0 0.119629 0.738770 0.061523 0.100586
0 0.213379 0.915527 0.086914 0.047852
0 0.079590 0.348145 0.084961 0.041992
0 0.629395 0.422363 0.073242 0.053711
0 0.654297 0.855469 0.082031 0.044922
0 0.474121 0.598145 0.118164 0.038086
0 0.505859 0.944824 0.066406 0.047852
0 0.217773 0.155762 0.113281 0.124023
0 0.693359 0.355957 0.060547 0.108398
0 0.049316 0.896973 0.065430 0.053711
0 0.874512 0.368164 0.090820 0.068359
0 0.315918 0.723633 0.073242 0.082031
0 0.146484 0.562012 0.087891 0.061523
0 0.894531 0.749023 0.058594 0.050781
0 0.850098 0.954102 0.075195 0.058594
0 0.185547 0.267578 0.091797 0.087891
0 0.624023 0.814453 0.089844 0.062500
0 0.396973 0.357422 0.055664 0.056641
0 0.553223 0.682129 0.073242 0.053711
0 0.249512 0.591797 0.096680 0.056641
0 0.556152 0.062988 0.065430 0.041992
0 0.667969 0.985352 0.074219 0.029297
0 0.281250 0.808594 0.054688 0.044922
0 0.215820 0.554688 0.041016 0.119141
0 0.094238 0.219727 0.071289 0.074219
0 0.079102 0.302734 0.091797 0.052734
0 0.398438 0.679688 0.054688 0.058594
0 0.237305 0.985352 0.072266 0.023438
0 0.119629 0.645020 0.071289 0.047852
0 0.928711 0.542480 0.048828 0.153320
0 0.555664 0.019531 0.052734 0.039062
0 0.969238 0.537598 0.043945 0.059570
0 0.817871 0.081055 0.055664 0.042969
0 0.668457 0.284668 0.086914 0.084961
0 0.607422 0.937012 0.058594 0.047852
0 0.406250 0.824707 0.072266 0.038086
0 0.600098 0.167480 0.124023 0.090820
0 0.171875 0.503418 0.054688 0.047852
0 0.453613 0.298340 0.051758 0.045898
0 0.112305 0.480957 0.062500 0.036133
0 0.763184 0.020508 0.040039 0.041016
0 0.850098 0.439941 0.036133 0.051758
0 0.914551 0.670898 0.036133 0.035156
0 0.546387 0.877441 0.069336 0.038086
0 0.569824 0.595703 0.065430 0.054688
0 0.086426 0.859863 0.098633 0.028320
0 0.738770 0.726074 0.069336 0.057617
0 0.114258 0.010254 0.037109 0.020508
0 0.520996 0.834961 0.055664 0.056641
0 0.026367 0.253906 0.050781 0.058594
0 0.182129 0.295410 0.100586 0.079102
0 0.568359 0.020996 0.048828 0.040039
0 0.928711 0.551758 0.058594 0.050781
0 0.689453 0.201660 0.054688 0.069336
0 0.122070 0.758789 0.097656 0.050781
