0 0.057129 0.444336 0.094727 0.105469
0 0.461914 0.320801 0.099609 0.108398
0 0.873047 0.286621 0.072266 0.084961
0 0.135742 0.662109 0.087891 0.109375
0 0.965820 0.474609 0.068359 0.105469
0 0.334473 0.274414 0.075195 0.089844
0 0.507324 0.475586 0.075195 0.132812
0 0.879883 0.357910 0.080078 0.067383
0 0.347168 0.781738 0.094727 0.120117
0 0.907227 0.128418 0.089844 0.067383
0 0.275879 0.387207 0.051758 0.104492
0 0.780762 0.791992 0.067383 0.140625
0 0.850586 0.628418 0.072266 0.102539
0 0.353027 0.498047 0.067383 0.072266
0 0.291016 0.171875 0.062500 0.064453
0 0.665527 0.941895 0.092773 0.100586
0 0.396973 0.166992 0.084961 0.080078
0 0.210938 0.783203 0.072266 0.087891
0 0.481934 0.605469 0.075195 0.107422
0 0.215332 0.924805 0.047852 0.148438
0 0.430664 0.444824 0.062500 0.084961
0 0.799805 0.272461 0.070312 0.080078
0 0.329590 0.589844 0.084961 0.125000
0 0.260254 0.913086 0.079102 0.142578
0 0.784668 0.019531 0.075195 0.039062
0 0.308594 0.674316 0.107422 0.104492
0 0.032715 0.535156 0.065430 0.080078
0 0.204102 0.338867 0.087891 0.080078
0 0.162109 0.400391 0.074219 0.107422
0 0.250000 0.375000 0.117188 0.125000
0 0.297363 0.617188 0.084961 0.115234
0 0.048340 0.874512 0.092773 0.139648
0 0.291992 0.936523 0.056641 0.123047
0 0.509766 0.913086 0.080078 0.162109
0 0.900879 0.966309 0.079102 0.067383
0 0.988770 0.323730 0.022461 0.122070
