0 0.023926 0.209473 0.047852 0.166992
0 0.018066 0.426758 0.036133 0.091797
0 0.071289 0.518066 0.082031 0.137695
0 0.012207 0.509277 0.024414 0.108398
0 0.016602 0.621094 0.033203 0.117188
0 0.082031 0.750000 0.117188 0.115234
0 0.063477 0.830078 0.064453 0.091797
0 0.176270 0.968750 0.088867 0.062500
0 0.314941 0.021973 0.186523 0.043945
0 0.410156 0.062988 0.078125 0.069336
0 0.729004 0.033691 0.112305 0.067383
0 0.601562 0.093262 0.068359 0.079102
0 0.751953 0.131836 0.082031 0.072266
0 0.883789 0.068359 0.099609 0.080078
0 0.962891 0.040039 0.074219 0.080078
0 0.716309 0.214355 0.067383 0.079102
0 0.384766 0.252930 0.134766 0.103516
0 0.414062 0.362793 0.076172 0.084961
0 0.210938 0.519043 0.085938 0.116211
0 0.407227 0.474609 0.107422 0.099609
0 0.619141 0.388672 0.078125 0.046875
0 0.797852 0.330078 0.121094 0.099609
0 0.937500 0.223145 0.095703 0.088867
0 0.695312 0.462891 0.052734 0.082031
0 0.664062 0.540527 0.064453 0.079102
0 0.512207 0.636230 0.067383 0.079102
0 0.643066 0.731934 0.090820 0.106445
0 0.562012 0.789551 0.077148 0.137695
0 0.772949 0.568848 0.116211 0.108398
0 0.946289 0.599121 0.089844 0.088867
0 0.692871 0.934082 0.094727 0.077148
0 0.483887 0.935059 0.063477 0.065430
0 0.303711 0.869141 0.158203 0.253906
0 0.926758 0.925293 0.107422 0.110352
