0 0.031738 0.035645 0.063477 0.071289
0 0.195312 0.030762 0.117188 0.061523
0 0.165039 0.092773 0.111328 0.080078
0 0.071777 0.122559 0.067383 0.090820
0 0.303223 0.075684 0.092773 0.151367
0 0.249512 0.274414 0.083008 0.230469
0 0.185547 0.795898 0.083984 0.080078
0 0.166504 0.945312 0.092773 0.089844
0 0.387207 0.953613 0.112305 0.092773
0 0.258301 0.668945 0.092773 0.072266
0 0.210938 0.599609 0.123047 0.097656
0 0.050293 0.600098 0.092773 0.077148
0 0.091797 0.471191 0.085938 0.075195
0 0.108887 0.380859 0.124023 0.082031
0 0.335449 0.465820 0.084961 0.070312
0 0.483398 0.804688 0.080078 0.080078
0 0.587891 0.733398 0.203125 0.208984
0 0.684082 0.708496 0.086914 0.102539
0 0.619629 0.896973 0.053711 0.051758
0 0.516602 0.948730 0.062500 0.055664
0 0.604004 0.956055 0.071289 0.083984
0 0.685059 0.944824 0.075195 0.102539
0 0.927246 0.774902 0.047852 0.065430
0 0.902344 0.883301 0.068359 0.131836
0 0.973633 0.906250 0.052734 0.142578
0 0.631348 0.401855 0.106445 0.198242
0 0.419434 0.303711 0.092773 0.062500
0 0.558105 0.203125 0.047852 0.062500
0 0.549805 0.086426 0.091797 0.059570
0 0.829102 0.148438 0.087891 0.121094
0 0.970215 0.215820 0.059570 0.132812
0 0.952637 0.040527 0.083008 0.065430
0 0.223145 0.423828 0.073242 0.058594
0 0.296875 0.591309 0.054688 0.069336
