0 0.248047 0.177246 0.095703 0.104492
0 0.228027 0.119141 0.084961 0.068359
0 0.254883 0.787109 0.105469 0.093750
0 0.493164 0.315918 0.191406 0.106445
0 0.956055 0.520508 0.083984 0.087891
0 0.874512 0.041504 0.088867 0.083008
0 0.210449 0.645508 0.069336 0.101562
0 0.153320 0.795898 0.136719 0.119141
0 0.051758 0.798340 0.103516 0.077148
0 0.812500 0.748047 0.095703 0.113281
0 0.466309 0.750488 0.118164 0.086914
0 0.952637 0.636230 0.094727 0.100586
0 0.019531 0.023926 0.039062 0.047852
0 0.206055 0.311523 0.095703 0.169922
0 0.805664 0.429688 0.062500 0.070312
0 0.977539 0.302246 0.044922 0.112305
0 0.949219 0.062500 0.076172 0.117188
0 0.973633 0.171387 0.052734 0.059570
