0 0.982422 0.265137 0.035156 0.086914
0 0.841797 0.579590 0.089844 0.090820
0 0.867676 0.543457 0.084961 0.084961
0 0.816406 0.030762 0.083984 0.049805
0 0.406738 0.250000 0.081055 0.087891
0 0.692871 0.028809 0.110352 0.053711
0 0.548828 0.604004 0.072266 0.073242
0 0.104980 0.566895 0.141602 0.086914
0 0.438477 0.954590 0.138672 0.057617
0 0.869141 0.333496 0.062500 0.063477
0 0.552734 0.857910 0.089844 0.059570
0 0.478027 0.123047 0.104492 0.046875
0 0.826660 0.632812 0.075195 0.066406
0 0.128906 0.361816 0.107422 0.043945
0 0.290039 0.439941 0.138672 0.053711
0 0.520996 0.045898 0.151367 0.083984
0 0.305176 0.847656 0.196289 0.054688
0 0.893066 0.244141 0.145508 0.091797
0 0.296875 0.929688 0.095703 0.083984
0 0.418457 0.835938 0.124023 0.076172
0 0.925293 0.118652 0.090820 0.061523
0 0.054199 0.196289 0.098633 0.068359
0 0.081543 0.240723 0.094727 0.063477
0 0.416992 0.394531 0.181641 0.064453
0 0.264648 0.875977 0.167969 0.056641
0 0.965332 0.200195 0.069336 0.031250
0 0.664062 0.855469 0.169922 0.066406
0 0.271973 0.694824 0.159180 0.045898
0 0.223633 0.645508 0.152344 0.056641
0 0.966309 0.402832 0.067383 0.034180
0 0.236816 0.604980 0.069336 0.030273
0 0.651855 0.985352 0.067383 0.029297
0 0.338379 0.345703 0.063477 0.048828
0 0.890137 0.959961 0.077148 0.042969
0 0.800293 0.793457 0.124023 0.049805
0 0.341797 0.689941 0.080078 0.043945
0 0.168945 0.500977 0.113281 0.105469
0 0.300293 0.734863 0.092773 0.041992
0 0.960938 0.154297 0.078125 0.046875
0 0.352051 0.070312 0.124023 0.042969
0 0.953613 0.987793 0.090820 0.024414
0 0.983887 0.824707 0.032227 0.034180
0 0.367676 0.102539 0.079102 0.037109
0 0.130371 0.846680 0.090820 0.041016
0 0.161133 0.035645 0.187500 0.069336
0 0.824219 0.185059 0.046875 0.053711
0 0.208008 0.712891 0.087891 0.042969
0 0.396484 0.033203 0.048828 0.052734
0 0.445312 0.749023 0.134766 0.037109
0 0.022461 0.140137 0.044922 0.057617
0 0.523438 0.798828 0.212891 0.048828
0 0.420898 0.071289 0.064453 0.041016
0 0.254395 0.323242 0.163086 0.048828
0 0.986328 0.645508 0.027344 0.031250
0 0.873535 0.119629 0.086914 0.043945
0 0.030273 0.586426 0.060547 0.065430
0 0.062012 0.586426 0.086914 0.051758
0 0.079102 0.512695 0.109375 0.072266
0 0.132812 0.475586 0.144531 0.062500
0 0.423340 0.352539 0.178711 0.080078
0 0.413574 0.314941 0.083008 0.041992
0 0.447754 0.044434 0.094727 0.047852
0 0.489746 0.209473 0.069336 0.055664
0 0.965332 0.222656 0.055664 0.029297
0 0.033691 0.941895 0.065430 0.051758
0 0.677246 0.327637 0.071289 0.053711
0 0.226562 0.743652 0.093750 0.032227
0 0.436035 0.691406 0.155273 0.078125
0 0.488281 0.693359 0.082031 0.042969
