0 0.528809 0.209961 0.071289 0.080078
0 0.419922 0.132812 0.068359 0.095703
0 0.512695 0.451172 0.052734 0.091797
0 0.136230 0.525879 0.096680 0.120117
0 0.181641 0.267578 0.121094 0.078125
0 0.211426 0.548828 0.061523 0.103516
0 0.666016 0.358887 0.056641 0.081055
0 0.241211 0.377930 0.083984 0.054688
0 0.085938 0.899414 0.072266 0.087891
0 0.648438 0.233887 0.087891 0.100586
0 0.154785 0.371582 0.073242 0.075195
0 0.942383 0.123535 0.054688 0.090820
0 0.443359 0.676758 0.060547 0.103516
0 0.362793 0.748047 0.094727 0.054688
0 0.623535 0.691406 0.075195 0.082031
0 0.277344 0.558594 0.056641 0.152344
0 0.047852 0.580078 0.091797 0.156250
0 0.084473 0.803223 0.094727 0.084961
0 0.551758 0.876953 0.140625 0.058594
0 0.438477 0.907715 0.097656 0.053711
0 0.650879 0.744629 0.088867 0.045898
0 0.262695 0.158691 0.097656 0.038086
0 0.616211 0.953613 0.132812 0.045898
0 0.373047 0.344238 0.064453 0.094727
0 0.555664 0.032227 0.066406 0.064453
0 0.843750 0.562500 0.123047 0.095703
0 0.264648 0.223145 0.037109 0.124023
0 0.389160 0.233398 0.069336 0.134766
0 0.759277 0.111816 0.055664 0.112305
0 0.159668 0.504883 0.063477 0.109375
0 0.917480 0.208496 0.063477 0.073242
0 0.757324 0.963867 0.030273 0.072266
0 0.602051 0.611328 0.047852 0.074219
0 0.463867 0.356934 0.076172 0.100586
0 0.711914 0.316895 0.058594 0.083008
0 0.053711 0.223633 0.097656 0.082031
0 0.457520 0.481934 0.043945 0.149414
0 0.165527 0.303711 0.057617 0.050781
0 0.880859 0.965820 0.029297 0.068359
0 0.908203 0.026855 0.031250 0.053711
0 0.777344 0.391113 0.025391 0.073242
0 0.386230 0.025391 0.032227 0.050781
0 0.109375 0.982910 0.048828 0.034180
0 0.775391 0.288086 0.068359 0.126953
0 0.893555 0.761230 0.041016 0.065430
0 0.732422 0.681641 0.080078 0.042969
0 0.524414 0.963867 0.042969 0.068359
0 0.173828 0.220215 0.076172 0.086914
0 0.485352 0.612793 0.123047 0.069336
0 0.018555 0.878906 0.037109 0.060547
0 0.860352 0.881348 0.083984 0.043945
0 0.206543 0.068359 0.077148 0.035156
0 0.909180 0.376953 0.046875 0.037109
0 0.676270 0.196289 0.139648 0.095703
0 0.814941 0.915527 0.065430 0.069336
0 0.294434 0.683594 0.073242 0.064453
0 0.375488 0.949219 0.139648 0.041016
0 0.562500 0.466309 0.105469 0.106445
0 0.743652 0.865234 0.030273 0.070312
0 0.868652 0.185547 0.045898 0.052734
0 0.468750 0.818359 0.091797 0.085938
0 0.283203 0.941895 0.083984 0.045898
0 0.412598 0.422363 0.059570 0.069336
