0 0.791992 0.923340 0.115234 0.067383
0 0.467773 0.318848 0.089844 0.079102
0 0.595703 0.174316 0.082031 0.084961
0 0.939453 0.541992 0.109375 0.080078
0 0.200684 0.308594 0.092773 0.107422
0 0.425781 0.927246 0.087891 0.075195
0 0.935059 0.786133 0.106445 0.062500
0 0.236328 0.585449 0.089844 0.067383
0 0.726074 0.171875 0.077148 0.115234
0 0.332031 0.274902 0.089844 0.075195
0 0.591797 0.674805 0.080078 0.070312
0 0.114258 0.120605 0.070312 0.122070
0 0.587891 0.068359 0.097656 0.091797
0 0.693359 0.479492 0.070312 0.052734
0 0.746094 0.751953 0.072266 0.074219
0 0.696777 0.053223 0.075195 0.102539
0 0.237793 0.510254 0.057617 0.057617
0 0.826172 0.076172 0.097656 0.074219
0 0.080078 0.776367 0.044922 0.068359
0 0.317871 0.815430 0.067383 0.072266
0 0.248047 0.045898 0.072266 0.087891
0 0.648438 0.759766 0.097656 0.070312
0 0.964355 0.360352 0.069336 0.054688
0 0.742188 0.658203 0.054688 0.082031
0 0.612305 0.271973 0.048828 0.081055
0 0.793945 0.418945 0.064453 0.095703
0 0.154785 0.514160 0.079102 0.061523
0 0.235352 0.190918 0.062500 0.083008
0 0.762207 0.544434 0.061523 0.067383
0 0.892578 0.059570 0.068359 0.068359
0 0.150391 0.034668 0.062500 0.065430
0 0.370605 0.039551 0.092773 0.075195
0 0.547363 0.030762 0.075195 0.057617
0 0.190430 0.194336 0.052734 0.054688
0 0.293457 0.123535 0.041992 0.122070
0 0.305664 0.037109 0.033203 0.070312
0 0.431152 0.034668 0.057617 0.065430
0 0.672363 0.285645 0.075195 0.083008
0 0.301758 0.509766 0.085938 0.062500
0 0.024414 0.535645 0.046875 0.088867
0 0.130859 0.752441 0.062500 0.092773
0 0.278320 0.767090 0.068359 0.059570
0 0.035645 0.948242 0.057617 0.072266
0 0.100586 0.926270 0.042969 0.047852
0 0.107422 0.975098 0.046875 0.049805
0 0.392090 0.653320 0.086914 0.082031
0 0.905762 0.757324 0.071289 0.057617
0 0.791992 0.677246 0.095703 0.049805
0 0.624512 0.594727 0.049805 0.056641
0 0.670898 0.453125 0.070312 0.052734
0 0.835938 0.359375 0.123047 0.080078
0 0.781738 0.197266 0.075195 0.080078
0 0.163086 0.583496 0.060547 0.059570
