0 0.200195 0.301758 0.082031 0.074219
0 0.041504 0.363770 0.059570 0.069336
0 0.015625 0.284668 0.031250 0.079102
0 0.042480 0.232422 0.065430 0.050781
0 0.036133 0.132324 0.072266 0.063477
0 0.153320 0.063477 0.076172 0.080078
0 0.223145 0.047852 0.061523 0.087891
0 0.334961 0.056641 0.078125 0.062500
0 0.254883 0.197266 0.095703 0.097656
0 0.846191 0.074219 0.075195 0.064453
0 0.969238 0.129883 0.061523 0.076172
0 0.725098 0.145508 0.057617 0.060547
0 0.840332 0.316406 0.120117 0.103516
0 0.879883 0.401855 0.066406 0.065430
0 0.930176 0.434082 0.088867 0.071289
0 0.809570 0.510254 0.064453 0.063477
0 0.637207 0.461914 0.061523 0.068359
0 0.588379 0.487793 0.047852 0.065430
0 0.789062 0.597656 0.113281 0.074219
0 0.585938 0.659668 0.091797 0.059570
0 0.322754 0.503906 0.125977 0.093750
0 0.155762 0.416992 0.065430 0.097656
0 0.023926 0.522949 0.047852 0.098633
0 0.166992 0.811523 0.123047 0.119141
0 0.039551 0.910645 0.077148 0.084961
0 0.308105 0.907715 0.122070 0.098633
0 0.239258 0.922363 0.076172 0.086914
0 0.311523 0.976562 0.091797 0.046875
0 0.400879 0.966797 0.073242 0.056641
0 0.480957 0.974609 0.086914 0.044922
0 0.636230 0.963379 0.077148 0.073242
0 0.736328 0.859375 0.117188 0.082031
0 0.698730 0.915527 0.067383 0.071289
0 0.779785 0.968750 0.098633 0.062500
0 0.245605 0.576660 0.071289 0.065430
0 0.095215 0.557617 0.086914 0.064453
0 0.732422 0.596191 0.064453 0.051758
0 0.870117 0.607910 0.134766 0.073242
0 0.478027 0.710449 0.051758 0.028320
0 0.034668 0.683105 0.063477 0.049805
0 0.143555 0.880859 0.103516 0.064453
