0 0.681152 0.036133 0.083008 0.072266
0 0.528320 0.044434 0.087891 0.075195
0 0.446777 0.066895 0.083008 0.073242
0 0.072754 0.127441 0.133789 0.086914
0 0.172363 0.221191 0.077148 0.071289
0 0.252441 0.182129 0.071289 0.077148
0 0.172852 0.285156 0.083984 0.056641
0 0.218750 0.401367 0.080078 0.107422
0 0.308105 0.335449 0.075195 0.083008
0 0.086426 0.454102 0.077148 0.085938
0 0.600098 0.312012 0.083008 0.083008
0 0.687012 0.180176 0.063477 0.061523
0 0.756348 0.121582 0.067383 0.063477
0 0.763184 0.200684 0.073242 0.067383
0 0.992188 0.044922 0.015625 0.089844
0 0.971191 0.386719 0.057617 0.089844
0 0.897949 0.284668 0.061523 0.075195
0 0.791016 0.360840 0.078125 0.077148
0 0.447754 0.517578 0.081055 0.078125
0 0.252441 0.629883 0.135742 0.087891
0 0.278320 0.697754 0.119141 0.100586
0 0.091797 0.580566 0.126953 0.073242
0 0.079590 0.876953 0.127930 0.085938
0 0.019043 0.770508 0.038086 0.076172
0 0.176270 0.946777 0.116211 0.075195
0 0.316895 0.971191 0.088867 0.057617
0 0.613770 0.965332 0.079102 0.069336
0 0.799316 0.763184 0.069336 0.108398
0 0.786621 0.677246 0.083008 0.051758
0 0.846191 0.562012 0.079102 0.067383
0 0.927246 0.746582 0.059570 0.079102
0 0.918457 0.639160 0.061523 0.075195
0 0.900879 0.908691 0.075195 0.077148
0 0.715820 0.979980 0.072266 0.040039
0 0.514648 0.972168 0.099609 0.055664
