0 0.170898 0.313477 0.083984 0.064453
0 0.208984 0.874023 0.085938 0.058594
0 0.506836 0.344727 0.078125 0.072266
0 0.495605 0.062012 0.071289 0.069336
0 0.881348 0.046387 0.073242 0.092773
0 0.430176 0.114258 0.084961 0.064453
0 0.323242 0.711426 0.085938 0.055664
0 0.908203 0.537598 0.060547 0.065430
0 0.742188 0.937988 0.042969 0.063477
0 0.249512 0.079590 0.086914 0.069336
0 0.816406 0.372559 0.070312 0.043945
0 0.731934 0.157227 0.131836 0.080078
0 0.552246 0.030273 0.059570 0.058594
0 0.943848 0.659668 0.065430 0.047852
0 0.772949 0.019531 0.090820 0.037109
0 0.849121 0.341797 0.053711 0.058594
0 0.371094 0.916016 0.097656 0.033203
0 0.387207 0.415039 0.061523 0.033203
0 0.630859 0.891113 0.056641 0.047852
0 0.204102 0.027344 0.082031 0.037109
0 0.505859 0.729492 0.058594 0.041016
0 0.369629 0.249512 0.049805 0.038086
0 0.460938 0.885254 0.027344 0.065430
0 0.702148 0.542969 0.060547 0.068359
0 0.578613 0.623047 0.057617 0.046875
0 0.434082 0.970703 0.071289 0.039062
0 0.126953 0.465332 0.093750 0.069336
0 0.826172 0.844727 0.080078 0.042969
0 0.548828 0.657227 0.048828 0.033203
0 0.308594 0.976562 0.095703 0.042969
0 0.537109 0.453613 0.044922 0.059570
0 0.085938 0.840332 0.072266 0.018555
0 0.440430 0.012207 0.050781 0.022461
0 0.921387 0.982910 0.049805 0.030273
0 0.910645 0.679688 0.071289 0.054688
0 0.073730 0.120117 0.073242 0.025391
0 0.199219 0.777344 0.058594 0.039062
0 0.349609 0.302246 0.052734 0.034180
0 0.854492 0.060059 0.050781 0.043945
0 0.084473 0.088867 0.051758 0.052734
0 0.835449 0.982422 0.040039 0.035156
0 0.245117 0.012207 0.050781 0.024414
0 0.371826 0.518896 0.071777 0.045410
0 0.959473 0.593262 0.081055 0.041992
0 0.816895 0.778809 0.047852 0.036133
0 0.633789 0.789551 0.074219 0.057617
0 0.565918 0.874512 0.073242 0.043945
0 0.330078 0.637207 0.031250 0.047852
0 0.085449 0.677734 0.065430 0.025391
0 0.209961 0.886719 0.074219 0.048828
0 0.349609 0.314453 0.052734 0.037109
0 0.855469 0.070801 0.058594 0.063477
0 0.232422 0.676758 0.085938 0.044922
0 0.876953 0.708984 0.044922 0.050781
0 0.638672 0.656250 0.041016 0.041016
0 0.846826 0.815674 0.097949 0.028809
0 0.791992 0.735352 0.056641 0.048828
0 0.668945 0.528320 0.089844 0.027344
0 0.098145 0.818359 0.073242 0.029297
0 0.654297 0.809082 0.052734 0.053711
0 0.660645 0.641602 0.051758 0.042969
0 0.851562 0.697266 0.056641 0.042969
0 0.553711 0.843262 0.058594 0.041992
0 0.848633 0.957520 0.060547 0.041992
0 0.240723 0.712891 0.045898 0.046875
