0 0.145996 0.047363 0.073242 0.094727
0 0.222168 0.104492 0.065430 0.070312
0 0.272949 0.030273 0.090820 0.060547
0 0.090820 0.215820 0.091797 0.105469
0 0.170898 0.213867 0.066406 0.089844
0 0.646973 0.196777 0.077148 0.112305
0 0.570312 0.143555 0.093750 0.060547
0 0.542969 0.197266 0.083984 0.076172
0 0.487793 0.328613 0.120117 0.075195
0 0.380371 0.357910 0.137695 0.073242
0 0.640625 0.370605 0.076172 0.065430
0 0.772461 0.450684 0.082031 0.069336
0 0.540039 0.517578 0.117188 0.074219
0 0.390625 0.431152 0.115234 0.057617
0 0.310059 0.463867 0.116211 0.078125
0 0.285156 0.660156 0.152344 0.119141
0 0.114258 0.691406 0.101562 0.066406
0 0.687012 0.607910 0.081055 0.086914
0 0.310059 0.944824 0.096680 0.110352
0 0.116699 0.800293 0.110352 0.057617
0 0.060059 0.721191 0.065430 0.084961
0 0.945312 0.887695 0.060547 0.056641
0 0.889648 0.854004 0.062500 0.065430
0 0.850098 0.797852 0.083008 0.056641
0 0.929688 0.783691 0.085938 0.071289
0 0.975586 0.742188 0.048828 0.093750
0 0.836914 0.727539 0.074219 0.074219
0 0.909668 0.164551 0.069336 0.090820
0 0.872070 0.262695 0.099609 0.117188
0 0.802734 0.205078 0.056641 0.113281
0 0.846191 0.176758 0.059570 0.083984
0 0.547852 0.584473 0.076172 0.079102
0 0.693848 0.282715 0.073242 0.090820
0 0.027832 0.113770 0.055664 0.083008
0 0.399902 0.103516 0.153320 0.121094
0 0.312012 0.590332 0.172852 0.083008
0 0.018066 0.257812 0.034180 0.062500
0 0.290527 0.220215 0.124023 0.063477
0 0.061035 0.072754 0.059570 0.055664
0 0.651855 0.474121 0.098633 0.051758
0 0.573730 0.838379 0.108398 0.102539
0 0.150391 0.866211 0.066406 0.072266
0 0.065430 0.654297 0.058594 0.085938
0 0.027832 0.679199 0.055664 0.077148
