0 0.981934 0.209961 0.036133 0.095703
0 0.829590 0.258301 0.116211 0.108398
0 0.725098 0.179199 0.075195 0.075195
0 0.533203 0.435547 0.154297 0.074219
0 0.697266 0.550293 0.101562 0.094727
0 0.462402 0.548340 0.100586 0.071289
0 0.403320 0.624023 0.085938 0.072266
0 0.830566 0.818848 0.139648 0.137695
0 0.749023 0.863770 0.126953 0.161133
0 0.657227 0.830078 0.101562 0.109375
0 0.238281 0.864746 0.126953 0.137695
0 0.321777 0.854492 0.084961 0.083984
0 0.140625 0.677246 0.078125 0.090820
0 0.254883 0.679199 0.125000 0.090820
0 0.145020 0.792480 0.073242 0.135742
0 0.105469 0.448242 0.085938 0.140625
0 0.219727 0.439941 0.152344 0.120117
0 0.107910 0.313965 0.077148 0.106445
0 0.109375 0.081543 0.140625 0.112305
0 0.987305 0.515137 0.025391 0.112305
0 0.932129 0.354492 0.077148 0.070312
0 0.970215 0.601074 0.059570 0.110352
0 0.039551 0.925781 0.079102 0.126953
0 0.228516 0.983398 0.064453 0.033203
0 0.475586 0.397461 0.164062 0.103516
0 0.576660 0.562500 0.102539 0.044922
