0 0.835938 0.828613 0.103516 0.077148
0 0.702148 0.879883 0.066406 0.066406
0 0.607422 0.968262 0.076172 0.063477
0 0.529297 0.851562 0.062500 0.062500
0 0.684570 0.766113 0.062500 0.057617
0 0.426758 0.799805 0.062500 0.058594
0 0.480469 0.771484 0.056641 0.078125
0 0.299805 0.933594 0.087891 0.132812
0 0.175293 0.848633 0.065430 0.062500
0 0.146973 0.795410 0.083008 0.073242
0 0.028320 0.807129 0.056641 0.075195
0 0.083008 0.697266 0.076172 0.089844
0 0.291504 0.727051 0.073242 0.065430
0 0.254395 0.780273 0.059570 0.054688
0 0.373047 0.707520 0.064453 0.075195
0 0.032715 0.577148 0.065430 0.089844
0 0.172363 0.568848 0.075195 0.141602
0 0.296387 0.504395 0.100586 0.075195
0 0.478027 0.648438 0.067383 0.089844
0 0.531738 0.595215 0.059570 0.120117
0 0.651367 0.698730 0.078125 0.075195
0 0.850586 0.622070 0.125000 0.083984
0 0.917480 0.737793 0.133789 0.059570
0 0.969727 0.674805 0.050781 0.078125
0 0.763184 0.430176 0.047852 0.069336
0 0.884277 0.438477 0.077148 0.076172
0 0.540039 0.491699 0.072266 0.047852
0 0.804688 0.360352 0.095703 0.048828
0 0.861816 0.272461 0.063477 0.089844
0 0.666992 0.315430 0.072266 0.060547
0 0.620117 0.275391 0.070312 0.054688
0 0.650879 0.385742 0.055664 0.054688
0 0.500488 0.354492 0.063477 0.054688
0 0.393066 0.331055 0.069336 0.064453
0 0.676758 0.208008 0.068359 0.066406
0 0.734863 0.138184 0.075195 0.069336
0 0.842773 0.121582 0.054688 0.077148
0 0.953613 0.195312 0.075195 0.074219
0 0.970703 0.254883 0.058594 0.060547
0 0.943359 0.109375 0.080078 0.121094
0 0.503906 0.200684 0.062500 0.063477
0 0.427734 0.177734 0.060547 0.072266
0 0.225586 0.208496 0.083984 0.116211
0 0.483887 0.036133 0.073242 0.068359
0 0.114746 0.210449 0.065430 0.086914
0 0.030273 0.248047 0.060547 0.066406
0 0.027832 0.178711 0.055664 0.066406
0 0.023926 0.364258 0.047852 0.054688
0 0.130371 0.427734 0.065430 0.054688
0 0.114746 0.048828 0.133789 0.091797
0 0.088867 0.907715 0.052734 0.057617
0 0.955566 0.039062 0.071289 0.078125
0 0.298340 0.111816 0.065430 0.069336
0 0.132812 0.320801 0.078125 0.063477
0 0.474121 0.882324 0.051758 0.063477
0 0.983398 0.901855 0.033203 0.145508
0 0.769043 0.486328 0.051758 0.050781
