0 0.089844 0.922852 0.146484 0.087891
0 0.101562 0.818848 0.076172 0.124023
0 0.279297 0.729004 0.097656 0.071289
0 0.081055 0.604004 0.105469 0.155273
0 0.036133 0.473633 0.072266 0.085938
0 0.035645 0.347656 0.063477 0.095703
0 0.229004 0.442871 0.071289 0.083008
0 0.338379 0.444824 0.200195 0.118164
0 0.395508 0.331055 0.123047 0.117188
0 0.314941 0.268066 0.049805 0.067383
0 0.384277 0.221191 0.053711 0.057617
0 0.427734 0.242676 0.093750 0.075195
0 0.561035 0.226562 0.096680 0.099609
0 0.666504 0.300781 0.161133 0.117188
0 0.515625 0.362793 0.140625 0.088867
0 0.640625 0.474121 0.167969 0.077148
0 0.662109 0.522949 0.136719 0.081055
0 0.822754 0.412109 0.108398 0.093750
0 0.757324 0.338867 0.088867 0.085938
0 0.850586 0.305664 0.074219 0.103516
0 0.896484 0.226562 0.074219 0.091797
0 0.971680 0.327637 0.056641 0.110352
0 0.930176 0.643555 0.073242 0.142578
0 0.771484 0.653320 0.078125 0.126953
0 0.799316 0.773438 0.069336 0.060547
0 0.534180 0.768066 0.103516 0.059570
0 0.507324 0.802246 0.157227 0.086914
0 0.369141 0.808105 0.103516 0.075195
0 0.783691 0.897949 0.059570 0.165039
0 0.608398 0.941895 0.117188 0.116211
0 0.888672 0.885254 0.136719 0.079102
0 0.931641 0.954102 0.123047 0.085938
0 0.632324 0.086426 0.112305 0.061523
0 0.429199 0.039551 0.075195 0.057617
0 0.314941 0.020020 0.069336 0.040039
0 0.165039 0.005371 0.046875 0.010742
0 0.605957 0.023926 0.063477 0.047852
0 0.192871 0.955566 0.075195 0.088867
0 0.267090 0.940430 0.108398 0.074219
0 0.159668 0.761230 0.041992 0.081055
0 0.879883 0.389648 0.109375 0.050781
