0 0.427246 0.037109 0.071289 0.074219
0 0.086914 0.215332 0.070312 0.063477
0 0.213379 0.562012 0.081055 0.065430
0 0.020508 0.635254 0.041016 0.063477
0 0.069824 0.644531 0.094727 0.072266
0 0.738281 0.072754 0.080078 0.077148
0 0.666016 0.137695 0.066406 0.054688
0 0.571777 0.210449 0.059570 0.045898
0 0.380859 0.205566 0.062500 0.051758
0 0.417480 0.235352 0.079102 0.076172
0 0.493164 0.231934 0.091797 0.067383
0 0.327148 0.297852 0.072266 0.062500
0 0.416992 0.332031 0.074219 0.078125
0 0.309570 0.559570 0.089844 0.068359
0 0.295410 0.798828 0.065430 0.085938
0 0.150391 0.812988 0.068359 0.075195
0 0.401367 0.787598 0.068359 0.073242
0 0.452637 0.768555 0.057617 0.068359
0 0.544434 0.774902 0.053711 0.055664
0 0.658691 0.724609 0.071289 0.076172
0 0.768066 0.737793 0.125977 0.073242
0 0.860840 0.732910 0.071289 0.069336
0 0.911621 0.659668 0.081055 0.061523
0 0.707031 0.940430 0.062500 0.111328
0 0.758789 0.933105 0.062500 0.106445
0 0.814453 0.917969 0.056641 0.074219
0 0.952148 0.979492 0.068359 0.041016
0 0.905273 0.607422 0.062500 0.050781
0 0.848145 0.601562 0.059570 0.080078
0 0.758789 0.489258 0.068359 0.058594
0 0.895508 0.268066 0.074219 0.051758
0 0.831055 0.171875 0.064453 0.066406
0 0.980469 0.063965 0.039062 0.079102
0 0.983887 0.157715 0.032227 0.088867
0 0.805664 0.257812 0.107422 0.093750
0 0.838379 0.987793 0.096680 0.024414
