0 0.694336 0.686035 0.185547 0.077148
0 0.236328 0.306152 0.107422 0.149414
0 0.019531 0.743164 0.039062 0.072266
0 0.508301 0.526855 0.100586 0.059570
0 0.491699 0.964844 0.094727 0.070312
0 0.865723 0.945801 0.102539 0.108398
0 0.302246 0.528320 0.129883 0.117188
0 0.024902 0.417969 0.049805 0.062500
0 0.742188 0.602051 0.099609 0.094727
0 0.067383 0.865723 0.134766 0.137695
0 0.062500 0.971191 0.125000 0.057617
0 0.155273 0.833008 0.095703 0.115234
0 0.489746 0.049805 0.129883 0.070312
0 0.784668 0.796875 0.100586 0.064453
0 0.918457 0.747070 0.104492 0.062500
0 0.630859 0.139648 0.212891 0.185547
0 0.416992 0.658203 0.095703 0.072266
0 0.854492 0.587891 0.089844 0.142578
0 0.711914 0.879395 0.144531 0.190430
0 0.390625 0.415527 0.162109 0.122070
0 0.798340 0.454590 0.092773 0.165039
0 0.030273 0.498047 0.060547 0.107422
0 0.582031 0.322266 0.109375 0.205078
0 0.441895 0.610840 0.094727 0.073242
0 0.196289 0.083496 0.167969 0.137695
0 0.112305 0.214355 0.134766 0.084961
0 0.098145 0.309570 0.127930 0.130859
0 0.194336 0.531250 0.052734 0.052734
0 0.043457 0.332520 0.086914 0.110352
0 0.665527 0.934570 0.077148 0.109375
0 0.730957 0.298340 0.112305 0.077148
0 0.917969 0.131836 0.117188 0.150391
0 0.635742 0.409180 0.203125 0.089844
0 0.845703 0.354980 0.222656 0.084961
0 0.672852 0.260742 0.062500 0.078125
0 0.791504 0.022461 0.137695 0.044922
0 0.318848 0.478027 0.043945 0.069336
0 0.929199 0.947754 0.040039 0.057617
0 0.734863 0.353516 0.094727 0.082031
0 0.896973 0.200684 0.069336 0.092773
0 0.091797 0.202148 0.080078 0.060547
0 0.131348 0.044922 0.165039 0.089844
0 0.211426 0.049805 0.047852 0.089844
0 0.079590 0.863281 0.104492 0.113281
0 0.624512 0.620605 0.059570 0.086914
0 0.969727 0.578613 0.060547 0.102539
0 0.805664 0.544434 0.062500 0.069336
0 0.977539 0.054199 0.042969 0.108398
0 0.858398 0.448242 0.078125 0.132812
