0 0.264648 0.087891 0.080078 0.087891
0 0.468750 0.773926 0.109375 0.053711
0 0.706055 0.360352 0.074219 0.105469
0 0.216260 0.277881 0.116113 0.063574
0 0.971191 0.315918 0.057617 0.073242
0 0.408691 0.580566 0.088867 0.051758
0 0.774414 0.091309 0.066406 0.075195
0 0.637207 0.205078 0.081055 0.054688
0 0.133301 0.528809 0.098633 0.061523
0 0.776367 0.218262 0.091797 0.053711
0 0.053223 0.773926 0.086914 0.055664
0 0.108887 0.828613 0.106445 0.053711
0 0.581055 0.456543 0.158203 0.086914
0 0.520996 0.126953 0.100586 0.083984
0 0.296875 0.843262 0.109375 0.047852
0 0.860352 0.202148 0.099609 0.080078
0 0.926270 0.586426 0.047852 0.061523
0 0.054199 0.305664 0.092773 0.062500
0 0.135742 0.133789 0.142578 0.087891
0 0.737793 0.276367 0.102539 0.074219
0 0.320801 0.885254 0.127930 0.090820
0 0.965820 0.209961 0.068359 0.054688
0 0.381348 0.694336 0.131836 0.064453
0 0.933105 0.758301 0.108398 0.069336
0 0.077148 0.048828 0.117188 0.056641
0 0.375488 0.759277 0.071289 0.055664
0 0.046875 0.673340 0.091797 0.036133
0 0.065918 0.352051 0.124023 0.059570
0 0.486328 0.852539 0.099609 0.052734
0 0.444336 0.240234 0.085938 0.046875
0 0.899902 0.143555 0.086914 0.058594
0 0.174805 0.776367 0.095703 0.070312
0 0.039551 0.138184 0.079102 0.061523
0 0.473145 0.193848 0.090820 0.051758
0 0.241211 0.556152 0.130859 0.059570
0 0.202637 0.919922 0.151367 0.056641
0 0.563037 0.744922 0.099902 0.040430
0 0.727051 0.121582 0.069336 0.065430
0 0.643555 0.800293 0.109375 0.038086
0 0.648926 0.758789 0.094727 0.044922
0 0.356934 0.783203 0.071289 0.046875
0 0.068359 0.448730 0.082031 0.077148
0 0.586914 0.446289 0.107422 0.050781
0 0.472168 0.632812 0.071289 0.031250
0 0.326660 0.821777 0.086914 0.040039
0 0.766113 0.595215 0.139648 0.086914
0 0.228516 0.035156 0.083984 0.054688
0 0.774414 0.566406 0.111328 0.113281
0 0.182129 0.956055 0.098633 0.019531
0 0.338867 0.586426 0.083984 0.026367
0 0.291992 0.470215 0.150391 0.053711
0 0.847168 0.941895 0.131836 0.049805
0 0.121582 0.197266 0.122070 0.054688
0 0.038574 0.841797 0.077148 0.044922
0 0.518555 0.086914 0.062500 0.048828
0 0.647949 0.833496 0.118164 0.041992
0 0.449707 0.133301 0.086914 0.081055
0 0.599121 0.860840 0.170898 0.071289
0 0.498535 0.981934 0.096680 0.036133
0 0.863281 0.886230 0.099609 0.051758
0 0.432129 0.176270 0.094727 0.069336
0 0.685547 0.910156 0.083984 0.048828
0 0.024414 0.573730 0.048828 0.053711
0 0.062988 0.551758 0.073242 0.037109
0 0.218750 0.714355 0.056641 0.045898
