0 0.019043 0.334961 0.038086 0.074219
0 0.098145 0.411133 0.184570 0.107422
0 0.039062 0.164062 0.078125 0.097656
0 0.256348 0.049805 0.079102 0.099609
0 0.339844 0.043945 0.103516 0.087891
0 0.641602 0.045898 0.107422 0.083984
0 0.421875 0.255371 0.089844 0.116211
0 0.316895 0.329590 0.053711 0.067383
0 0.440918 0.185059 0.059570 0.063477
0 0.624512 0.308105 0.049805 0.063477
0 0.649414 0.369629 0.068359 0.071289
0 0.640625 0.437988 0.085938 0.084961
0 0.432129 0.414062 0.077148 0.093750
0 0.292969 0.517578 0.109375 0.078125
0 0.448730 0.533691 0.102539 0.081055
0 0.861816 0.411133 0.086914 0.115234
0 0.741699 0.595703 0.129883 0.099609
0 0.196777 0.615723 0.079102 0.079102
0 0.257324 0.610840 0.092773 0.077148
0 0.019043 0.595215 0.038086 0.077148
0 0.420410 0.665039 0.153320 0.099609
0 0.518555 0.741699 0.083984 0.084961
0 0.822754 0.739746 0.077148 0.053711
0 0.583984 0.880371 0.134766 0.081055
0 0.246094 0.820801 0.111328 0.084961
0 0.033691 0.919922 0.067383 0.117188
0 0.329590 0.956543 0.067383 0.086914
0 0.963379 0.806152 0.073242 0.094727
0 0.929199 0.238770 0.094727 0.083008
