0 0.172363 0.967285 0.079102 0.065430
0 0.245117 0.832520 0.074219 0.073242
0 0.334473 0.917480 0.073242 0.075195
0 0.273926 0.979004 0.090820 0.041992
0 0.392090 0.956055 0.137695 0.076172
0 0.984863 0.625000 0.030273 0.076172
0 0.687988 0.958496 0.122070 0.083008
0 0.602051 0.971191 0.061523 0.057617
0 0.138184 0.277344 0.086914 0.148438
0 0.081543 0.415527 0.065430 0.116211
0 0.026855 0.432617 0.053711 0.066406
0 0.251465 0.392578 0.131836 0.130859
0 0.160156 0.500488 0.103516 0.127930
0 0.157227 0.607910 0.093750 0.079102
0 0.241699 0.584473 0.081055 0.075195
0 0.312988 0.589355 0.077148 0.077148
0 0.266602 0.524414 0.076172 0.060547
0 0.167480 0.703613 0.077148 0.108398
0 0.410645 0.612305 0.075195 0.064453
0 0.574219 0.520508 0.068359 0.113281
0 0.522949 0.475586 0.081055 0.064453
0 0.534180 0.411621 0.060547 0.075195
0 0.475586 0.296387 0.085938 0.088867
0 0.576172 0.291992 0.083984 0.091797
0 0.586914 0.435547 0.072266 0.062500
0 0.741211 0.413086 0.171875 0.082031
0 0.659180 0.609863 0.103516 0.075195
0 0.716309 0.604980 0.065430 0.102539
0 0.775391 0.542480 0.074219 0.075195
0 0.886230 0.564453 0.090820 0.119141
0 0.827637 0.446289 0.073242 0.115234
0 0.931641 0.312988 0.136719 0.174805
0 0.831055 0.926270 0.113281 0.081055
0 0.931641 0.983887 0.089844 0.032227
0 0.328613 0.288574 0.059570 0.075195
0 0.510742 0.559570 0.062500 0.080078
0 0.809082 0.620605 0.069336 0.077148
0 0.607422 0.357422 0.101562 0.087891
0 0.968262 0.490723 0.063477 0.098633
0 0.789551 0.466309 0.041992 0.026367
