0 0.733398 0.579590 0.078125 0.084961
0 0.453125 0.380371 0.107422 0.102539
0 0.936523 0.466309 0.126953 0.104492
0 0.000977 0.124512 0.001953 0.094727
0 0.598145 0.260742 0.112305 0.091797
0 0.932129 0.275879 0.110352 0.102539
0 0.435547 0.880859 0.087891 0.072266
0 0.893066 0.163574 0.092773 0.092773
0 0.940430 0.717285 0.107422 0.065430
0 0.259766 0.132812 0.087891 0.078125
0 0.302246 0.488281 0.120117 0.082031
0 0.468262 0.150879 0.108398 0.118164
0 0.885742 0.570801 0.123047 0.077148
0 0.160156 0.162598 0.072266 0.094727
0 0.512207 0.477051 0.094727 0.075195
0 0.803223 0.874512 0.100586 0.077148
0 0.718750 0.143555 0.087891 0.097656
0 0.884766 0.037109 0.105469 0.070312
0 0.466797 0.665039 0.085938 0.052734
0 0.294922 0.664551 0.082031 0.075195
0 0.654297 0.221191 0.099609 0.102539
0 0.393066 0.166016 0.077148 0.087891
0 0.809570 0.454590 0.089844 0.069336
0 0.951172 0.662109 0.097656 0.064453
0 0.218262 0.089355 0.063477 0.083008
0 0.945312 0.331543 0.109375 0.073242
