0 0.636230 0.302246 0.094727 0.090820
0 0.833008 0.420410 0.087891 0.079102
0 0.807129 0.097168 0.069336 0.124023
0 0.877441 0.324707 0.079102 0.090820
0 0.374512 0.405273 0.096680 0.085938
0 0.949219 0.784180 0.080078 0.060547
0 0.440918 0.259766 0.071289 0.117188
0 0.840820 0.334473 0.109375 0.116211
0 0.181152 0.738770 0.086914 0.088867
0 0.569824 0.974609 0.092773 0.050781
0 0.865723 0.408691 0.069336 0.063477
0 0.488770 0.353516 0.075195 0.064453
0 0.703125 0.541016 0.109375 0.074219
0 0.127441 0.314453 0.098633 0.113281
0 0.084473 0.372070 0.110352 0.082031
0 0.730957 0.727539 0.065430 0.064453
0 0.062012 0.151855 0.120117 0.051758
0 0.589355 0.494141 0.065430 0.064453
0 0.278809 0.181641 0.094727 0.041016
0 0.583496 0.690430 0.083008 0.054688
0 0.081543 0.332520 0.139648 0.090820
0 0.679199 0.692871 0.065430 0.077148
0 0.556641 0.841309 0.080078 0.043945
0 0.857910 0.820801 0.077148 0.053711
0 0.968262 0.874512 0.063477 0.051758
0 0.685059 0.414062 0.106445 0.044922
0 0.047363 0.842285 0.094727 0.055664
0 0.285645 0.395996 0.081055 0.057617
0 0.512207 0.405273 0.081055 0.046875
0 0.239258 0.920410 0.103516 0.159180
0 0.916504 0.598145 0.127930 0.041992
0 0.447266 0.483887 0.101562 0.047852
0 0.778320 0.145508 0.072266 0.056641
0 0.517578 0.869141 0.111328 0.037109
0 0.713867 0.208984 0.066406 0.052734
0 0.973633 0.561523 0.052734 0.033203
0 0.032227 0.703125 0.064453 0.039062
0 0.289062 0.860352 0.107422 0.046875
0 0.673340 0.261230 0.147461 0.045898
0 0.990234 0.402832 0.019531 0.067383
0 0.386230 0.026855 0.061523 0.053711
0 0.446289 0.068848 0.072266 0.084961
0 0.320312 0.128418 0.111328 0.047852
0 0.536621 0.160645 0.061523 0.063477
0 0.248047 0.545898 0.115234 0.050781
0 0.612793 0.187988 0.077148 0.040039
0 0.328613 0.777832 0.061523 0.040039
0 0.975586 0.440918 0.048828 0.045898
0 0.637695 0.750488 0.085938 0.051758
0 0.120117 0.121582 0.154297 0.075195
0 0.513672 0.547363 0.105469 0.041992
0 0.440918 0.510742 0.084961 0.035156
0 0.986328 0.786621 0.027344 0.032227
0 0.634277 0.734863 0.104492 0.059570
0 0.731445 0.455078 0.066406 0.058594
0 0.718262 0.889160 0.096680 0.038086
0 0.826660 0.987793 0.083008 0.024414
0 0.024414 0.988281 0.048828 0.023438
0 0.659180 0.895508 0.066406 0.039062
