0 0.230957 0.083984 0.098633 0.134766
0 0.323730 0.104492 0.086914 0.082031
0 0.441406 0.045898 0.138672 0.091797
0 0.511719 0.025879 0.109375 0.051758
0 0.624023 0.104980 0.101562 0.149414
0 0.739258 0.023926 0.128906 0.047852
0 0.798828 0.142090 0.113281 0.069336
0 0.900879 0.135254 0.075195 0.114258
0 0.877441 0.241699 0.090820 0.077148
0 0.649414 0.327148 0.130859 0.179688
0 0.574219 0.316406 0.125000 0.154297
0 0.324707 0.378906 0.286133 0.150391
0 0.353516 0.448730 0.126953 0.083008
0 0.262695 0.516602 0.126953 0.083984
0 0.076660 0.524902 0.069336 0.077148
0 0.142090 0.282715 0.057617 0.071289
0 0.295410 0.238770 0.176758 0.071289
0 0.065918 0.233398 0.063477 0.037109
0 0.380859 0.620117 0.166016 0.246094
0 0.148438 0.656250 0.121094 0.068359
0 0.199707 0.772461 0.084961 0.072266
0 0.058105 0.829590 0.106445 0.079102
0 0.035156 0.900391 0.070312 0.093750
0 0.551758 0.586426 0.138672 0.204102
0 0.904297 0.397949 0.191406 0.141602
0 0.803223 0.570312 0.178711 0.173828
0 0.891113 0.590332 0.194336 0.159180
0 0.843262 0.763672 0.083008 0.160156
0 0.897461 0.677246 0.050781 0.063477
0 0.934082 0.866211 0.073242 0.148438
0 0.755859 0.951660 0.121094 0.096680
0 0.546387 0.912109 0.106445 0.125000
0 0.078613 0.127441 0.149414 0.059570
0 0.375488 0.131348 0.094727 0.147461
0 0.407715 0.627441 0.106445 0.297852
0 0.130859 0.711426 0.091797 0.063477
0 0.071777 0.602051 0.106445 0.100586
0 0.343262 0.964844 0.086914 0.070312
0 0.495117 0.890137 0.080078 0.141602
0 0.780762 0.950195 0.088867 0.099609
0 0.983887 0.544434 0.032227 0.139648
0 0.555664 0.554688 0.140625 0.156250
0 0.892090 0.400879 0.104492 0.104492
