0 0.666016 0.437988 0.107422 0.077148
0 0.206055 0.662109 0.097656 0.070312
0 0.382324 0.504395 0.075195 0.084961
0 0.567383 0.133301 0.080078 0.083008
0 0.731934 0.320801 0.065430 0.118164
0 0.241699 0.916992 0.075195 0.080078
0 0.492188 0.611816 0.160156 0.065430
0 0.800781 0.810547 0.087891 0.087891
0 0.281738 0.852051 0.075195 0.100586
0 0.056152 0.631836 0.067383 0.064453
0 0.431641 0.389160 0.089844 0.084961
0 0.059570 0.428223 0.119141 0.131836
0 0.472168 0.998535 0.129883 0.002930
0 0.193359 0.521973 0.113281 0.194336
0 0.416016 0.316895 0.167969 0.059570
0 0.644531 0.753418 0.115234 0.102539
0 0.235840 0.304688 0.092773 0.144531
0 0.913574 0.479004 0.124023 0.086914
0 0.495605 0.976074 0.086914 0.047852
0 0.064941 0.198242 0.129883 0.257812
0 0.540527 0.362305 0.122070 0.134766
0 0.804688 0.045898 0.294922 0.087891
0 0.333008 0.691895 0.097656 0.069336
0 0.599609 0.247070 0.189453 0.125000
0 0.702148 0.989746 0.105469 0.020508
0 0.821777 0.175781 0.084961 0.148438
0 0.138672 0.844238 0.107422 0.155273
0 0.608398 0.907227 0.283203 0.134766
0 0.766113 0.967285 0.282227 0.065430
0 0.202148 0.835938 0.109375 0.123047
0 0.537109 0.778320 0.089844 0.113281
0 0.255859 0.130859 0.373047 0.072266
0 0.577148 0.514160 0.294922 0.075195
0 0.264648 0.372070 0.294922 0.089844
0 0.274414 0.534668 0.064453 0.180664
0 0.209473 0.747070 0.049805 0.054688
0 0.799316 0.944824 0.110352 0.110352
0 0.562988 0.963379 0.077148 0.073242
0 0.254395 0.742188 0.069336 0.109375
0 0.260742 0.010254 0.097656 0.020508
0 0.953125 0.328613 0.087891 0.137695
0 0.907227 0.132324 0.060547 0.120117
0 0.215820 0.207031 0.087891 0.060547
0 0.638184 0.734375 0.172852 0.089844
0 0.495605 0.503418 0.067383 0.211914
0 0.552246 0.636230 0.049805 0.102539
0 0.385742 0.404297 0.052734 0.150391
0 0.979980 0.460449 0.040039 0.102539
0 0.194336 0.170898 0.089844 0.042969
