0 0.466797 0.037598 0.048828 0.075195
0 0.773438 0.629883 0.076172 0.066406
0 0.880859 0.621582 0.085938 0.079102
0 0.052246 0.565918 0.065430 0.073242
0 0.062012 0.115234 0.104492 0.087891
0 0.360352 0.688477 0.105469 0.050781
0 0.832520 0.052246 0.065430 0.071289
0 0.658691 0.287598 0.038086 0.069336
0 0.956543 0.270996 0.086914 0.071289
0 0.932617 0.045410 0.134766 0.051758
0 0.628418 0.563477 0.069336 0.050781
0 0.231445 0.617188 0.109375 0.062500
0 0.278320 0.719238 0.093750 0.043945
0 0.241211 0.067383 0.099609 0.044922
0 0.453613 0.182129 0.059570 0.061523
0 0.026367 0.022949 0.052734 0.045898
0 0.309570 0.406738 0.070312 0.038086
0 0.211426 0.772461 0.122070 0.074219
0 0.717285 0.985352 0.065430 0.029297
0 0.191895 0.636230 0.077148 0.041992
0 0.228027 0.424805 0.100586 0.048828
0 0.658203 0.103516 0.052734 0.039062
0 0.603027 0.680176 0.057617 0.041992
0 0.789062 0.795410 0.054688 0.040039
0 0.261230 0.466309 0.090820 0.032227
0 0.389160 0.440430 0.073242 0.050781
0 0.716309 0.081543 0.092773 0.073242
0 0.905762 0.978516 0.030273 0.042969
0 0.111816 0.021973 0.051758 0.043945
0 0.156738 0.720703 0.124023 0.039062
0 0.496094 0.445312 0.056641 0.046875
0 0.735840 0.756836 0.098633 0.044922
0 0.607910 0.628418 0.071289 0.043945
0 0.412109 0.518066 0.099609 0.041992
0 0.304688 0.780273 0.056641 0.033203
0 0.875000 0.973633 0.031250 0.052734
0 0.695801 0.051270 0.061523 0.053711
0 0.574707 0.191406 0.073242 0.041016
0 0.744629 0.421875 0.032227 0.058594
0 0.397461 0.618164 0.046875 0.060547
0 0.135254 0.606445 0.112305 0.025391
0 0.438965 0.439453 0.081055 0.064453
0 0.347656 0.148926 0.064453 0.034180
0 0.601562 0.765625 0.109375 0.052734
0 0.838867 0.465820 0.048828 0.041016
0 0.031250 0.451660 0.062500 0.041992
0 0.952148 0.192871 0.035156 0.045898
0 0.044434 0.770508 0.088867 0.050781
0 0.026367 0.505859 0.052734 0.037109
0 0.833496 0.564941 0.086914 0.032227
0 0.560059 0.789551 0.165039 0.049805
0 0.635254 0.932617 0.075195 0.044922
0 0.209473 0.208496 0.086914 0.047852
0 0.721191 0.527832 0.073242 0.043945
0 0.414062 0.585449 0.058594 0.045898
0 0.535645 0.701660 0.096680 0.047852
0 0.197266 0.876465 0.083984 0.040039
0 0.379395 0.220215 0.053711 0.020508
0 0.544922 0.466797 0.066406 0.035156
0 0.551025 0.439551 0.091113 0.040039
0 0.883301 0.834961 0.083008 0.052734
0 0.524902 0.739258 0.055664 0.042969
0 0.208496 0.520996 0.102539 0.049805
0 0.118164 0.501465 0.105469 0.057617
0 0.381836 0.171875 0.066406 0.041016
