0 0.955078 0.118164 0.089844 0.046875
0 0.986816 0.206543 0.026367 0.059570
0 0.968750 0.221680 0.062500 0.056641
0 0.948242 0.173340 0.103516 0.043945
0 0.856445 0.215332 0.105469 0.040039
0 0.687500 0.038574 0.117188 0.069336
0 0.587891 0.088867 0.199219 0.039062
0 0.599609 0.151367 0.074219 0.052734
0 0.393066 0.149414 0.118164 0.044922
0 0.353516 0.105957 0.119141 0.043945
0 0.284668 0.072266 0.114258 0.062500
0 0.233398 0.082520 0.089844 0.043945
0 0.287109 0.031738 0.078125 0.063477
0 0.212891 0.166016 0.160156 0.052734
0 0.144043 0.163574 0.088867 0.040039
0 0.202637 0.225098 0.108398 0.040039
0 0.293457 0.249512 0.114258 0.040039
0 0.034668 0.104980 0.069336 0.067383
0 0.043457 0.176270 0.086914 0.038086
0 0.020020 0.222168 0.040039 0.051758
0 0.076660 0.361328 0.143555 0.042969
0 0.218750 0.338867 0.093750 0.042969
0 0.447754 0.257812 0.096680 0.070312
0 0.404297 0.327637 0.121094 0.084961
0 0.281738 0.412109 0.110352 0.052734
0 0.416992 0.382324 0.105469 0.063477
0 0.493164 0.387695 0.072266 0.062500
0 0.549316 0.385254 0.081055 0.038086
0 0.595703 0.313477 0.095703 0.074219
0 0.714844 0.281738 0.125000 0.069336
0 0.691895 0.304688 0.083008 0.031250
0 0.496094 0.558594 0.128906 0.062500
0 0.033203 0.490234 0.066406 0.048828
0 0.964355 0.391113 0.071289 0.077148
0 0.937500 0.266113 0.109375 0.053711
0 0.913086 0.245117 0.050781 0.027344
0 0.940918 0.301758 0.118164 0.042969
0 0.908691 0.711426 0.120117 0.045898
0 0.882812 0.698242 0.148438 0.078125
0 0.884277 0.683105 0.071289 0.020508
0 0.746094 0.726562 0.101562 0.056641
0 0.769531 0.684570 0.060547 0.041016
0 0.921875 0.750000 0.126953 0.031250
0 0.903809 0.786133 0.127930 0.060547
0 0.944824 0.848633 0.055664 0.082031
0 0.879395 0.827148 0.141602 0.060547
0 0.893066 0.974121 0.090820 0.051758
0 0.601074 0.965332 0.102539 0.069336
0 0.601074 0.849121 0.083008 0.043945
0 0.592285 0.797852 0.106445 0.050781
0 0.625488 0.712891 0.118164 0.064453
0 0.525879 0.741211 0.092773 0.080078
0 0.497070 0.671875 0.111328 0.072266
0 0.333984 0.631348 0.087891 0.057617
0 0.207520 0.666016 0.147461 0.072266
0 0.331543 0.751465 0.108398 0.055664
0 0.210449 0.818359 0.116211 0.046875
0 0.129883 0.753418 0.117188 0.043945
0 0.045898 0.699707 0.082031 0.041992
0 0.031738 0.601074 0.063477 0.061523
0 0.095215 0.830566 0.106445 0.049805
0 0.173828 0.850098 0.169922 0.051758
0 0.103516 0.919434 0.138672 0.112305
0 0.250488 0.898926 0.157227 0.065430
0 0.146484 0.954102 0.128906 0.087891
