0 0.827148 0.638672 0.068359 0.078125
0 0.752930 0.482910 0.107422 0.073242
0 0.802246 0.369141 0.141602 0.062500
0 0.907227 0.085449 0.037109 0.047852
0 0.710938 0.660645 0.082031 0.063477
0 0.843750 0.595703 0.044922 0.095703
0 0.922852 0.193848 0.083984 0.057617
0 0.641113 0.290527 0.061523 0.090820
0 0.605469 0.729980 0.113281 0.069336
0 0.984375 0.411621 0.031250 0.024414
0 0.064941 0.436523 0.127930 0.054688
0 0.328613 0.355469 0.100586 0.085938
0 0.531250 0.139648 0.154297 0.064453
0 0.414062 0.567871 0.037109 0.077148
0 0.115234 0.903320 0.121094 0.056641
0 0.866699 0.686523 0.108398 0.058594
0 0.794922 0.843262 0.119141 0.069336
0 0.545410 0.405273 0.110352 0.058594
0 0.951660 0.904297 0.096680 0.185547
0 0.240234 0.235840 0.142578 0.094727
0 0.305664 0.442383 0.177734 0.078125
0 0.302734 0.866699 0.134766 0.088867
0 0.552734 0.058594 0.042969 0.109375
0 0.248047 0.585449 0.121094 0.036133
0 0.559082 0.483398 0.166992 0.072266
0 0.046387 0.645508 0.090820 0.031250
0 0.314453 0.208008 0.166016 0.107422
0 0.322754 0.162109 0.131836 0.044922
0 0.824707 0.101074 0.163086 0.077148
0 0.752441 0.873047 0.073242 0.037109
0 0.858887 0.906738 0.118164 0.045898
0 0.248047 0.956543 0.101562 0.086914
0 0.616699 0.418457 0.127930 0.032227
0 0.571289 0.223633 0.093750 0.074219
0 0.477539 0.227539 0.068359 0.050781
0 0.369141 0.752930 0.080078 0.072266
0 0.610352 0.786133 0.095703 0.037109
0 0.280273 0.820312 0.085938 0.039062
0 0.520020 0.666992 0.124023 0.089844
0 0.159668 0.604980 0.176758 0.040039
0 0.214355 0.857422 0.120117 0.037109
0 0.787598 0.175781 0.100586 0.123047
0 0.970703 0.573730 0.056641 0.030273
0 0.170898 0.121582 0.179688 0.049805
0 0.787598 0.761230 0.045898 0.090820
0 0.113770 0.017090 0.040039 0.034180
0 0.812988 0.965332 0.176758 0.069336
0 0.344727 0.109375 0.074219 0.041016
0 0.531250 0.277344 0.115234 0.033203
0 0.254883 0.551758 0.166016 0.087891
0 0.958496 0.799805 0.069336 0.087891
0 0.195801 0.051758 0.149414 0.046875
0 0.042969 0.013672 0.076172 0.023438
0 0.979004 0.324219 0.041992 0.023438
0 0.673828 0.253418 0.126953 0.036133
0 0.500977 0.990234 0.050781 0.019531
0 0.119141 0.821777 0.214844 0.051758
0 0.258789 0.927734 0.156250 0.035156
0 0.102539 0.166016 0.097656 0.042969
0 0.119141 0.905762 0.150391 0.083008
0 0.653809 0.081543 0.047852 0.022461
0 0.035156 0.906250 0.070312 0.062500
0 0.068359 0.269043 0.132812 0.067383
0 0.495605 0.673340 0.055664 0.043945
0 0.280273 0.321289 0.068359 0.017578
0 0.229004 0.301270 0.124023 0.036133
0 0.350586 0.970703 0.144531 0.058594
0 0.596191 0.228027 0.118164 0.065430
0 0.429688 0.491211 0.060547 0.041016
0 0.475098 0.012207 0.051758 0.022461
0 0.250977 0.786133 0.183594 0.058594
0 0.539062 0.896484 0.066406 0.097656
0 0.871094 0.121094 0.082031 0.101562
0 0.473633 0.186523 0.115234 0.035156
0 0.032715 0.054199 0.065430 0.034180
0 0.948242 0.051270 0.103516 0.043945
0 0.665039 0.587402 0.162109 0.086914
0 0.111328 0.961914 0.171875 0.052734
0 0.156738 0.986328 0.073242 0.025391
0 0.038574 0.966797 0.077148 0.064453
0 0.515625 0.870605 0.136719 0.053711
0 0.938965 0.864746 0.122070 0.071289
0 0.659180 0.627930 0.097656 0.117188
