0 0.154785 0.958984 0.079102 0.082031
0 0.243652 0.874023 0.083008 0.085938
0 0.672852 0.388184 0.046875 0.079102
0 0.055176 0.896973 0.106445 0.071289
0 0.054199 0.652832 0.108398 0.071289
0 0.720215 0.252441 0.059570 0.102539
0 0.042969 0.351562 0.076172 0.066406
0 0.190430 0.033691 0.058594 0.067383
0 0.756836 0.102539 0.076172 0.070312
0 0.251953 0.815430 0.076172 0.078125
0 0.961914 0.492188 0.076172 0.058594
0 0.899414 0.587402 0.064453 0.084961
0 0.907227 0.182129 0.062500 0.133789
0 0.375977 0.402344 0.068359 0.087891
0 0.383789 0.717285 0.087891 0.073242
0 0.837891 0.245605 0.072266 0.118164
0 0.971680 0.571289 0.035156 0.095703
0 0.478516 0.682129 0.054688 0.090820
0 0.169922 0.064941 0.054688 0.075195
0 0.749023 0.356934 0.080078 0.122070
0 0.962402 0.093262 0.047852 0.073242
0 0.084961 0.127441 0.093750 0.092773
0 0.580078 0.114746 0.101562 0.094727
0 0.239258 0.722656 0.093750 0.078125
0 0.035645 0.575684 0.051758 0.081055
0 0.527344 0.474121 0.050781 0.143555
0 0.733398 0.414062 0.060547 0.101562
0 0.647461 0.305664 0.064453 0.078125
0 0.463867 0.544922 0.080078 0.064453
0 0.869629 0.178223 0.041992 0.071289
0 0.875488 0.679199 0.041992 0.090820
0 0.802246 0.878906 0.122070 0.169922
0 0.500977 0.594727 0.085938 0.062500
0 0.541016 0.028320 0.074219 0.056641
0 0.422852 0.346191 0.083984 0.053711
0 0.081055 0.269043 0.037109 0.075195
0 0.366211 0.852051 0.056641 0.079102
0 0.317871 0.293457 0.073242 0.100586
0 0.187012 0.298340 0.067383 0.063477
0 0.163574 0.718750 0.098633 0.083984
0 0.761230 0.322754 0.040039 0.081055
0 0.072266 0.714355 0.048828 0.069336
0 0.806641 0.676758 0.046875 0.066406
0 0.114746 0.040039 0.045898 0.080078
0 0.410156 0.286621 0.064453 0.108398
0 0.757324 0.982422 0.038086 0.035156
0 0.390625 0.634766 0.105469 0.085938
0 0.353027 0.352051 0.106445 0.065430
0 0.289551 0.357910 0.096680 0.084961
0 0.235840 0.249023 0.036133 0.072266
0 0.261719 0.294922 0.078125 0.052734
0 0.508789 0.674805 0.023438 0.070312
0 0.382812 0.592773 0.046875 0.074219
0 0.968262 0.383301 0.063477 0.069336
0 0.964844 0.973145 0.070312 0.028320
0 0.385254 0.674316 0.051758 0.083008
0 0.488281 0.979492 0.089844 0.041016
0 0.618164 0.624023 0.078125 0.099609
0 0.266113 0.964844 0.055664 0.048828
0 0.296875 0.191406 0.050781 0.050781
0 0.646973 0.611816 0.096680 0.032227
0 0.676270 0.174805 0.065430 0.052734
0 0.907715 0.634277 0.040039 0.063477
0 0.793945 0.019043 0.044922 0.038086
0 0.057129 0.540527 0.047852 0.065430
0 0.802246 0.898926 0.137695 0.051758
0 0.687500 0.353516 0.029297 0.070312
0 0.063477 0.944824 0.056641 0.041992
0 0.018555 0.576172 0.037109 0.060547
0 0.589355 0.953125 0.084961 0.041016
0 0.229492 0.957520 0.048828 0.065430
0 0.152344 0.414062 0.046875 0.058594
