0 0.021973 0.164062 0.043945 0.091797
0 0.429688 0.610840 0.060547 0.086914
0 0.296875 0.602051 0.119141 0.063477
0 0.103516 0.864258 0.074219 0.068359
0 0.305176 0.270508 0.061523 0.101562
0 0.789062 0.180176 0.035156 0.104492
0 0.894043 0.174805 0.041992 0.083984
0 0.469238 0.220703 0.110352 0.058594
0 0.235352 0.474121 0.058594 0.090820
0 0.293945 0.196289 0.044922 0.099609
0 0.497070 0.579590 0.050781 0.071289
0 0.841797 0.524902 0.097656 0.055664
0 0.532227 0.526367 0.041016 0.087891
0 0.946289 0.476074 0.023438 0.073242
0 0.879395 0.926270 0.055664 0.075195
0 0.569824 0.286621 0.040039 0.059570
0 0.961426 0.075684 0.043945 0.034180
0 0.104492 0.644531 0.025391 0.072266
0 0.014648 0.894043 0.029297 0.053711
0 0.359375 0.702148 0.044922 0.058594
0 0.909180 0.400879 0.025391 0.049805
0 0.727051 0.668945 0.057617 0.050781
0 0.750488 0.270996 0.040039 0.073242
0 0.341797 0.038574 0.039062 0.043945
0 0.284668 0.988281 0.053711 0.023438
0 0.610840 0.490723 0.051758 0.038086
0 0.077637 0.699219 0.051758 0.042969
0 0.018555 0.953613 0.037109 0.036133
0 0.243164 0.525391 0.058594 0.060547
0 0.607422 0.941406 0.050781 0.060547
0 0.451172 0.516602 0.054688 0.087891
0 0.244629 0.031738 0.063477 0.026367
0 0.643555 0.625488 0.031250 0.059570
0 0.707520 0.375000 0.030273 0.078125
0 0.913086 0.929199 0.025391 0.073242
0 0.828613 0.536621 0.073242 0.061523
0 0.207031 0.235352 0.039062 0.058594
0 0.844238 0.964844 0.049805 0.031250
0 0.810059 0.354492 0.040039 0.058594
0 0.869141 0.011230 0.046875 0.022461
0 0.207520 0.928223 0.055664 0.036133
0 0.031250 0.627441 0.062500 0.059570
0 0.600098 0.066895 0.036133 0.059570
0 0.612793 0.863770 0.053711 0.032227
0 0.393066 0.933105 0.090820 0.036133
0 0.660156 0.546387 0.046875 0.063477
0 0.747070 0.724121 0.029297 0.063477
0 0.918945 0.267090 0.033203 0.065430
0 0.120117 0.727539 0.035156 0.056641
0 0.669922 0.242676 0.029297 0.065430
0 0.770996 0.974121 0.028320 0.047852
0 0.013184 0.012207 0.026367 0.022461
0 0.078613 0.542969 0.036133 0.048828
0 0.532227 0.961914 0.060547 0.044922
0 0.609863 0.572754 0.032227 0.063477
0 0.738770 0.625488 0.065430 0.049805
0 0.853516 0.625977 0.066406 0.048828
0 0.895508 0.762207 0.054688 0.047852
0 0.708496 0.826172 0.077148 0.039062
0 0.574707 0.719238 0.137695 0.036133
0 0.562988 0.618164 0.043945 0.044922
0 0.474609 0.332031 0.078125 0.050781
0 0.454590 0.960449 0.051758 0.069336
0 0.872559 0.076172 0.094727 0.058594
0 0.458008 0.020020 0.056641 0.040039
0 0.977051 0.895996 0.045898 0.069336
0 0.780273 0.913086 0.056641 0.048828
0 0.702148 0.917969 0.048828 0.046875
0 0.610352 0.991211 0.044922 0.017578
0 0.362305 0.979980 0.054688 0.040039
