0 0.087891 0.042969 0.054688 0.085938
0 0.141602 0.301270 0.082031 0.094727
0 0.205078 0.348145 0.054688 0.086914
0 0.725098 0.333496 0.090820 0.110352
0 0.784180 0.651855 0.093750 0.073242
0 0.062500 0.666504 0.105469 0.061523
0 0.792969 0.039551 0.052734 0.079102
0 0.362793 0.189453 0.088867 0.060547
0 0.662598 0.887207 0.098633 0.083008
0 0.942383 0.942383 0.115234 0.101562
0 0.623535 0.378906 0.075195 0.046875
0 0.378418 0.529785 0.124023 0.051758
0 0.542480 0.898438 0.083008 0.107422
0 0.272461 0.309570 0.039062 0.083984
0 0.549805 0.419922 0.064453 0.064453
0 0.037109 0.026855 0.066406 0.053711
0 0.139648 0.107910 0.146484 0.073242
0 0.053271 0.408740 0.090918 0.057715
0 0.841797 0.966309 0.050781 0.061523
0 0.788086 0.623047 0.070312 0.048828
0 0.750977 0.739258 0.027344 0.066406
0 0.032227 0.102539 0.064453 0.041016
0 0.031250 0.225586 0.062500 0.039062
0 0.842285 0.148926 0.092773 0.041992
0 0.052734 0.752930 0.087891 0.058594
0 0.077148 0.213867 0.087891 0.050781
0 0.760742 0.177734 0.089844 0.046875
0 0.406250 0.104980 0.074219 0.034180
0 0.714355 0.062988 0.075195 0.049805
0 0.269531 0.909668 0.087891 0.055664
0 0.882812 0.947266 0.056641 0.042969
0 0.484863 0.590332 0.067383 0.034180
0 0.422363 0.432617 0.075195 0.033203
0 0.190918 0.830566 0.079102 0.051758
0 0.964844 0.263184 0.070312 0.055664
0 0.211914 0.892090 0.078125 0.073242
0 0.011719 0.020996 0.023438 0.041992
0 0.496094 0.478027 0.083984 0.038086
0 0.484863 0.250977 0.059570 0.054688
0 0.575684 0.548828 0.077148 0.029297
0 0.109375 0.455566 0.082031 0.034180
0 0.717285 0.507812 0.081055 0.037109
0 0.033691 0.634766 0.067383 0.041016
0 0.708057 0.208154 0.088574 0.038770
0 0.986328 0.926758 0.023438 0.062500
0 0.566406 0.469727 0.070312 0.037109
0 0.307129 0.199219 0.065430 0.037109
0 0.050293 0.975098 0.100586 0.049805
0 0.774902 0.097656 0.063477 0.039062
0 0.013184 0.403320 0.026367 0.044922
0 0.840820 0.434570 0.066406 0.062500
0 0.358887 0.475586 0.086914 0.042969
0 0.738281 0.043945 0.066406 0.050781
0 0.238770 0.992188 0.038086 0.015625
0 0.212402 0.540039 0.086914 0.048828
0 0.733887 0.454590 0.047852 0.040039
0 0.930664 0.482422 0.062500 0.048828
0 0.505371 0.804199 0.053711 0.026367
0 0.806641 0.444336 0.064453 0.039062
0 0.583984 0.486816 0.060547 0.036133
0 0.984863 0.285645 0.030273 0.032227
