0 0.072266 0.257324 0.101562 0.079102
0 0.020996 0.114258 0.041992 0.111328
0 0.119141 0.098145 0.070312 0.090820
0 0.050781 0.011230 0.082031 0.022461
0 0.019043 0.641602 0.038086 0.123047
0 0.098145 0.569824 0.090820 0.118164
0 0.078125 0.672363 0.042969 0.075195
0 0.187988 0.717285 0.065430 0.108398
0 0.057129 0.813965 0.088867 0.065430
0 0.084473 0.956055 0.071289 0.087891
0 0.017578 0.979980 0.035156 0.040039
0 0.157227 0.977051 0.060547 0.045898
0 0.819336 0.084961 0.105469 0.167969
0 0.927246 0.104980 0.141602 0.118164
0 0.962891 0.219727 0.074219 0.105469
0 0.605957 0.245605 0.071289 0.065430
0 0.607910 0.325684 0.081055 0.108398
0 0.336426 0.316895 0.112305 0.069336
0 0.193359 0.273926 0.042969 0.067383
0 0.275391 0.181641 0.048828 0.044922
0 0.339844 0.137207 0.060547 0.083008
0 0.886230 0.324707 0.098633 0.083008
0 0.950195 0.445801 0.083984 0.124023
0 0.875977 0.514160 0.062500 0.073242
0 0.565430 0.440918 0.062500 0.098633
0 0.485352 0.438477 0.080078 0.083984
0 0.637695 0.546387 0.107422 0.100586
0 0.824219 0.661621 0.119141 0.131836
0 0.973145 0.592773 0.053711 0.085938
0 0.969238 0.722656 0.061523 0.138672
0 0.488770 0.690430 0.083008 0.134766
0 0.339355 0.685547 0.106445 0.091797
0 0.367188 0.527832 0.076172 0.094727
0 0.390137 0.397461 0.071289 0.056641
0 0.262207 0.561035 0.104492 0.071289
0 0.270508 0.754883 0.078125 0.089844
0 0.459961 0.845215 0.101562 0.114258
0 0.668945 0.838867 0.097656 0.111328
0 0.549805 0.740234 0.074219 0.082031
0 0.850098 0.949219 0.112305 0.093750
0 0.412598 0.979980 0.051758 0.040039
0 0.248047 0.918945 0.058594 0.056641
0 0.951172 0.821777 0.080078 0.112305
