0 0.163574 0.467285 0.100586 0.073242
0 0.970215 0.312012 0.059570 0.065430
0 0.033203 0.290039 0.062500 0.080078
0 0.077637 0.599121 0.081055 0.069336
0 0.987305 0.015137 0.025391 0.030273
0 0.390625 0.623535 0.068359 0.069336
0 0.369629 0.098145 0.131836 0.100586
0 0.740723 0.048828 0.096680 0.039062
0 0.446777 0.085449 0.118164 0.065430
0 0.935059 0.344727 0.069336 0.074219
0 0.063477 0.471191 0.109375 0.043945
0 0.792969 0.404785 0.085938 0.077148
0 0.455566 0.316406 0.112305 0.087891
0 0.488770 0.653809 0.075195 0.057617
0 0.307617 0.428711 0.111328 0.066406
0 0.281250 0.563965 0.099609 0.069336
0 0.321289 0.770508 0.152344 0.083984
0 0.558594 0.047363 0.099609 0.094727
0 0.054199 0.053711 0.098633 0.107422
0 0.758301 0.333008 0.055664 0.082031
0 0.951172 0.057129 0.097656 0.053711
0 0.180176 0.382812 0.137695 0.074219
0 0.807617 0.678711 0.113281 0.074219
0 0.031738 0.392090 0.063477 0.045898
0 0.256348 0.968262 0.100586 0.063477
0 0.390625 0.369141 0.070312 0.080078
0 0.876953 0.080078 0.066406 0.048828
0 0.172852 0.760742 0.087891 0.087891
0 0.579590 0.907715 0.094727 0.045898
0 0.834473 0.737793 0.090820 0.077148
0 0.322754 0.028320 0.086914 0.054688
0 0.608887 0.229980 0.071289 0.047852
0 0.643066 0.136230 0.124023 0.063477
0 0.739258 0.411133 0.134766 0.076172
0 0.221191 0.656250 0.098633 0.097656
0 0.735840 0.466797 0.096680 0.041016
0 0.969727 0.449707 0.060547 0.028320
0 0.569336 0.533203 0.078125 0.097656
0 0.555664 0.796387 0.093750 0.057617
0 0.202637 0.073242 0.079102 0.029297
0 0.304199 0.309570 0.114258 0.060547
0 0.514160 0.071777 0.096680 0.059570
0 0.312012 0.830078 0.118164 0.044922
0 0.414062 0.015137 0.085938 0.028320
0 0.916992 0.436035 0.080078 0.081055
0 0.385254 0.220703 0.125977 0.056641
0 0.750000 0.627441 0.130859 0.049805
0 0.962891 0.095703 0.074219 0.042969
0 0.301270 0.697266 0.073242 0.039062
0 0.541016 0.389648 0.093750 0.044922
0 0.728027 0.813965 0.079102 0.047852
0 0.832031 0.629395 0.070312 0.041992
0 0.242188 0.336914 0.058594 0.037109
0 0.028809 0.782715 0.055664 0.041992
0 0.624023 0.015625 0.041016 0.031250
0 0.763184 0.055176 0.073242 0.106445
0 0.569824 0.749023 0.120117 0.039062
0 0.239746 0.836426 0.100586 0.036133
0 0.828613 0.784180 0.096680 0.048828
0 0.267090 0.918457 0.106445 0.040039
0 0.658203 0.064941 0.074219 0.084961
0 0.462402 0.486328 0.083008 0.029297
0 0.975098 0.131348 0.049805 0.055664
0 0.713379 0.773926 0.041992 0.026367
0 0.304199 0.089355 0.057617 0.051758
0 0.256348 0.896484 0.073242 0.025391
0 0.362305 0.368652 0.148438 0.081055
0 0.566406 0.586426 0.134766 0.036133
0 0.624023 0.908691 0.066406 0.034180
