0 0.104004 0.871582 0.092773 0.061523
0 0.041016 0.954590 0.082031 0.090820
0 0.151367 0.696777 0.062500 0.079102
0 0.205566 0.629883 0.065430 0.126953
0 0.262207 0.637695 0.073242 0.099609
0 0.043945 0.489258 0.087891 0.103516
0 0.025879 0.392090 0.051758 0.100586
0 0.024902 0.254395 0.049805 0.081055
0 0.144531 0.399902 0.080078 0.069336
0 0.237793 0.387695 0.069336 0.058594
0 0.262207 0.466309 0.077148 0.084961
0 0.412109 0.184570 0.091797 0.179688
0 0.322754 0.253906 0.061523 0.082031
0 0.483398 0.309082 0.138672 0.090820
0 0.433594 0.404785 0.119141 0.104492
0 0.532715 0.445312 0.088867 0.080078
0 0.535645 0.353027 0.055664 0.077148
0 0.635742 0.408691 0.060547 0.071289
0 0.454590 0.553223 0.100586 0.102539
0 0.649414 0.508789 0.107422 0.083984
0 0.736816 0.444336 0.086914 0.070312
0 0.723145 0.301758 0.077148 0.070312
0 0.732910 0.232422 0.137695 0.158203
0 0.792480 0.247070 0.051758 0.089844
0 0.959961 0.249023 0.066406 0.115234
0 0.812500 0.372559 0.091797 0.084961
0 0.802246 0.459473 0.073242 0.094727
0 0.876465 0.458984 0.079102 0.107422
0 0.937500 0.413574 0.103516 0.092773
0 0.931152 0.493652 0.129883 0.077148
0 0.864746 0.547852 0.088867 0.054688
0 0.846680 0.644043 0.091797 0.053711
0 0.911621 0.616211 0.055664 0.058594
0 0.854980 0.595215 0.059570 0.047852
0 0.862305 0.719238 0.080078 0.063477
0 0.969238 0.587891 0.061523 0.062500
0 0.376953 0.822754 0.068359 0.090820
0 0.235840 0.768066 0.047852 0.081055
0 0.441406 0.772461 0.046875 0.062500
0 0.445312 0.842773 0.078125 0.068359
0 0.642578 0.827637 0.066406 0.071289
0 0.699707 0.840820 0.053711 0.058594
0 0.653809 0.888672 0.073242 0.062500
0 0.717773 0.895020 0.074219 0.055664
0 0.623047 0.964355 0.093750 0.071289
0 0.833008 0.920410 0.062500 0.071289
0 0.292969 0.954102 0.082031 0.091797
0 0.729004 0.614746 0.071289 0.075195
0 0.581055 0.372559 0.074219 0.077148
0 0.291016 0.958008 0.183594 0.083984
