0 0.058105 0.364258 0.090820 0.103516
0 0.665039 0.373535 0.093750 0.071289
0 0.028809 0.308105 0.057617 0.110352
0 0.196289 0.813965 0.085938 0.067383
0 0.477051 0.177246 0.161133 0.127930
0 0.097656 0.021484 0.054688 0.042969
0 0.697754 0.315918 0.094727 0.100586
0 0.646484 0.556641 0.132812 0.089844
0 0.360840 0.590820 0.104492 0.103516
0 0.402832 0.901367 0.127930 0.042969
0 0.141113 0.103516 0.079102 0.103516
0 0.025391 0.900391 0.050781 0.117188
0 0.619629 0.980469 0.065430 0.039062
0 0.145020 0.513672 0.114258 0.080078
0 0.484863 0.769531 0.079102 0.050781
0 0.777832 0.494141 0.079102 0.128906
0 0.206543 0.732422 0.090820 0.083984
0 0.392578 0.867676 0.115234 0.053711
0 0.061523 0.801758 0.074219 0.068359
0 0.035156 0.554688 0.068359 0.080078
0 0.031250 0.507812 0.062500 0.060547
0 0.626953 0.179199 0.058594 0.059570
0 0.027344 0.028320 0.050781 0.052734
0 0.614258 0.458008 0.146484 0.080078
0 0.703125 0.481445 0.062500 0.070312
0 0.456055 0.718750 0.066406 0.074219
