0 0.640625 0.683594 0.082031 0.072266
0 0.549805 0.434570 0.099609 0.074219
0 0.063477 0.941406 0.123047 0.070312
0 0.944824 0.383301 0.110352 0.137695
0 0.481934 0.744141 0.075195 0.080078
0 0.102539 0.211914 0.070312 0.072266
0 0.143555 0.532715 0.101562 0.084961
0 0.656738 0.413086 0.075195 0.087891
0 0.360840 0.670410 0.102539 0.147461
0 0.675781 0.208984 0.068359 0.101562
0 0.998535 0.517090 0.002930 0.104492
0 0.760742 0.839355 0.078125 0.084961
0 0.508301 0.379883 0.083008 0.080078
0 0.147461 0.283203 0.076172 0.128906
0 0.417969 0.784668 0.062500 0.051758
0 0.631836 0.563477 0.080078 0.072266
0 0.887207 0.664551 0.084961 0.065430
0 0.412109 0.309082 0.064453 0.084961
0 0.430664 0.105469 0.087891 0.136719
0 0.404785 0.588379 0.065430 0.102539
0 0.692871 0.841309 0.073242 0.077148
0 0.296387 0.817871 0.057617 0.071289
0 0.777344 0.530762 0.125000 0.153320
0 0.741211 0.261230 0.064453 0.077148
0 0.686035 0.604492 0.067383 0.074219
0 0.547363 0.633301 0.084961 0.083008
0 0.332031 0.496582 0.066406 0.067383
0 0.909180 0.708496 0.115234 0.106445
0 0.346680 0.071777 0.046875 0.100586
0 0.298828 0.057129 0.068359 0.106445
0 0.388672 0.077637 0.052734 0.112305
