0 0.349121 0.062500 0.129883 0.125000
0 0.483398 0.502930 0.087891 0.097656
0 0.895508 0.890625 0.087891 0.142578
0 0.599609 0.498047 0.109375 0.162109
0 0.397461 0.260742 0.169922 0.181641
0 0.962891 0.542480 0.074219 0.182617
0 0.178223 0.332031 0.131836 0.195312
0 0.912109 0.034668 0.144531 0.069336
0 0.297363 0.829590 0.120117 0.235352
0 0.675781 0.316895 0.117188 0.165039
0 0.509277 0.239746 0.139648 0.155273
0 0.585449 0.900879 0.112305 0.118164
0 0.882324 0.343262 0.075195 0.102539
0 0.694336 0.829590 0.240234 0.215820
0 0.503418 0.859863 0.077148 0.209961
0 0.854004 0.620605 0.077148 0.202148
0 0.080078 0.070312 0.087891 0.060547
0 0.969238 0.362793 0.061523 0.088867
0 0.972168 0.311523 0.053711 0.064453
0 0.083008 0.510742 0.107422 0.126953
0 0.592285 0.194824 0.075195 0.094727
0 0.410645 0.906250 0.084961 0.187500
0 0.727051 0.229492 0.135742 0.250000
0 0.776855 0.124512 0.104492 0.075195
0 0.197266 0.501953 0.105469 0.199219
0 0.086914 0.723145 0.169922 0.381836
0 0.189453 0.900879 0.109375 0.198242
0 0.059570 0.320801 0.115234 0.102539
0 0.227051 0.758301 0.084961 0.202148
0 0.504883 0.731934 0.134766 0.100586
0 0.252930 0.405762 0.107422 0.112305
0 0.199707 0.664551 0.075195 0.135742
0 0.239258 0.550781 0.070312 0.177734
0 0.545410 0.648438 0.147461 0.187500
0 0.645996 0.508301 0.147461 0.198242
0 0.880859 0.978516 0.062500 0.042969
0 0.718262 0.202148 0.083008 0.240234
0 0.967285 0.282715 0.063477 0.083008
0 0.026367 0.121094 0.052734 0.097656
0 0.070312 0.956543 0.072266 0.086914
0 0.020508 0.945801 0.037109 0.108398
0 0.370605 0.878418 0.047852 0.147461
0 0.110352 0.514648 0.107422 0.060547
0 0.115723 0.756836 0.067383 0.125000
0 0.174805 0.275879 0.089844 0.166992
0 0.903320 0.298340 0.052734 0.073242
