0 0.155762 0.500977 0.096680 0.126953
0 0.156738 0.019531 0.110352 0.039062
0 0.321777 0.498535 0.110352 0.157227
0 0.034668 0.198242 0.069336 0.072266
0 0.533203 0.205566 0.087891 0.067383
0 0.899414 0.738281 0.185547 0.082031
0 0.166992 0.761230 0.072266 0.127930
0 0.643066 0.437988 0.102539 0.094727
0 0.709473 0.498047 0.069336 0.072266
0 0.668457 0.027344 0.077148 0.054688
0 0.692383 0.745605 0.080078 0.092773
0 0.674316 0.835938 0.084961 0.078125
0 0.050293 0.870605 0.090820 0.202148
0 0.760742 0.202148 0.082031 0.080078
0 0.424805 0.854492 0.070312 0.089844
0 0.734863 0.333496 0.155273 0.112305
0 0.916016 0.393066 0.097656 0.077148
0 0.296875 0.631836 0.080078 0.134766
0 0.457031 0.568359 0.074219 0.082031
0 0.935547 0.482910 0.107422 0.102539
0 0.489746 0.331055 0.110352 0.072266
0 0.267090 0.340332 0.077148 0.112305
0 0.881836 0.894531 0.089844 0.130859
0 0.524414 0.038574 0.089844 0.077148
0 0.182129 0.195801 0.180664 0.122070
0 0.454590 0.375977 0.149414 0.087891
0 0.795410 0.518066 0.067383 0.067383
0 0.480957 0.113281 0.067383 0.062500
0 0.062500 0.068359 0.125000 0.117188
0 0.416992 0.098145 0.070312 0.083008
0 0.712402 0.940430 0.075195 0.072266
0 0.589355 0.093262 0.084961 0.096680
0 0.953613 0.222168 0.067383 0.059570
0 0.354492 0.162109 0.064453 0.064453
0 0.848145 0.585938 0.112305 0.107422
0 0.233398 0.949707 0.097656 0.094727
0 0.758301 0.401855 0.092773 0.075195
0 0.852051 0.125488 0.090820 0.092773
0 0.811035 0.830566 0.077148 0.077148
0 0.965820 0.314453 0.068359 0.134766
0 0.000977 0.968262 0.001953 0.057617
0 0.108398 0.085938 0.152344 0.078125
0 0.971191 0.058105 0.057617 0.077148
0 0.278320 0.193359 0.052734 0.078125
0 0.524902 0.289551 0.084961 0.069336
0 0.376953 0.605957 0.060547 0.067383
0 0.879395 0.783203 0.184570 0.082031
0 0.012695 0.667480 0.025391 0.116211
