0 0.040527 0.160645 0.081055 0.084961
0 0.058105 0.237305 0.067383 0.091797
0 0.064941 0.345703 0.059570 0.054688
0 0.052734 0.303711 0.095703 0.074219
0 0.062012 0.529297 0.104492 0.111328
0 0.031738 0.739746 0.063477 0.096680
0 0.081543 0.716797 0.069336 0.132812
0 0.138184 0.751953 0.061523 0.115234
0 0.271484 0.709961 0.111328 0.123047
0 0.131836 0.580078 0.136719 0.076172
0 0.206055 0.430176 0.111328 0.067383
0 0.206543 0.197754 0.059570 0.077148
0 0.230957 0.135254 0.073242 0.065430
0 0.221191 0.029785 0.071289 0.059570
0 0.413574 0.020020 0.083008 0.040039
0 0.551270 0.113281 0.124023 0.091797
0 0.701172 0.101562 0.107422 0.109375
0 0.842285 0.060547 0.096680 0.103516
0 0.804199 0.233398 0.051758 0.134766
0 0.881348 0.249512 0.083008 0.079102
0 0.462402 0.222656 0.098633 0.052734
0 0.535645 0.295898 0.069336 0.087891
0 0.832520 0.384277 0.083008 0.077148
0 0.791016 0.453125 0.064453 0.085938
0 0.957031 0.431641 0.085938 0.119141
0 0.329102 0.237793 0.056641 0.122070
0 0.387207 0.413086 0.084961 0.119141
0 0.349609 0.508301 0.072266 0.075195
0 0.375977 0.818848 0.066406 0.143555
0 0.112305 0.946289 0.066406 0.070312
0 0.097168 0.921387 0.061523 0.102539
0 0.924316 0.936035 0.114258 0.127930
0 0.778320 0.841797 0.121094 0.117188
0 0.911621 0.787109 0.061523 0.085938
0 0.694336 0.704102 0.093750 0.111328
0 0.647461 0.688965 0.095703 0.065430
0 0.623047 0.801270 0.105469 0.100586
0 0.530273 0.888672 0.056641 0.054688
0 0.467285 0.782227 0.094727 0.076172
0 0.957520 0.658203 0.084961 0.082031
0 0.892578 0.600586 0.078125 0.087891
0 0.507812 0.462402 0.085938 0.073242
0 0.882812 0.848633 0.050781 0.052734
