0 0.095703 0.459961 0.042969 0.142578
0 0.498535 0.347168 0.043945 0.094727
0 0.026855 0.502930 0.028320 0.078125
0 0.496582 0.154785 0.026367 0.096680
0 0.131836 0.162109 0.058594 0.125000
0 0.291992 0.621094 0.048828 0.109375
0 0.584473 0.242676 0.057617 0.049805
0 0.917969 0.423828 0.064453 0.042969
0 0.944824 0.206055 0.024414 0.082031
0 0.564941 0.118164 0.053711 0.052734
0 0.779297 0.281738 0.025391 0.057617
0 0.398438 0.321289 0.064453 0.048828
0 0.930176 0.893066 0.059570 0.040039
0 0.266602 0.528320 0.062500 0.054688
0 0.087402 0.235840 0.047852 0.051758
0 0.750488 0.255371 0.026367 0.075195
0 0.436523 0.529785 0.080078 0.043945
0 0.931641 0.208984 0.037109 0.080078
0 0.571777 0.423828 0.083008 0.044922
0 0.475586 0.665527 0.056641 0.049805
0 0.890137 0.488281 0.026367 0.052734
0 0.568848 0.527832 0.088867 0.032227
0 0.791992 0.769043 0.054688 0.061523
0 0.895508 0.154785 0.060547 0.063477
0 0.816406 0.323242 0.039062 0.089844
0 0.128076 0.702393 0.079980 0.042871
0 0.250000 0.570801 0.111328 0.045898
0 0.782715 0.620117 0.030273 0.054688
0 0.096680 0.275879 0.037109 0.036133
0 0.685547 0.198242 0.039062 0.060547
0 0.779785 0.506836 0.043945 0.052734
0 0.775879 0.324219 0.098633 0.083984
0 0.576172 0.916016 0.041016 0.041016
0 0.886230 0.537598 0.038086 0.057617
0 0.826660 0.571289 0.043945 0.037109
0 0.560059 0.538086 0.081055 0.037109
0 0.460938 0.179199 0.050781 0.055664
0 0.852539 0.499512 0.029297 0.075195
0 0.861328 0.330566 0.046875 0.047852
0 0.360352 0.943848 0.070312 0.026367
0 0.558105 0.053711 0.041992 0.029297
0 0.541016 0.486328 0.050781 0.064453
0 0.175293 0.072754 0.047852 0.024414
0 0.354980 0.965820 0.071289 0.029297
0 0.097656 0.419434 0.039062 0.084961
0 0.438477 0.708008 0.117188 0.052734
0 0.549316 0.761719 0.075195 0.070312
0 0.238281 0.906250 0.072266 0.060547
0 0.217773 0.806152 0.064453 0.055664
0 0.724121 0.483887 0.086914 0.073242
0 0.391602 0.846191 0.056641 0.041992
0 0.269043 0.851074 0.065430 0.071289
0 0.513184 0.823730 0.051758 0.041992
0 0.546387 0.846680 0.053711 0.031250
0 0.503418 0.874023 0.077148 0.062500
0 0.456543 0.879883 0.065430 0.042969
0 0.933105 0.514160 0.028320 0.032227
