0 0.782227 0.560547 0.115234 0.097656
0 0.705566 0.409668 0.090820 0.098633
0 0.295898 0.311035 0.164062 0.084961
0 0.673340 0.542969 0.065430 0.080078
0 0.813477 0.439453 0.126953 0.099609
0 0.255371 0.645020 0.127930 0.108398
0 0.060547 0.998535 0.097656 0.002930
0 0.036133 0.805664 0.072266 0.107422
0 0.684570 0.781738 0.117188 0.075195
0 0.800781 0.885742 0.154297 0.134766
0 0.794434 0.213379 0.143555 0.120117
0 0.095703 0.313477 0.097656 0.082031
0 0.029785 0.426758 0.059570 0.115234
0 0.641602 0.146484 0.070312 0.070312
0 0.871582 0.092773 0.118164 0.126953
0 0.779785 0.335449 0.116211 0.086914
0 0.722168 0.109863 0.075195 0.059570
0 0.085938 0.420410 0.078125 0.086914
0 0.034180 0.146484 0.068359 0.132812
