0 0.691895 0.754395 0.149414 0.075195
0 0.751953 0.585449 0.097656 0.092773
0 0.470703 0.979492 0.097656 0.041016
0 0.484863 0.727539 0.116211 0.054688
0 0.339355 0.695312 0.100586 0.048828
0 0.439453 0.461914 0.107422 0.087891
0 0.299316 0.114258 0.061523 0.097656
0 0.073242 0.724121 0.078125 0.071289
0 0.682617 0.306641 0.089844 0.082031
0 0.395508 0.032227 0.107422 0.060547
0 0.433105 0.834473 0.083008 0.047852
0 0.388672 0.813965 0.097656 0.053711
0 0.086914 0.795898 0.070312 0.078125
0 0.156738 0.427734 0.055664 0.076172
0 0.364746 0.982910 0.090820 0.034180
0 0.801270 0.032227 0.057617 0.060547
0 0.299805 0.260742 0.070312 0.107422
