0 0.206543 0.273438 0.102539 0.101562
0 0.160156 0.210938 0.136719 0.058594
0 0.160156 0.175293 0.148438 0.065430
0 0.070312 0.166992 0.050781 0.117188
0 0.220215 0.031738 0.061523 0.063477
0 0.164062 0.025391 0.082031 0.050781
0 0.493652 0.153320 0.053711 0.130859
0 0.434082 0.216797 0.071289 0.132812
0 0.538574 0.239746 0.053711 0.178711
0 0.638672 0.295410 0.097656 0.057617
0 0.725586 0.069824 0.072266 0.090820
0 0.876953 0.125977 0.082031 0.062500
0 0.776855 0.333496 0.063477 0.108398
0 0.650391 0.379395 0.048828 0.051758
0 0.907227 0.246094 0.091797 0.083984
0 0.926270 0.409180 0.102539 0.076172
0 0.096191 0.741211 0.090820 0.050781
0 0.176270 0.729004 0.120117 0.079102
0 0.183105 0.656250 0.098633 0.066406
0 0.258789 0.578125 0.144531 0.076172
0 0.289551 0.463379 0.127930 0.071289
0 0.218750 0.500977 0.117188 0.078125
0 0.439941 0.507812 0.061523 0.117188
0 0.474121 0.645020 0.124023 0.065430
0 0.559570 0.613281 0.166016 0.117188
0 0.689941 0.585449 0.065430 0.096680
0 0.585449 0.453613 0.067383 0.077148
0 0.710449 0.738770 0.081055 0.120117
0 0.658691 0.807129 0.047852 0.135742
0 0.625977 0.799316 0.060547 0.094727
0 0.440430 0.834961 0.160156 0.080078
0 0.519043 0.749512 0.124023 0.067383
0 0.271484 0.789062 0.107422 0.070312
0 0.300293 0.673340 0.092773 0.075195
0 0.740723 0.936523 0.065430 0.126953
0 0.599121 0.969238 0.073242 0.061523
0 0.446777 0.957520 0.135742 0.084961
0 0.322754 0.949219 0.067383 0.091797
0 0.036133 0.878418 0.048828 0.083008
0 0.172363 0.921387 0.104492 0.057617
0 0.063965 0.665527 0.055664 0.053711
0 0.340820 0.272949 0.056641 0.096680
0 0.745117 0.084961 0.039062 0.072266
0 0.942871 0.824219 0.061523 0.066406
0 0.040527 0.521484 0.059570 0.052734
0 0.214844 0.448730 0.068359 0.051758
0 0.478027 0.245117 0.051758 0.074219
0 0.881836 0.497070 0.044922 0.023438
