0 0.525879 0.010254 0.133789 0.020508
0 0.696289 0.207031 0.097656 0.076172
0 0.532227 0.144531 0.115234 0.109375
0 0.612305 0.204590 0.093750 0.063477
0 0.429199 0.166992 0.127930 0.076172
0 0.491699 0.260254 0.092773 0.071289
0 0.311035 0.255371 0.092773 0.096680
0 0.274414 0.248535 0.068359 0.043945
0 0.235840 0.283691 0.100586 0.049805
0 0.270508 0.318848 0.095703 0.057617
0 0.312012 0.377441 0.147461 0.079102
0 0.187012 0.392090 0.067383 0.188477
0 0.095703 0.361816 0.142578 0.075195
0 0.064941 0.327637 0.084961 0.209961
0 0.091797 0.196777 0.070312 0.055664
0 0.603516 0.329590 0.123047 0.059570
0 0.572266 0.371582 0.150391 0.071289
0 0.488770 0.464355 0.086914 0.069336
0 0.851562 0.423340 0.171875 0.145508
0 0.816406 0.403809 0.154297 0.127930
0 0.869141 0.261230 0.111328 0.049805
0 0.991211 0.391602 0.017578 0.080078
0 0.783691 0.674805 0.067383 0.091797
0 0.773438 0.876953 0.066406 0.105469
0 0.625488 0.740723 0.174805 0.075195
0 0.439453 0.734863 0.111328 0.098633
0 0.405762 0.666016 0.069336 0.050781
0 0.307129 0.684082 0.096680 0.057617
0 0.219727 0.732910 0.156250 0.067383
0 0.031250 0.691406 0.058594 0.111328
0 0.057617 0.782227 0.115234 0.062500
0 0.252441 0.849609 0.163086 0.115234
0 0.326660 0.937012 0.081055 0.112305
0 0.415527 0.946777 0.086914 0.106445
0 0.482422 0.840820 0.080078 0.068359
0 0.167480 0.947266 0.090820 0.095703
0 0.037109 0.905273 0.062500 0.189453
0 0.118652 0.831055 0.092773 0.078125
0 0.052734 0.670410 0.105469 0.104492
0 0.978516 0.457031 0.042969 0.044922
