0 0.918945 0.737305 0.119141 0.070312
0 0.798340 0.101074 0.127930 0.081055
0 0.867676 0.527832 0.135742 0.083008
0 0.762207 0.324707 0.086914 0.059570
0 0.875977 0.403320 0.126953 0.062500
0 0.659668 0.428223 0.124023 0.075195
0 0.206055 0.998535 0.072266 0.002930
0 0.792969 0.669922 0.109375 0.060547
0 0.939453 0.680664 0.115234 0.078125
0 0.949707 0.357910 0.100586 0.102539
0 0.748047 0.274414 0.082031 0.099609
0 0.950684 0.196777 0.086914 0.084961
0 0.959961 0.066406 0.078125 0.099609
0 0.969727 0.872559 0.060547 0.059570
