0 0.033691 0.041016 0.067383 0.082031
0 0.193848 0.120605 0.057617 0.057617
0 0.187012 0.189941 0.059570 0.069336
0 0.033203 0.217773 0.066406 0.078125
0 0.148926 0.469727 0.084961 0.140625
0 0.156250 0.590332 0.058594 0.069336
0 0.142090 0.665527 0.069336 0.067383
0 0.327637 0.463867 0.094727 0.080078
0 0.433105 0.512207 0.069336 0.090820
0 0.522949 0.506348 0.065430 0.079102
0 0.541504 0.326660 0.071289 0.079102
0 0.655273 0.528320 0.066406 0.091797
0 0.564941 0.635254 0.065430 0.106445
0 0.062988 0.833008 0.061523 0.078125
0 0.141113 0.939453 0.079102 0.121094
0 0.328613 0.975586 0.077148 0.048828
0 0.483887 0.967773 0.073242 0.064453
0 0.604980 0.940918 0.061523 0.055664
0 0.547363 0.846680 0.077148 0.072266
0 0.480957 0.737793 0.051758 0.053711
0 0.433105 0.825684 0.051758 0.079102
0 0.322754 0.769043 0.065430 0.092773
0 0.404297 0.733887 0.054688 0.077148
0 0.666504 0.797363 0.096680 0.081055
0 0.830078 0.645020 0.097656 0.069336
0 0.730957 0.522461 0.090820 0.068359
0 0.864258 0.535156 0.078125 0.101562
0 0.884277 0.970215 0.075195 0.059570
0 0.945801 0.900391 0.069336 0.066406
0 0.878418 0.831055 0.096680 0.101562
0 0.916016 0.702148 0.082031 0.074219
0 0.958984 0.614746 0.068359 0.057617
0 0.975586 0.515625 0.048828 0.085938
0 0.976562 0.369629 0.046875 0.083008
0 0.864258 0.176270 0.083984 0.108398
0 0.920898 0.123535 0.087891 0.079102
0 0.744629 0.045410 0.067383 0.077148
0 0.617676 0.026855 0.063477 0.053711
0 0.552246 0.094727 0.071289 0.078125
0 0.424316 0.098633 0.077148 0.085938
0 0.854004 0.463867 0.063477 0.101562
0 0.780273 0.496582 0.074219 0.083008
0 0.904297 0.290039 0.058594 0.066406
0 0.787598 0.181152 0.079102 0.149414
0 0.210938 0.985840 0.082031 0.028320
