0 0.165527 0.722656 0.067383 0.097656
0 0.434082 0.145020 0.071289 0.069336
0 0.704102 0.971191 0.097656 0.057617
0 0.875000 0.666992 0.097656 0.068359
0 0.783691 0.116211 0.084961 0.074219
0 0.967773 0.151855 0.064453 0.073242
0 0.052734 0.633789 0.050781 0.109375
0 0.345703 0.534180 0.097656 0.050781
0 0.886230 0.950684 0.100586 0.094727
0 0.154785 0.860840 0.118164 0.055664
0 0.938965 0.501953 0.108398 0.087891
0 0.975586 0.124023 0.048828 0.048828
0 0.723145 0.913574 0.061523 0.051758
0 0.055664 0.479980 0.109375 0.067383
0 0.809570 0.966309 0.056641 0.061523
0 0.968262 0.823242 0.059570 0.062500
0 0.430176 0.528809 0.100586 0.063477
0 0.238770 0.827637 0.088867 0.034180
0 0.840332 0.126953 0.043945 0.076172
0 0.687988 0.527344 0.124023 0.041016
0 0.218262 0.184570 0.120117 0.041016
0 0.048828 0.973633 0.093750 0.052734
0 0.762695 0.429688 0.078125 0.033203
0 0.167969 0.982910 0.048828 0.034180
0 0.742188 0.375977 0.123047 0.039062
0 0.420898 0.924316 0.128906 0.047852
0 0.214355 0.233398 0.106445 0.035156
0 0.346680 0.459473 0.078125 0.049805
0 0.054688 0.245117 0.109375 0.033203
0 0.604492 0.436523 0.099609 0.060547
0 0.629883 0.026855 0.050781 0.045898
0 0.437012 0.386719 0.069336 0.048828
0 0.514160 0.556152 0.055664 0.030273
0 0.268555 0.465332 0.054688 0.057617
0 0.676270 0.637695 0.092773 0.046875
0 0.929688 0.739258 0.089844 0.105469
0 0.650391 0.145508 0.037109 0.076172
0 0.176758 0.041992 0.126953 0.080078
0 0.833496 0.561035 0.133789 0.047852
0 0.464355 0.790527 0.131836 0.036133
0 0.303223 0.954102 0.086914 0.044922
0 0.434570 0.287598 0.083984 0.053711
0 0.812988 0.468262 0.075195 0.041992
0 0.708496 0.499512 0.077148 0.034180
0 0.555664 0.279297 0.058594 0.029297
0 0.640137 0.188965 0.067383 0.032227
0 0.744629 0.623047 0.051758 0.035156
0 0.494141 0.029297 0.064453 0.058594
0 0.855469 0.205566 0.056641 0.038086
0 0.207031 0.946289 0.109375 0.033203
0 0.235840 0.023926 0.102539 0.047852
0 0.798828 0.989746 0.044922 0.020508
0 0.221191 0.456055 0.069336 0.054688
0 0.848145 0.242188 0.067383 0.039062
0 0.881348 0.632324 0.049805 0.073242
0 0.710938 0.831055 0.146484 0.070312
0 0.226562 0.496094 0.089844 0.027344
0 0.898438 0.135742 0.058594 0.058594
0 0.557617 0.247559 0.031250 0.061523
0 0.388184 0.331543 0.067383 0.061523
0 0.472168 0.039062 0.045898 0.054688
0 0.446777 0.258301 0.063477 0.041992
0 0.443848 0.488770 0.116211 0.034180
0 0.323242 0.306152 0.091797 0.053711
0 0.070801 0.916504 0.090820 0.036133
0 0.230957 0.151855 0.057617 0.028320
0 0.159668 0.553711 0.211914 0.041016
0 0.529785 0.330566 0.040039 0.057617
0 0.251953 0.784180 0.062500 0.015625
0 0.691895 0.189453 0.061523 0.062500
0 0.338867 0.011719 0.076172 0.023438
0 0.200195 0.534668 0.144531 0.038086
0 0.091797 0.662598 0.046875 0.028320
0 0.338867 0.498535 0.070312 0.026367
0 0.846191 0.275391 0.073242 0.041016
0 0.027832 0.879395 0.055664 0.063477
0 0.539551 0.074707 0.045898 0.071289
0 0.636230 0.972656 0.088867 0.035156
0 0.051270 0.239746 0.098633 0.071289
0 0.429199 0.421875 0.108398 0.052734
0 0.038086 0.547852 0.074219 0.048828
0 0.251953 0.909180 0.078125 0.033203
0 0.207520 0.093262 0.079102 0.045898
0 0.772461 0.850098 0.080078 0.053711
0 0.276367 0.804199 0.140625 0.020508
0 0.643555 0.800781 0.046875 0.048828
0 0.849121 0.860352 0.116211 0.048828
0 0.765137 0.725098 0.063477 0.094727
0 0.423828 0.889160 0.050781 0.036133
0 0.428223 0.925781 0.137695 0.044922
0 0.905273 0.918457 0.056641 0.038086
0 0.981445 0.975098 0.035156 0.047852
0 0.441406 0.508301 0.117188 0.041992
0 0.596680 0.494141 0.068359 0.054688
0 0.658203 0.542969 0.087891 0.037109
