0 0.175781 0.964355 0.125000 0.061523
0 0.448730 0.954590 0.106445 0.071289
0 0.310547 0.690918 0.136719 0.083008
0 0.171387 0.658691 0.071289 0.053711
0 0.497559 0.613770 0.081055 0.075195
0 0.558105 0.507324 0.090820 0.053711
0 0.724121 0.614746 0.081055 0.069336
0 0.823242 0.750000 0.224609 0.113281
0 0.604492 0.710449 0.097656 0.083008
0 0.960449 0.912109 0.079102 0.144531
0 0.946777 0.528320 0.075195 0.142578
0 0.919922 0.198242 0.136719 0.089844
0 0.098633 0.082031 0.125000 0.103516
0 0.976074 0.060547 0.047852 0.083984
