0 0.845703 0.258301 0.064453 0.073242
0 0.757812 0.228516 0.058594 0.058594
0 0.682617 0.170410 0.042969 0.051758
0 0.632324 0.165527 0.045898 0.067383
0 0.565430 0.084961 0.056641 0.054688
0 0.481445 0.069824 0.085938 0.102539
0 0.929199 0.037598 0.061523 0.067383
0 0.850586 0.047363 0.066406 0.073242
0 0.497559 0.018555 0.100586 0.037109
0 0.401367 0.104492 0.064453 0.066406
0 0.358887 0.242676 0.063477 0.063477
0 0.166992 0.152344 0.085938 0.064453
0 0.217773 0.016602 0.093750 0.033203
0 0.111328 0.068359 0.070312 0.066406
0 0.166992 0.249512 0.056641 0.067383
0 0.268066 0.375977 0.069336 0.066406
0 0.468750 0.367188 0.060547 0.050781
0 0.495605 0.291016 0.067383 0.064453
0 0.619629 0.375488 0.073242 0.108398
0 0.672363 0.418457 0.069336 0.057617
0 0.837891 0.378906 0.058594 0.066406
0 0.898438 0.416016 0.080078 0.056641
0 0.826660 0.504883 0.069336 0.074219
0 0.971191 0.488770 0.057617 0.079102
0 0.078613 0.386230 0.083008 0.065430
0 0.096680 0.467285 0.070312 0.057617
0 0.332031 0.514648 0.058594 0.058594
0 0.400879 0.574219 0.059570 0.064453
0 0.466797 0.601562 0.052734 0.056641
0 0.533691 0.587891 0.075195 0.062500
0 0.656738 0.640625 0.100586 0.076172
0 0.515625 0.663086 0.056641 0.054688
0 0.365723 0.631348 0.061523 0.043945
0 0.534668 0.759277 0.069336 0.065430
0 0.680176 0.693359 0.083008 0.050781
0 0.737793 0.813965 0.053711 0.057617
0 0.822266 0.799805 0.056641 0.062500
0 0.895508 0.739258 0.076172 0.076172
0 0.825684 0.616699 0.061523 0.049805
0 0.933105 0.666992 0.059570 0.056641
0 0.982910 0.736328 0.034180 0.080078
0 0.956055 0.909668 0.082031 0.083008
0 0.855957 0.895508 0.090820 0.091797
0 0.939453 0.969238 0.060547 0.061523
0 0.684570 0.908203 0.076172 0.056641
0 0.665527 0.972168 0.053711 0.055664
0 0.590332 0.982910 0.065430 0.034180
0 0.459961 0.955078 0.066406 0.058594
0 0.376465 0.943848 0.053711 0.051758
0 0.290527 0.849121 0.061523 0.057617
0 0.055664 0.757324 0.078125 0.061523
0 0.123535 0.712402 0.065430 0.053711
0 0.157227 0.623047 0.083984 0.066406
0 0.079590 0.643555 0.063477 0.056641
0 0.027344 0.576172 0.054688 0.060547
0 0.109375 0.944336 0.082031 0.064453
0 0.190918 0.883301 0.084961 0.065430
0 0.198242 0.963867 0.091797 0.072266
0 0.975586 0.585938 0.048828 0.050781
0 0.648926 0.235840 0.065430 0.057617
0 0.694824 0.302734 0.061523 0.056641
0 0.540527 0.150879 0.047852 0.055664
0 0.683594 0.753906 0.062500 0.062500
0 0.282715 0.943848 0.092773 0.065430
0 0.114258 0.679688 0.052734 0.041016
