0 0.162109 0.217773 0.072266 0.087891
0 0.222168 0.263672 0.055664 0.058594
0 0.398926 0.224121 0.090820 0.096680
0 0.107422 0.516602 0.078125 0.158203
0 0.214355 0.627930 0.090820 0.076172
0 0.118652 0.706543 0.108398 0.081055
0 0.204590 0.691895 0.055664 0.055664
0 0.264648 0.687500 0.070312 0.083984
0 0.218262 0.753418 0.108398 0.065430
0 0.049316 0.840820 0.098633 0.097656
0 0.209473 0.917480 0.086914 0.118164
0 0.397461 0.829102 0.105469 0.072266
0 0.484375 0.693848 0.095703 0.055664
0 0.552734 0.741699 0.089844 0.051758
0 0.887695 0.176270 0.089844 0.125977
0 0.956055 0.192871 0.064453 0.075195
0 0.868164 0.446777 0.085938 0.145508
0 0.937988 0.296875 0.075195 0.062500
0 0.771973 0.707520 0.100586 0.077148
0 0.801270 0.767090 0.071289 0.067383
0 0.569336 0.210938 0.107422 0.068359
0 0.517090 0.275879 0.061523 0.057617
0 0.026367 0.735840 0.052734 0.086914
