0 0.018555 0.418457 0.037109 0.092773
0 0.046875 0.681641 0.085938 0.070312
0 0.134277 0.750977 0.100586 0.072266
0 0.079590 0.791992 0.071289 0.070312
0 0.034180 0.836426 0.068359 0.061523
0 0.300781 0.767090 0.095703 0.057617
0 0.336914 0.840332 0.105469 0.086914
0 0.309570 0.903809 0.095703 0.075195
0 0.291992 0.968750 0.076172 0.062500
0 0.227051 0.622559 0.073242 0.075195
0 0.358887 0.562500 0.084961 0.074219
0 0.100098 0.372070 0.059570 0.093750
0 0.418945 0.410156 0.066406 0.154297
0 0.407227 0.319824 0.066406 0.059570
0 0.528320 0.488281 0.072266 0.074219
0 0.626953 0.373047 0.072266 0.072266
0 0.478027 0.302246 0.065430 0.079102
0 0.471191 0.215820 0.104492 0.072266
0 0.527832 0.179199 0.069336 0.081055
0 0.743164 0.201660 0.087891 0.100586
0 0.120117 0.063477 0.078125 0.091797
0 0.212891 0.069336 0.099609 0.103516
0 0.670410 0.029297 0.112305 0.058594
0 0.765137 0.086914 0.077148 0.091797
0 0.839355 0.183594 0.145508 0.093750
0 0.982910 0.363281 0.034180 0.128906
0 0.627441 0.579102 0.090820 0.078125
0 0.664551 0.672363 0.083008 0.075195
0 0.489258 0.752930 0.062500 0.066406
0 0.685547 0.781250 0.076172 0.087891
0 0.810059 0.691406 0.077148 0.089844
0 0.954102 0.623535 0.072266 0.069336
0 0.793457 0.916992 0.071289 0.091797
0 0.621094 0.917480 0.095703 0.067383
0 0.580566 0.968262 0.057617 0.063477
0 0.526367 0.973145 0.062500 0.053711
0 0.902344 0.949219 0.060547 0.089844
0 0.751953 0.841797 0.062500 0.062500
0 0.021973 0.750488 0.043945 0.053711
0 0.043945 0.395996 0.072266 0.084961
0 0.871582 0.018066 0.077148 0.036133
0 0.437012 0.171875 0.047852 0.044922
0 0.479004 0.986328 0.041992 0.025391
0 0.028809 0.129883 0.032227 0.037109
0 0.014160 0.205566 0.028320 0.047852
0 0.988770 0.013184 0.022461 0.026367
0 0.912109 0.892578 0.058594 0.060547
0 0.478027 0.252441 0.045898 0.032227
0 0.336914 0.007812 0.044922 0.015625
0 0.148926 0.375977 0.026367 0.027344
