0 0.710938 0.332031 0.123047 0.095703
0 0.048340 0.075684 0.065430 0.067383
0 0.227051 0.360840 0.129883 0.102539
0 0.368164 0.162109 0.171875 0.099609
0 0.095703 0.244629 0.113281 0.104492
0 0.640137 0.608398 0.122070 0.117188
0 0.454590 0.544434 0.104492 0.094727
0 0.392090 0.895508 0.104492 0.117188
0 0.322266 0.029785 0.099609 0.059570
0 0.124512 0.744141 0.084961 0.070312
0 0.609375 0.028320 0.150391 0.056641
0 0.633301 0.824707 0.166992 0.104492
0 0.102051 0.582031 0.139648 0.089844
0 0.545898 0.121094 0.142578 0.117188
0 0.355469 0.573242 0.107422 0.068359
0 0.195801 0.519531 0.092773 0.085938
0 0.024902 0.112305 0.049805 0.044922
