0 0.899902 0.750488 0.047852 0.086914
0 0.330566 0.128418 0.051758 0.088867
0 0.836426 0.212891 0.051758 0.107422
0 0.719727 0.746582 0.042969 0.069336
0 0.127441 0.122559 0.063477 0.065430
0 0.555176 0.273438 0.057617 0.056641
0 0.401367 0.766113 0.062500 0.063477
0 0.064941 0.937012 0.026367 0.122070
0 0.674805 0.250977 0.048828 0.070312
0 0.264160 0.025391 0.071289 0.050781
0 0.147949 0.863281 0.059570 0.050781
0 0.123047 0.581055 0.074219 0.054688
0 0.734863 0.424316 0.075195 0.079102
0 0.007324 0.471680 0.014648 0.042969
0 0.391602 0.014160 0.058594 0.026367
0 0.116211 0.168945 0.039062 0.080078
0 0.655762 0.126953 0.026367 0.076172
0 0.285645 0.886719 0.067383 0.046875
0 0.745117 0.377441 0.054688 0.057617
0 0.324219 0.677734 0.048828 0.048828
0 0.412598 0.583008 0.049805 0.041016
0 0.789551 0.139648 0.045898 0.064453
0 0.310059 0.524902 0.053711 0.061523
0 0.399414 0.930176 0.042969 0.059570
0 0.349121 0.535645 0.053711 0.061523
0 0.221191 0.934570 0.073242 0.021484
0 0.872070 0.466309 0.046875 0.071289
0 0.923340 0.477051 0.047852 0.053711
0 0.979004 0.732910 0.036133 0.061523
0 0.472656 0.893066 0.066406 0.041992
0 0.489746 0.799316 0.040039 0.055664
0 0.845703 0.563965 0.046875 0.059570
0 0.565430 0.554688 0.046875 0.060547
0 0.014648 0.924805 0.029297 0.029297
0 0.290039 0.602539 0.029297 0.062500
0 0.129883 0.981934 0.058594 0.018555
0 0.363281 0.852051 0.037109 0.041992
0 0.330078 0.110352 0.058594 0.064453
0 0.330078 0.263184 0.058594 0.043945
0 0.503418 0.435547 0.045898 0.052734
0 0.243652 0.429688 0.063477 0.046875
0 0.776855 0.933594 0.030273 0.052734
0 0.685547 0.639648 0.039062 0.023438
0 0.557129 0.611816 0.079102 0.049805
0 0.696289 0.146973 0.046875 0.065430
0 0.729980 0.357910 0.038086 0.084961
0 0.483887 0.710938 0.059570 0.037109
0 0.532715 0.758301 0.053711 0.047852
0 0.846680 0.670410 0.041016 0.043945
0 0.715332 0.449219 0.040039 0.046875
0 0.571289 0.912109 0.046875 0.050781
0 0.700684 0.900879 0.045898 0.043945
0 0.310547 0.935059 0.052734 0.028320
0 0.096191 0.864258 0.049805 0.031250
0 0.813477 0.635254 0.033203 0.047852
