0 0.121582 0.233887 0.063477 0.061523
0 0.202148 0.221680 0.074219 0.066406
0 0.154785 0.292480 0.098633 0.065430
0 0.251465 0.393066 0.067383 0.088867
0 0.306152 0.406250 0.073242 0.085938
0 0.385254 0.423340 0.102539 0.059570
0 0.043457 0.407715 0.075195 0.088867
0 0.138184 0.803711 0.051758 0.068359
0 0.091797 0.947266 0.083984 0.105469
0 0.143066 0.925293 0.084961 0.106445
0 0.204590 0.982422 0.100586 0.035156
0 0.229004 0.891602 0.108398 0.111328
0 0.407715 0.952148 0.069336 0.095703
0 0.521973 0.932129 0.073242 0.077148
0 0.635254 0.944336 0.098633 0.101562
0 0.792969 0.961426 0.070312 0.077148
0 0.722656 0.841309 0.072266 0.061523
0 0.772949 0.715820 0.079102 0.109375
0 0.599609 0.706055 0.085938 0.134766
0 0.319824 0.613770 0.057617 0.098633
0 0.240723 0.542480 0.071289 0.124023
0 0.192383 0.479492 0.066406 0.083984
0 0.111328 0.425293 0.068359 0.075195
0 0.592285 0.529785 0.084961 0.053711
0 0.697266 0.560059 0.064453 0.067383
0 0.745605 0.577637 0.083008 0.075195
0 0.878418 0.545898 0.168945 0.097656
0 0.899414 0.515137 0.083984 0.055664
0 0.970215 0.662109 0.059570 0.115234
0 0.924805 0.385254 0.070312 0.098633
0 0.970215 0.402832 0.059570 0.071289
0 0.660645 0.316895 0.129883 0.067383
0 0.664062 0.371582 0.117188 0.075195
0 0.639648 0.450195 0.111328 0.097656
0 0.749512 0.445801 0.077148 0.055664
0 0.337402 0.034180 0.067383 0.068359
0 0.565918 0.036133 0.137695 0.072266
0 0.496094 0.061523 0.109375 0.080078
0 0.482910 0.150391 0.063477 0.109375
0 0.388184 0.202148 0.047852 0.060547
0 0.594727 0.211426 0.115234 0.059570
0 0.681641 0.226074 0.087891 0.051758
0 0.727539 0.108887 0.097656 0.075195
0 0.934082 0.034668 0.051758 0.069336
0 0.972168 0.119141 0.055664 0.062500
0 0.538574 0.291016 0.083008 0.052734
0 0.534180 0.346680 0.097656 0.082031
0 0.273926 0.798828 0.081055 0.074219
0 0.392090 0.804199 0.084961 0.114258
0 0.535645 0.577637 0.057617 0.063477
