0 0.074707 0.031250 0.079102 0.062500
0 0.048828 0.194336 0.074219 0.089844
0 0.212891 0.235352 0.103516 0.076172
0 0.262695 0.308105 0.125000 0.100586
0 0.497559 0.385254 0.096680 0.124023
0 0.650391 0.428223 0.126953 0.114258
0 0.750000 0.499023 0.156250 0.167969
0 0.835449 0.400391 0.159180 0.138672
0 0.848145 0.241211 0.067383 0.080078
0 0.791992 0.110840 0.144531 0.092773
0 0.905762 0.034180 0.090820 0.060547
0 0.025391 0.293945 0.050781 0.072266
0 0.135742 0.310547 0.097656 0.062500
0 0.373047 0.522949 0.121094 0.075195
0 0.427246 0.364258 0.086914 0.082031
0 0.433105 0.590820 0.079102 0.087891
0 0.602051 0.583496 0.088867 0.137695
0 0.112305 0.712402 0.132812 0.106445
0 0.043457 0.925293 0.086914 0.075195
0 0.123047 0.835449 0.080078 0.075195
0 0.249023 0.956543 0.097656 0.086914
0 0.343262 0.902344 0.079102 0.070312
0 0.602539 0.916992 0.121094 0.089844
0 0.674316 0.850586 0.073242 0.072266
0 0.871582 0.818848 0.139648 0.084961
0 0.972656 0.572754 0.054688 0.081055
0 0.782715 0.733887 0.077148 0.061523
0 0.572266 0.775391 0.062500 0.046875
