0 0.954590 0.219238 0.090820 0.065430
0 0.862793 0.221191 0.069336 0.061523
0 0.758789 0.161621 0.078125 0.063477
0 0.780762 0.251465 0.057617 0.065430
0 0.844727 0.329590 0.046875 0.047852
0 0.676758 0.294922 0.068359 0.064453
0 0.558105 0.248047 0.081055 0.085938
0 0.489258 0.252930 0.064453 0.076172
0 0.417480 0.187988 0.071289 0.055664
0 0.492188 0.102539 0.060547 0.091797
0 0.665039 0.081543 0.093750 0.079102
0 0.723145 0.052246 0.145508 0.069336
0 0.860352 0.110840 0.066406 0.055664
0 0.333008 0.117676 0.076172 0.047852
0 0.296387 0.167480 0.104492 0.051758
0 0.285156 0.196777 0.101562 0.063477
0 0.187500 0.267578 0.099609 0.056641
0 0.159668 0.344727 0.059570 0.046875
0 0.238281 0.386719 0.083984 0.052734
0 0.068848 0.185547 0.075195 0.107422
0 0.043945 0.245117 0.087891 0.062500
0 0.056641 0.112793 0.062500 0.071289
0 0.119141 0.071289 0.062500 0.080078
0 0.208008 0.071777 0.093750 0.081055
0 0.149902 0.020996 0.077148 0.041992
0 0.030762 0.036621 0.061523 0.073242
0 0.448242 0.302246 0.087891 0.057617
0 0.514160 0.329102 0.073242 0.054688
0 0.484863 0.605469 0.086914 0.066406
0 0.365723 0.628418 0.090820 0.065430
0 0.195312 0.578125 0.085938 0.048828
0 0.088867 0.614746 0.103516 0.067383
0 0.176758 0.712891 0.054688 0.046875
0 0.395020 0.697266 0.104492 0.058594
0 0.435547 0.654785 0.076172 0.055664
0 0.610352 0.748535 0.078125 0.061523
0 0.643066 0.660645 0.061523 0.059570
0 0.850586 0.516113 0.072266 0.075195
0 0.963379 0.570312 0.073242 0.062500
0 0.879883 0.696289 0.076172 0.058594
0 0.947754 0.756836 0.057617 0.062500
0 0.773438 0.802246 0.107422 0.081055
0 0.728027 0.737305 0.098633 0.083984
0 0.632812 0.821777 0.068359 0.065430
0 0.749512 0.870117 0.055664 0.058594
0 0.538574 0.891602 0.073242 0.068359
0 0.689941 0.971191 0.086914 0.057617
0 0.277832 0.839355 0.061523 0.065430
0 0.336426 0.826660 0.055664 0.034180
0 0.162598 0.810547 0.084961 0.046875
0 0.075195 0.830078 0.066406 0.054688
0 0.350098 0.930664 0.059570 0.058594
0 0.138184 0.945312 0.073242 0.054688
0 0.810547 0.594727 0.076172 0.050781
0 0.523438 0.730957 0.054688 0.047852
0 0.524414 0.641113 0.064453 0.051758
0 0.368652 0.854004 0.057617 0.038086
0 0.900391 0.833984 0.042969 0.048828
0 0.911133 0.634277 0.052734 0.043945
0 0.699707 0.883301 0.053711 0.043945
