0 0.353027 0.071777 0.196289 0.102539
0 0.477051 0.039062 0.083008 0.076172
0 0.547363 0.064941 0.073242 0.100586
0 0.625977 0.057617 0.072266 0.072266
0 0.824707 0.040527 0.083008 0.081055
0 0.748535 0.153320 0.079102 0.074219
0 0.624512 0.255859 0.102539 0.074219
0 0.385254 0.181641 0.084961 0.058594
0 0.231445 0.250000 0.097656 0.062500
0 0.072754 0.159180 0.063477 0.076172
0 0.408203 0.261719 0.089844 0.062500
0 0.412109 0.324707 0.107422 0.088867
0 0.244141 0.341309 0.183594 0.084961
0 0.199219 0.453613 0.115234 0.168945
0 0.238281 0.519531 0.175781 0.140625
0 0.061035 0.582520 0.088867 0.114258
0 0.770996 0.344727 0.120117 0.162109
0 0.981934 0.355469 0.036133 0.068359
0 0.956055 0.218262 0.083984 0.086914
0 0.819824 0.178223 0.116211 0.096680
0 0.992188 0.271484 0.015625 0.068359
0 0.524902 0.649902 0.092773 0.100586
0 0.365234 0.663086 0.105469 0.074219
0 0.291016 0.742188 0.144531 0.103516
0 0.150391 0.793945 0.101562 0.072266
0 0.045898 0.788086 0.068359 0.054688
0 0.030273 0.692871 0.060547 0.069336
0 0.442383 0.805176 0.166016 0.090820
0 0.492188 0.847168 0.113281 0.073242
0 0.613281 0.923828 0.144531 0.121094
0 0.608887 0.732422 0.118164 0.074219
0 0.824219 0.741211 0.082031 0.083984
0 0.892578 0.703125 0.113281 0.093750
0 0.905762 0.555176 0.098633 0.088867
0 0.953125 0.802734 0.068359 0.062500
0 0.894531 0.822754 0.054688 0.075195
0 0.827637 0.895996 0.084961 0.075195
0 0.794434 0.869141 0.073242 0.064453
0 0.762695 0.813477 0.068359 0.052734
0 0.160645 0.914551 0.057617 0.055664
0 0.109375 0.864258 0.125000 0.068359
0 0.276855 0.225098 0.120117 0.053711
0 0.548828 0.234375 0.085938 0.134766
0 0.509766 0.116699 0.085938 0.127930
0 0.480469 0.790527 0.097656 0.069336
0 0.138672 0.734375 0.099609 0.080078
0 0.195312 0.214844 0.126953 0.085938
0 0.766113 0.317383 0.108398 0.119141
0 0.517578 0.238770 0.089844 0.112305
0 0.540527 0.474609 0.135742 0.066406
