0 0.901367 0.845703 0.101562 0.060547
0 0.923340 0.463379 0.065430 0.067383
0 0.295410 0.295898 0.067383 0.117188
0 0.714355 0.488770 0.081055 0.083008
0 0.292480 0.481445 0.106445 0.068359
0 0.790039 0.210938 0.109375 0.101562
0 0.129883 0.894531 0.083984 0.091797
0 0.707031 0.332031 0.105469 0.125000
0 0.409668 0.362305 0.165039 0.134766
0 0.678711 0.797852 0.054688 0.042969
0 0.441406 0.600586 0.117188 0.072266
0 0.245605 0.728516 0.102539 0.097656
0 0.131348 0.114258 0.079102 0.091797
0 0.767578 0.109375 0.064453 0.062500
0 0.032715 0.564941 0.049805 0.071289
0 0.049805 0.318848 0.074219 0.088867
0 0.048828 0.807129 0.064453 0.100586
0 0.878418 0.282227 0.118164 0.089844
0 0.088867 0.450195 0.072266 0.082031
0 0.359375 0.642090 0.095703 0.065430
0 0.681641 0.045898 0.080078 0.087891
0 0.962891 0.220215 0.070312 0.075195
0 0.684082 0.043457 0.084961 0.083008
0 0.629395 0.043457 0.100586 0.083008
0 0.232422 0.448730 0.083984 0.108398
0 0.050781 0.929199 0.091797 0.083008
0 0.947266 0.400391 0.058594 0.064453
