0 0.679688 0.767090 0.107422 0.110352
0 0.044922 0.369629 0.089844 0.084961
0 0.091797 0.208008 0.113281 0.105469
0 0.883301 0.363281 0.137695 0.087891
0 0.903320 0.462891 0.126953 0.062500
0 0.032227 0.032227 0.064453 0.064453
0 0.023438 0.206055 0.046875 0.072266
0 0.699219 0.925781 0.132812 0.089844
0 0.928711 0.181152 0.117188 0.092773
0 0.166016 0.050293 0.162109 0.081055
0 0.678223 0.546875 0.131836 0.064453
0 0.654785 0.620605 0.094727 0.077148
0 0.781738 0.765625 0.110352 0.089844
0 0.618164 0.402344 0.082031 0.070312
0 0.921875 0.031250 0.150391 0.062500
0 0.869141 0.822266 0.089844 0.105469
0 0.715820 0.480957 0.123047 0.077148
0 0.727051 0.630371 0.094727 0.067383
0 0.872070 0.957031 0.140625 0.085938
0 0.954590 0.811035 0.090820 0.088867
0 0.936035 0.670898 0.127930 0.052734
0 0.944824 0.626953 0.110352 0.060547
0 0.967773 0.746582 0.064453 0.063477
0 0.956055 0.526855 0.087891 0.059570
0 0.880859 0.073242 0.132812 0.056641
