0 0.702148 0.779297 0.150391 0.105469
0 0.087402 0.516113 0.075195 0.112305
0 0.531738 0.259766 0.110352 0.134766
0 0.910645 0.649902 0.083008 0.084961
0 0.819336 0.208496 0.070312 0.127930
0 0.956055 0.380859 0.087891 0.097656
0 0.395996 0.835938 0.077148 0.072266
0 0.623047 0.207031 0.072266 0.109375
0 0.643555 0.075684 0.052734 0.092773
0 0.964844 0.551758 0.070312 0.070312
0 0.305664 0.500000 0.056641 0.056641
0 0.279785 0.715820 0.094727 0.105469
0 0.702148 0.603516 0.070312 0.117188
0 0.808594 0.712402 0.072266 0.084961
0 0.653320 0.348145 0.136719 0.112305
0 0.138184 0.919922 0.102539 0.070312
0 0.124512 0.839355 0.084961 0.059570
0 0.916016 0.150879 0.072266 0.122070
0 0.286133 0.126953 0.072266 0.080078
0 0.819336 0.898438 0.097656 0.105469
0 0.773438 0.393555 0.062500 0.132812
0 0.452148 0.924805 0.054688 0.070312
0 0.338379 0.034668 0.083008 0.065430
0 0.088379 0.314453 0.047852 0.050781
0 0.634277 0.681152 0.059570 0.067383
0 0.118164 0.024414 0.107422 0.044922
0 0.764160 0.940430 0.075195 0.072266
0 0.573242 0.794922 0.072266 0.080078
0 0.691895 0.416016 0.065430 0.132812
0 0.513184 0.930664 0.057617 0.062500
0 0.024414 0.167480 0.044922 0.084961
0 0.748047 0.377441 0.087891 0.165039
0 0.595703 0.197266 0.062500 0.089844
0 0.804688 0.777344 0.080078 0.115234
0 0.019531 0.830566 0.035156 0.057617
0 0.779785 0.866211 0.049805 0.042969
0 0.839355 0.947754 0.051758 0.049805
0 0.017090 0.517090 0.030273 0.055664
