0 0.246582 0.023438 0.092773 0.046875
0 0.207520 0.083008 0.059570 0.078125
0 0.144043 0.157227 0.114258 0.105469
0 0.273926 0.134277 0.079102 0.059570
0 0.176758 0.242188 0.076172 0.058594
0 0.037109 0.208496 0.058594 0.108398
0 0.257812 0.343262 0.087891 0.114258
0 0.340820 0.259766 0.087891 0.078125
0 0.338379 0.181152 0.071289 0.083008
0 0.142578 0.568848 0.074219 0.073242
0 0.086914 0.668457 0.109375 0.116211
0 0.043457 0.784180 0.059570 0.072266
0 0.281738 0.586426 0.073242 0.108398
0 0.320801 0.517090 0.071289 0.057617
0 0.462891 0.525391 0.068359 0.060547
0 0.482910 0.439453 0.067383 0.050781
0 0.482910 0.373047 0.071289 0.068359
0 0.585938 0.369629 0.074219 0.094727
0 0.573242 0.509277 0.056641 0.053711
0 0.507812 0.650879 0.082031 0.094727
0 0.327637 0.705078 0.067383 0.097656
0 0.241211 0.765625 0.101562 0.060547
0 0.247559 0.901367 0.124023 0.078125
0 0.188965 0.976074 0.059570 0.047852
0 0.267090 0.973633 0.075195 0.052734
0 0.563965 0.925293 0.071289 0.067383
0 0.819336 0.839355 0.097656 0.084961
0 0.564941 0.825684 0.094727 0.079102
0 0.592773 0.751953 0.126953 0.070312
0 0.675293 0.689453 0.081055 0.058594
0 0.739258 0.705566 0.091797 0.108398
0 0.755859 0.614258 0.080078 0.082031
0 0.915527 0.624023 0.077148 0.085938
0 0.958984 0.716309 0.078125 0.065430
0 0.885254 0.456543 0.088867 0.077148
0 0.565918 0.284180 0.083008 0.083984
0 0.875977 0.241211 0.111328 0.074219
0 0.532715 0.165527 0.106445 0.071289
0 0.538086 0.064453 0.121094 0.054688
0 0.747070 0.022461 0.109375 0.044922
0 0.846191 0.044434 0.059570 0.084961
0 0.873535 0.107910 0.088867 0.065430
0 0.981934 0.069336 0.036133 0.064453
0 0.969238 0.389648 0.061523 0.082031
0 0.966309 0.478027 0.067383 0.106445
0 0.958008 0.862793 0.062500 0.063477
0 0.578613 0.109375 0.077148 0.060547
0 0.353027 0.815430 0.088867 0.097656
0 0.016113 0.576660 0.032227 0.075195
0 0.032715 0.418945 0.065430 0.054688
0 0.945801 0.288574 0.108398 0.032227
0 0.593750 0.982910 0.083984 0.034180
0 0.717773 0.949219 0.046875 0.050781
0 0.696777 0.987305 0.084961 0.025391
0 0.711426 0.617676 0.055664 0.094727
