0 0.795410 0.176758 0.069336 0.078125
0 0.382324 0.908203 0.084961 0.056641
0 0.227539 0.898438 0.074219 0.074219
0 0.926758 0.276367 0.070312 0.068359
0 0.044434 0.320801 0.073242 0.077148
0 0.060547 0.562500 0.091797 0.058594
0 0.556641 0.649902 0.093750 0.081055
0 0.383301 0.361816 0.069336 0.081055
0 0.681152 0.345703 0.106445 0.060547
0 0.825684 0.661621 0.049805 0.065430
0 0.729004 0.296875 0.063477 0.095703
0 0.156250 0.031738 0.060547 0.063477
0 0.723633 0.958008 0.058594 0.074219
0 0.596680 0.030273 0.072266 0.052734
0 0.240723 0.437500 0.090820 0.044922
0 0.616211 0.352051 0.105469 0.041992
0 0.590332 0.965332 0.040039 0.057617
0 0.222168 0.722168 0.112305 0.088867
0 0.350586 0.494629 0.117188 0.040039
0 0.509766 0.246094 0.046875 0.125000
0 0.768066 0.228516 0.071289 0.050781
0 0.799316 0.697754 0.090820 0.028320
0 0.612793 0.153809 0.071289 0.040039
0 0.293457 0.853516 0.116211 0.068359
0 0.030273 0.584961 0.060547 0.058594
0 0.960449 0.828125 0.079102 0.115234
0 0.949219 0.363281 0.062500 0.044922
0 0.692871 0.188965 0.077148 0.055664
0 0.079102 0.899902 0.080078 0.028320
0 0.517578 0.417480 0.070312 0.045898
0 0.143555 0.411621 0.117188 0.043945
0 0.133643 0.625439 0.121387 0.051855
0 0.775879 0.749023 0.077148 0.042969
0 0.482910 0.361816 0.075195 0.057617
0 0.334473 0.920410 0.090820 0.026367
0 0.071289 0.260254 0.064453 0.041992
0 0.519043 0.043457 0.051758 0.047852
0 0.227539 0.566406 0.074219 0.039062
0 0.914062 0.412598 0.074219 0.018555
0 0.347656 0.736816 0.058594 0.047852
0 0.979004 0.936523 0.041992 0.037109
0 0.842773 0.904297 0.097656 0.025391
0 0.440430 0.789551 0.072266 0.043945
0 0.238770 0.021973 0.041992 0.043945
0 0.692383 0.501953 0.082031 0.044922
0 0.429688 0.987305 0.041016 0.025391
0 0.752441 0.280273 0.079102 0.060547
0 0.165527 0.660645 0.088867 0.047852
0 0.598145 0.969238 0.026367 0.051758
0 0.805664 0.673828 0.031250 0.050781
0 0.058105 0.755371 0.053711 0.053711
0 0.042969 0.571289 0.076172 0.050781
0 0.078125 0.969238 0.064453 0.030273
0 0.456543 0.978027 0.043945 0.026367
0 0.792969 0.428223 0.052734 0.030273
0 0.402832 0.044922 0.139648 0.085938
0 0.667480 0.275879 0.114258 0.086914
0 0.670410 0.847168 0.059570 0.030273
0 0.391602 0.453125 0.078125 0.031250
0 0.559570 0.220215 0.087891 0.016602
0 0.223145 0.645996 0.061523 0.045898
0 0.045898 0.988770 0.087891 0.018555
0 0.364258 0.966309 0.027344 0.063477
0 0.175293 0.791016 0.083008 0.019531
0 0.388184 0.973145 0.051758 0.047852
0 0.415039 0.436035 0.060547 0.030273
0 0.074707 0.858887 0.065430 0.016602
0 0.295898 0.071289 0.039062 0.021484
0 0.020020 0.834961 0.038086 0.027344
0 0.985352 0.973145 0.029297 0.047852
0 0.441406 0.888184 0.048828 0.020508
0 0.975586 0.894043 0.044922 0.032227
0 0.857910 0.054688 0.053711 0.025391
0 0.382324 0.395996 0.034180 0.079102
0 0.043945 0.814941 0.039062 0.086914
0 0.019043 0.734863 0.038086 0.041992
0 0.057129 0.097656 0.114258 0.074219
0 0.020996 0.508789 0.041992 0.054688
0 0.022461 0.643066 0.044922 0.055664
0 0.021484 0.706543 0.042969 0.041992
0 0.021484 0.950684 0.042969 0.043945
0 0.579102 0.415527 0.041016 0.041992
0 0.442383 0.746582 0.062500 0.034180
0 0.277344 0.909180 0.042969 0.042969
