0 0.124512 0.319824 0.145508 0.120117
0 0.199707 0.979980 0.110352 0.040039
0 0.602051 0.814453 0.129883 0.089844
0 0.293457 0.444336 0.172852 0.089844
0 0.114746 0.577148 0.165039 0.089844
0 0.171875 0.180664 0.099609 0.123047
0 0.910645 0.958008 0.157227 0.072266
0 0.328125 0.915527 0.167969 0.112305
0 0.743652 0.890625 0.147461 0.123047
0 0.021484 0.081055 0.042969 0.103516
0 0.301758 0.671875 0.109375 0.007812
0 0.099609 0.685547 0.099609 0.082031
0 0.037109 0.654785 0.074219 0.075195
0 0.223145 0.869629 0.157227 0.075195
0 0.141113 0.497070 0.137695 0.070312
0 0.048340 0.921875 0.096680 0.089844
0 0.045898 0.812012 0.091797 0.079102
0 0.942383 0.584473 0.115234 0.075195
0 0.126465 0.889160 0.166992 0.139648
0 0.047852 0.127930 0.095703 0.123047
0 0.169434 0.342285 0.155273 0.065430
0 0.917480 0.816895 0.165039 0.084961
0 0.929688 0.750488 0.140625 0.067383
0 0.892090 0.482422 0.139648 0.125000
0 0.932129 0.137695 0.129883 0.093750
