0 0.080078 0.030273 0.097656 0.060547
0 0.135742 0.133789 0.093750 0.070312
0 0.437500 0.189453 0.097656 0.048828
0 0.108887 0.506348 0.063477 0.075195
0 0.258301 0.564453 0.092773 0.046875
0 0.019043 0.346680 0.038086 0.041016
0 0.418945 0.653809 0.070312 0.069336
0 0.624512 0.085938 0.047852 0.093750
0 0.544922 0.152832 0.078125 0.096680
0 0.314941 0.453125 0.081055 0.105469
0 0.606934 0.451172 0.100586 0.041016
0 0.385254 0.424316 0.127930 0.079102
0 0.015137 0.164551 0.030273 0.069336
0 0.970215 0.670898 0.059570 0.048828
0 0.486328 0.564941 0.072266 0.061523
0 0.931152 0.630859 0.047852 0.064453
0 0.024414 0.945801 0.048828 0.081055
0 0.671387 0.361816 0.071289 0.028320
0 0.306152 0.324707 0.100586 0.057617
0 0.198730 0.722168 0.051758 0.083008
0 0.578125 0.532715 0.066406 0.045898
0 0.434570 0.557617 0.068359 0.052734
0 0.022461 0.690918 0.044922 0.166992
0 0.649414 0.534668 0.089844 0.051758
0 0.766113 0.638184 0.106445 0.084961
0 0.221680 0.662109 0.107422 0.056641
0 0.064453 0.423340 0.103516 0.038086
0 0.898926 0.581543 0.067383 0.030273
0 0.798828 0.989746 0.056641 0.020508
0 0.448242 0.344727 0.158203 0.052734
0 0.369141 0.730957 0.107422 0.036133
0 0.949219 0.899902 0.097656 0.036133
0 0.437500 0.587402 0.064453 0.038086
0 0.351074 0.248047 0.057617 0.068359
0 0.118164 0.649902 0.052734 0.073242
0 0.432129 0.988770 0.063477 0.016602
0 0.026855 0.607910 0.053711 0.014648
0 0.772949 0.274414 0.032227 0.050781
0 0.569824 0.351562 0.084961 0.044922
0 0.138672 0.426270 0.039062 0.055664
0 0.979980 0.616699 0.040039 0.063477
0 0.520020 0.833984 0.100586 0.033203
0 0.582520 0.023438 0.120117 0.044922
0 0.674316 0.580566 0.047852 0.055664
0 0.014648 0.673340 0.029297 0.059570
0 0.604980 0.264648 0.069336 0.050781
0 0.107910 0.016602 0.030273 0.033203
0 0.303223 0.078125 0.053711 0.021484
0 0.384766 0.307129 0.058594 0.079102
0 0.980469 0.926758 0.039062 0.017578
0 0.581055 0.219727 0.062500 0.037109
0 0.560059 0.906250 0.094727 0.056641
0 0.517090 0.957520 0.106445 0.057617
0 0.098145 0.255859 0.165039 0.066406
0 0.922852 0.512695 0.056641 0.054688
0 0.811523 0.190430 0.107422 0.115234
0 0.225098 0.304688 0.055664 0.056641
0 0.577637 0.825195 0.045898 0.048828
