0 0.288086 0.352051 0.048828 0.079102
0 0.701660 0.453125 0.073242 0.105469
0 0.192871 0.265137 0.061523 0.077148
0 0.524902 0.855469 0.061523 0.072266
0 0.973633 0.079590 0.052734 0.092773
0 0.325684 0.954590 0.057617 0.069336
0 0.536621 0.240234 0.040039 0.105469
0 0.026855 0.282227 0.053711 0.085938
0 0.191895 0.597168 0.077148 0.077148
0 0.376953 0.076660 0.064453 0.075195
0 0.795410 0.086426 0.063477 0.084961
0 0.408203 0.313477 0.054688 0.097656
0 0.208008 0.424316 0.083984 0.071289
0 0.539062 0.103027 0.041016 0.086914
0 0.159668 0.437012 0.063477 0.069336
0 0.048828 0.078125 0.085938 0.080078
0 0.212891 0.918945 0.080078 0.056641
0 0.439453 0.392090 0.066406 0.086914
0 0.755859 0.629883 0.050781 0.087891
0 0.959473 0.789062 0.038086 0.083984
0 0.450684 0.313965 0.071289 0.083008
0 0.671387 0.270508 0.055664 0.080078
0 0.549805 0.607422 0.058594 0.064453
0 0.873535 0.516113 0.038086 0.088867
0 0.652832 0.081543 0.047852 0.071289
0 0.233398 0.655762 0.068359 0.053711
0 0.975586 0.546875 0.048828 0.093750
0 0.310547 0.151855 0.050781 0.086914
0 0.176270 0.964844 0.051758 0.060547
0 0.546875 0.558594 0.064453 0.076172
0 0.114746 0.929688 0.057617 0.060547
0 0.543945 0.965332 0.048828 0.069336
0 0.604980 0.444824 0.063477 0.088867
0 0.930176 0.555664 0.040039 0.087891
0 0.729004 0.892578 0.098633 0.072266
0 0.196289 0.669434 0.062500 0.059570
0 0.327148 0.222656 0.058594 0.068359
0 0.326172 0.076172 0.056641 0.064453
0 0.057617 0.228027 0.082031 0.096680
0 0.937988 0.807617 0.043945 0.105469
0 0.059570 0.457520 0.072266 0.071289
0 0.504883 0.089844 0.044922 0.072266
0 0.502930 0.365234 0.046875 0.142578
0 0.810059 0.536133 0.047852 0.089844
0 0.752441 0.571289 0.086914 0.117188
0 0.092285 0.740234 0.157227 0.068359
0 0.627930 0.847656 0.042969 0.152344
0 0.061523 0.414551 0.119141 0.077148
0 0.288574 0.271484 0.055664 0.050781
0 0.367188 0.286133 0.062500 0.089844
0 0.152832 0.834961 0.049805 0.062500
0 0.875488 0.106934 0.055664 0.059570
0 0.884766 0.677246 0.044922 0.059570
0 0.407227 0.881348 0.066406 0.073242
0 0.837891 0.114746 0.033203 0.071289
0 0.035645 0.132812 0.055664 0.101562
0 0.253906 0.976562 0.037109 0.046875
0 0.818848 0.895508 0.053711 0.082031
0 0.690430 0.810547 0.109375 0.097656
0 0.785645 0.020020 0.043945 0.038086
0 0.203125 0.111816 0.087891 0.061523
0 0.020996 0.979980 0.040039 0.036133
0 0.406250 0.026855 0.048828 0.053711
0 0.173340 0.712891 0.049805 0.048828
0 0.333008 0.019531 0.042969 0.039062
0 0.455566 0.908203 0.049805 0.070312
0 0.528320 0.476074 0.041016 0.108398
0 0.108887 0.798340 0.049805 0.053711
0 0.324219 0.437988 0.119141 0.063477
0 0.468750 0.769043 0.058594 0.055664
0 0.705078 0.338867 0.054688 0.046875
0 0.553711 0.544922 0.060547 0.072266
0 0.459961 0.954102 0.042969 0.056641
0 0.915039 0.648926 0.041016 0.038086
0 0.709473 0.323730 0.049805 0.034180
0 0.435547 0.026367 0.048828 0.050781
0 0.369629 0.387695 0.030273 0.064453
0 0.717285 0.821289 0.071289 0.062500
0 0.014648 0.225586 0.029297 0.056641
0 0.518066 0.476074 0.032227 0.100586
0 0.928711 0.048340 0.044922 0.038086
