0 0.130859 0.045898 0.089844 0.091797
0 0.146973 0.275879 0.077148 0.112305
0 0.083008 0.402344 0.066406 0.097656
0 0.376953 0.407227 0.105469 0.208984
0 0.066895 0.951660 0.127930 0.096680
0 0.023438 0.837402 0.046875 0.063477
0 0.029785 0.747559 0.053711 0.065430
0 0.181641 0.928223 0.093750 0.122070
0 0.329590 0.945312 0.084961 0.109375
0 0.359863 0.921875 0.069336 0.091797
0 0.454590 0.864746 0.106445 0.131836
0 0.129395 0.719727 0.061523 0.070312
0 0.208008 0.651855 0.074219 0.086914
0 0.109863 0.586426 0.077148 0.110352
0 0.299805 0.616211 0.156250 0.125000
0 0.436035 0.767578 0.149414 0.048828
0 0.535156 0.634766 0.083984 0.064453
0 0.597168 0.608398 0.102539 0.101562
0 0.463867 0.517578 0.091797 0.115234
0 0.534180 0.416992 0.097656 0.089844
0 0.712402 0.499512 0.094727 0.092773
0 0.635254 0.411621 0.094727 0.094727
0 0.772949 0.314453 0.086914 0.126953
0 0.869629 0.398438 0.133789 0.076172
0 0.959961 0.497559 0.072266 0.100586
0 0.975586 0.424805 0.048828 0.039062
0 0.784180 0.641602 0.087891 0.103516
0 0.742188 0.716309 0.074219 0.067383
0 0.907227 0.782227 0.099609 0.115234
0 0.753418 0.905762 0.090820 0.120117
0 0.923340 0.918457 0.108398 0.127930
0 0.550293 0.219727 0.094727 0.060547
0 0.722656 0.041504 0.115234 0.075195
0 0.277832 0.280762 0.073242 0.110352
0 0.490723 0.160156 0.075195 0.089844
0 0.423340 0.069824 0.086914 0.102539
0 0.458984 0.110352 0.082031 0.091797
0 0.532715 0.035645 0.100586 0.071289
0 0.226562 0.189453 0.078125 0.076172
0 0.432617 0.403809 0.083984 0.104492
0 0.394531 0.307129 0.068359 0.120117
0 0.941895 0.986328 0.083008 0.027344
0 0.825195 0.553711 0.066406 0.078125
0 0.902344 0.162598 0.066406 0.079102
