0 0.029785 0.584961 0.059570 0.072266
0 0.045898 0.182617 0.062500 0.089844
0 0.164551 0.283691 0.083008 0.065430
0 0.093262 0.348145 0.063477 0.077148
0 0.042480 0.413086 0.077148 0.070312
0 0.104004 0.437500 0.061523 0.056641
0 0.160156 0.475586 0.056641 0.070312
0 0.208496 0.497070 0.059570 0.062500
0 0.123047 0.555664 0.085938 0.080078
0 0.220215 0.581055 0.063477 0.083984
0 0.336426 0.648438 0.094727 0.082031
0 0.300781 0.371582 0.097656 0.098633
0 0.223145 0.221680 0.077148 0.058594
0 0.092773 0.021973 0.062500 0.041992
0 0.981445 0.054199 0.037109 0.057617
0 0.916504 0.072754 0.083008 0.083008
0 0.681152 0.021973 0.067383 0.043945
0 0.751465 0.094727 0.100586 0.074219
0 0.650391 0.107910 0.072266 0.094727
0 0.590332 0.053711 0.053711 0.062500
0 0.510254 0.031738 0.061523 0.063477
0 0.416992 0.087891 0.109375 0.066406
0 0.343262 0.113770 0.071289 0.073242
0 0.266113 0.052246 0.059570 0.061523
0 0.020508 0.915039 0.041016 0.060547
0 0.026855 0.825195 0.053711 0.074219
0 0.042480 0.751953 0.071289 0.083984
0 0.079590 0.970215 0.059570 0.059570
0 0.312500 0.922852 0.091797 0.068359
0 0.219727 0.919922 0.076172 0.072266
0 0.253906 0.811035 0.074219 0.092773
0 0.335449 0.841309 0.065430 0.083008
0 0.435059 0.978027 0.096680 0.043945
0 0.443359 0.919922 0.076172 0.068359
0 0.468750 0.791504 0.113281 0.127930
0 0.601562 0.868652 0.101562 0.075195
0 0.709473 0.820312 0.155273 0.085938
0 0.951660 0.846680 0.096680 0.074219
0 0.912109 0.779785 0.093750 0.075195
0 0.659668 0.605469 0.092773 0.087891
0 0.454590 0.633789 0.079102 0.111328
0 0.986816 0.394043 0.026367 0.071289
0 0.719238 0.441895 0.069336 0.053711
0 0.737793 0.318848 0.088867 0.100586
0 0.552246 0.335938 0.129883 0.074219
0 0.452148 0.387695 0.064453 0.103516
0 0.395020 0.287598 0.147461 0.067383
0 0.403809 0.462891 0.065430 0.060547
0 0.111328 0.877441 0.078125 0.061523
0 0.086426 0.485352 0.036133 0.037109
0 0.035645 0.525391 0.067383 0.085938
0 0.553223 0.968750 0.088867 0.044922
0 0.519043 0.977539 0.094727 0.044922
0 0.490723 0.939941 0.061523 0.053711
0 0.552734 0.500000 0.048828 0.048828
0 0.125488 0.213379 0.073242 0.069336
0 0.166016 0.920898 0.056641 0.109375
