0 0.009277 0.964355 0.018555 0.071289
0 0.049316 0.363281 0.098633 0.207031
0 0.202148 0.659180 0.179688 0.099609
0 0.305664 0.640137 0.132812 0.075195
0 0.026855 0.855957 0.053711 0.118164
0 0.252930 0.856445 0.134766 0.095703
0 0.195801 0.992188 0.067383 0.015625
0 0.210938 0.149902 0.066406 0.053711
0 0.169922 0.032227 0.054688 0.064453
0 0.700684 0.047363 0.108398 0.084961
0 0.956543 0.098145 0.075195 0.071289
0 0.905273 0.036133 0.085938 0.042969
0 0.794434 0.179688 0.053711 0.083984
0 0.612793 0.411621 0.124023 0.088867
0 0.798340 0.398926 0.116211 0.141602
0 0.425293 0.441895 0.079102 0.053711
0 0.332520 0.433594 0.049805 0.062500
0 0.526367 0.577637 0.076172 0.094727
0 0.841309 0.671387 0.135742 0.096680
0 0.897461 0.572754 0.054688 0.073242
0 0.421875 0.898438 0.070312 0.082031
0 0.344238 0.968750 0.075195 0.062500
0 0.554688 0.984375 0.078125 0.031250
0 0.536133 0.955078 0.058594 0.044922
0 0.730469 0.972168 0.103516 0.055664
0 0.774414 0.985840 0.101562 0.028320
0 0.063477 0.156250 0.126953 0.109375
0 0.369141 0.727539 0.142578 0.109375
