0 0.034180 0.412598 0.068359 0.079102
0 0.617188 0.865234 0.123047 0.074219
0 0.353516 0.984375 0.115234 0.031250
0 0.258301 0.832031 0.077148 0.072266
0 0.590820 0.976562 0.136719 0.046875
0 0.074219 0.508301 0.089844 0.067383
0 0.165527 0.449707 0.092773 0.094727
0 0.489746 0.570801 0.094727 0.092773
0 0.363281 0.117188 0.123047 0.179688
0 0.312012 0.614746 0.114258 0.094727
0 0.887207 0.095215 0.112305 0.067383
0 0.658203 0.571289 0.109375 0.083984
0 0.874512 0.649902 0.135742 0.075195
0 0.102051 0.202148 0.079102 0.080078
0 0.347168 0.557617 0.155273 0.113281
0 0.863770 0.929688 0.122070 0.044922
0 0.203613 0.170898 0.092773 0.097656
0 0.826172 0.705566 0.099609 0.067383
0 0.768066 0.613281 0.092773 0.052734
0 0.024902 0.278320 0.049805 0.056641
0 0.023926 0.030762 0.047852 0.061523
0 0.264648 0.033691 0.070312 0.067383
0 0.207520 0.036133 0.049805 0.072266
0 0.620605 0.261719 0.137695 0.089844
0 0.967285 0.149414 0.065430 0.060547
