0 0.905273 0.052246 0.189453 0.063477
0 0.565430 0.156250 0.136719 0.105469
0 0.365723 0.046875 0.118164 0.080078
0 0.227051 0.038086 0.086914 0.076172
0 0.143066 0.162109 0.063477 0.089844
0 0.049316 0.204590 0.077148 0.071289
0 0.304199 0.179199 0.079102 0.075195
0 0.062988 0.317383 0.108398 0.123047
0 0.300293 0.277832 0.086914 0.075195
0 0.568848 0.391113 0.088867 0.170898
0 0.649414 0.361816 0.146484 0.186523
0 0.825195 0.443359 0.089844 0.242188
0 0.856445 0.306152 0.113281 0.159180
0 0.729980 0.209473 0.053711 0.161133
0 0.807129 0.164062 0.069336 0.113281
0 0.923828 0.202637 0.152344 0.098633
0 0.971191 0.355469 0.057617 0.199219
0 0.448730 0.586426 0.079102 0.088867
0 0.474121 0.357422 0.081055 0.119141
0 0.271484 0.482910 0.070312 0.059570
0 0.190430 0.693848 0.175781 0.161133
0 0.157715 0.801758 0.122070 0.162109
0 0.275391 0.819336 0.152344 0.078125
0 0.316895 0.922852 0.096680 0.095703
0 0.374512 0.832520 0.088867 0.088867
0 0.541016 0.823242 0.074219 0.117188
0 0.634766 0.790527 0.093750 0.094727
0 0.720215 0.874023 0.081055 0.105469
0 0.613770 0.953613 0.071289 0.092773
0 0.729004 0.740234 0.157227 0.089844
0 0.863281 0.838867 0.095703 0.164062
0 0.984375 0.727051 0.031250 0.067383
0 0.981445 0.891113 0.037109 0.217773
