0 0.578125 0.390625 0.050781 0.109375
0 0.175293 0.293457 0.063477 0.079102
0 0.421875 0.084961 0.072266 0.115234
0 0.699219 0.042480 0.033203 0.083008
0 0.174316 0.066895 0.083008 0.073242
0 0.320312 0.088867 0.078125 0.080078
0 0.381348 0.722168 0.081055 0.129883
0 0.187012 0.620117 0.075195 0.095703
0 0.106445 0.388184 0.033203 0.094727
0 0.022949 0.966797 0.045898 0.062500
0 0.758301 0.968262 0.063477 0.059570
0 0.701660 0.780273 0.041992 0.111328
0 0.499023 0.969238 0.062500 0.057617
0 0.478516 0.287598 0.048828 0.102539
0 0.729004 0.526367 0.053711 0.107422
0 0.372070 0.196289 0.060547 0.070312
0 0.613770 0.090332 0.028320 0.077148
0 0.222656 0.883789 0.039062 0.083984
0 0.297363 0.482422 0.065430 0.050781
0 0.012207 0.252930 0.024414 0.095703
0 0.140625 0.177734 0.080078 0.142578
0 0.571289 0.025879 0.035156 0.051758
0 0.953613 0.791504 0.092773 0.061523
0 0.238770 0.031738 0.036133 0.063477
0 0.231445 0.224121 0.072266 0.081055
0 0.952148 0.975098 0.035156 0.049805
0 0.193848 0.200195 0.040039 0.107422
0 0.059570 0.857422 0.044922 0.076172
0 0.437988 0.198730 0.059570 0.125977
0 0.123535 0.554199 0.040039 0.079102
0 0.350586 0.044922 0.080078 0.089844
0 0.802246 0.579102 0.030273 0.087891
0 0.071289 0.694824 0.058594 0.045898
0 0.345215 0.419434 0.038086 0.083008
0 0.662598 0.225098 0.086914 0.049805
0 0.636230 0.466309 0.055664 0.129883
0 0.312012 0.980469 0.059570 0.039062
0 0.643066 0.969727 0.049805 0.060547
0 0.396973 0.389648 0.045898 0.068359
0 0.850098 0.957520 0.040039 0.073242
0 0.561523 0.205078 0.078125 0.083984
0 0.813965 0.670410 0.077148 0.032227
0 0.395508 0.160156 0.041016 0.117188
0 0.492188 0.491211 0.050781 0.060547
0 0.061035 0.236816 0.122070 0.098633
0 0.428223 0.027832 0.022461 0.055664
0 0.976074 0.017578 0.043945 0.033203
0 0.309082 0.378418 0.055664 0.067383
0 0.449121 0.517480 0.036133 0.054688
0 0.968262 0.890137 0.043945 0.047852
0 0.560547 0.866699 0.064453 0.125977
0 0.307129 0.468750 0.057617 0.052734
0 0.833008 0.050293 0.048828 0.090820
0 0.641602 0.845703 0.037109 0.060547
0 0.309570 0.670898 0.054688 0.070312
0 0.594238 0.762695 0.059570 0.056641
0 0.833984 0.548340 0.031250 0.053711
0 0.251953 0.405762 0.044922 0.102539
0 0.519043 0.658691 0.043945 0.073242
0 0.550293 0.645508 0.057617 0.080078
