0 0.123535 0.276855 0.127930 0.059570
0 0.258301 0.418457 0.221680 0.083008
0 0.050781 0.202148 0.078125 0.070312
0 0.906738 0.056152 0.133789 0.112305
0 0.039551 0.088379 0.075195 0.047852
0 0.017090 0.597656 0.034180 0.115234
0 0.239746 0.822266 0.165039 0.105469
0 0.180664 0.729492 0.097656 0.089844
0 0.888672 0.920410 0.080078 0.118164
0 0.794922 0.694824 0.097656 0.086914
0 0.097168 0.720703 0.100586 0.072266
0 0.025879 0.774902 0.051758 0.084961
0 0.068359 0.780762 0.072266 0.092773
0 0.198242 0.849609 0.123047 0.064453
0 0.214355 0.903320 0.084961 0.082031
0 0.053223 0.924805 0.102539 0.150391
0 0.116699 0.960938 0.083008 0.078125
0 0.250977 0.687012 0.123047 0.084961
0 0.963867 0.884277 0.072266 0.081055
0 0.971191 0.574219 0.057617 0.095703
