0 0.712402 0.067871 0.084961 0.088867
0 0.064941 0.641602 0.096680 0.076172
0 0.812988 0.900879 0.084961 0.067383
0 0.290039 0.549805 0.109375 0.068359
0 0.044434 0.537598 0.086914 0.065430
0 0.537109 0.521484 0.062500 0.076172
0 0.431152 0.196289 0.073242 0.099609
0 0.846680 0.075195 0.076172 0.080078
0 0.067383 0.241211 0.087891 0.087891
0 0.482910 0.514160 0.063477 0.071289
0 0.621094 0.388184 0.054688 0.067383
0 0.958008 0.516602 0.064453 0.064453
0 0.832520 0.589355 0.043945 0.073242
0 0.578613 0.026855 0.088867 0.043945
0 0.956543 0.829590 0.083008 0.131836
0 0.134766 0.144043 0.099609 0.104492
0 0.854492 0.680664 0.117188 0.095703
0 0.348633 0.239746 0.103516 0.073242
0 0.475098 0.929199 0.094727 0.069336
0 0.454102 0.553223 0.101562 0.065430
0 0.625488 0.276855 0.094727 0.108398
0 0.308105 0.280273 0.063477 0.054688
0 0.127930 0.972656 0.050781 0.054688
0 0.298828 0.181152 0.054688 0.071289
0 0.299805 0.375488 0.101562 0.045898
0 0.458008 0.029297 0.064453 0.058594
0 0.053223 0.587891 0.051758 0.068359
0 0.366699 0.345215 0.100586 0.057617
0 0.044434 0.936035 0.088867 0.057617
0 0.793457 0.508789 0.079102 0.082031
0 0.911133 0.379395 0.046875 0.075195
0 0.970703 0.661133 0.058594 0.044922
0 0.912109 0.255371 0.095703 0.069336
0 0.499023 0.888184 0.062500 0.065430
0 0.724121 0.351562 0.073242 0.064453
0 0.111816 0.898438 0.063477 0.050781
0 0.039551 0.324219 0.079102 0.064453
0 0.770508 0.926270 0.066406 0.038086
0 0.236816 0.968750 0.069336 0.044922
0 0.454590 0.761230 0.069336 0.041992
0 0.630859 0.916016 0.089844 0.033203
0 0.614746 0.891113 0.059570 0.030273
0 0.482422 0.338867 0.064453 0.068359
0 0.884277 0.988770 0.079102 0.018555
0 0.285156 0.766602 0.066406 0.042969
0 0.205566 0.988281 0.043945 0.023438
0 0.240234 0.905273 0.115234 0.048828
0 0.638672 0.703125 0.062500 0.062500
0 0.268066 0.117188 0.081055 0.037109
0 0.019531 0.768066 0.037109 0.041992
0 0.943359 0.180176 0.062500 0.073242
0 0.608887 0.643066 0.077148 0.040039
0 0.649414 0.978027 0.076172 0.040039
0 0.714355 0.696777 0.100586 0.067383
0 0.027344 0.387695 0.054688 0.066406
0 0.486328 0.686035 0.062500 0.051758
0 0.271973 0.937500 0.086914 0.041016
0 0.101074 0.390137 0.088867 0.051758
0 0.510254 0.311523 0.067383 0.029297
0 0.518555 0.331055 0.058594 0.029297
0 0.151855 0.465332 0.053711 0.053711
0 0.465820 0.401855 0.062500 0.057617
0 0.198242 0.878418 0.037109 0.053711
0 0.646484 0.011230 0.050781 0.022461
0 0.979004 0.215820 0.041992 0.060547
0 0.945312 0.639648 0.074219 0.056641
0 0.873047 0.966309 0.089844 0.049805
0 0.979004 0.918457 0.041992 0.049805
0 0.200684 0.622559 0.067383 0.047852
0 0.141113 0.328613 0.059570 0.057617
0 0.450195 0.863770 0.066406 0.079102
0 0.309082 0.599609 0.047852 0.050781
0 0.529297 0.069336 0.050781 0.058594
0 0.261719 0.159668 0.052734 0.075195
