0 0.701172 0.151367 0.107422 0.087891
0 0.062012 0.564453 0.100586 0.109375
0 0.707031 0.028320 0.089844 0.056641
0 0.299805 0.640137 0.175781 0.088867
0 0.393555 0.253418 0.087891 0.112305
0 0.789551 0.684570 0.180664 0.099609
0 0.535156 0.087891 0.105469 0.107422
0 0.647949 0.839844 0.102539 0.070312
0 0.673340 0.437012 0.086914 0.065430
0 0.163086 0.025879 0.082031 0.051758
0 0.017090 0.769531 0.034180 0.087891
0 0.452148 0.119629 0.080078 0.065430
0 0.293457 0.072266 0.092773 0.070312
0 0.020996 0.116699 0.041992 0.084961
0 0.498047 0.900879 0.082031 0.083008
0 0.235840 0.189453 0.118164 0.060547
0 0.554688 0.420898 0.060547 0.082031
0 0.725586 0.527344 0.087891 0.070312
0 0.490723 0.187988 0.067383 0.067383
0 0.608398 0.751953 0.097656 0.089844
0 0.515625 0.294434 0.097656 0.069336
0 0.815918 0.262207 0.122070 0.129883
0 0.916016 0.871094 0.097656 0.052734
0 0.635742 0.249512 0.072266 0.094727
0 0.028320 0.178223 0.056641 0.057617
0 0.188477 0.770508 0.177734 0.087891
0 0.193359 0.384277 0.072266 0.059570
0 0.919434 0.140625 0.084961 0.126953
0 0.339844 0.874512 0.070312 0.059570
0 0.414551 0.397949 0.069336 0.067383
0 0.172363 0.472168 0.075195 0.065430
0 0.720703 0.940918 0.113281 0.086914
0 0.528320 0.609375 0.078125 0.060547
0 0.845703 0.417969 0.142578 0.097656
0 0.876953 0.018555 0.093750 0.037109
0 0.844238 0.497070 0.094727 0.060547
0 0.353027 0.767090 0.092773 0.110352
0 0.138672 0.849609 0.062500 0.105469
0 0.645508 0.361816 0.072266 0.075195
0 0.425781 0.899414 0.087891 0.054688
0 0.602051 0.579590 0.065430 0.069336
0 0.894531 0.936035 0.099609 0.077148
0 0.031250 0.430664 0.062500 0.062500
0 0.724609 0.363281 0.074219 0.091797
0 0.601074 0.928223 0.067383 0.112305
0 0.180664 0.561035 0.062500 0.067383
0 0.090820 0.370605 0.162109 0.086914
0 0.945801 0.305664 0.073242 0.087891
0 0.941895 0.526855 0.110352 0.104492
0 0.849609 0.787109 0.175781 0.074219
0 0.651855 0.608398 0.065430 0.052734
0 0.187012 0.691895 0.069336 0.100586
0 0.546875 0.019531 0.113281 0.039062
0 0.801758 0.876953 0.070312 0.060547
0 0.618164 0.649414 0.082031 0.064453
0 0.771973 0.083008 0.084961 0.062500
0 0.422363 0.976562 0.057617 0.046875
0 0.455566 0.344727 0.057617 0.054688
0 0.407227 0.780762 0.189453 0.092773
0 0.868164 0.654297 0.078125 0.070312
0 0.907227 0.058594 0.054688 0.052734
0 0.951660 0.421875 0.084961 0.070312
0 0.972168 0.083008 0.055664 0.097656
0 0.843262 0.242188 0.077148 0.054688
0 0.977051 0.244629 0.045898 0.055664
0 0.884277 0.383301 0.065430 0.047852
0 0.461914 0.494629 0.080078 0.065430
0 0.544434 0.302246 0.059570 0.049805
0 0.030762 0.114258 0.057617 0.099609
0 0.963379 0.967285 0.073242 0.059570
0 0.899414 0.795898 0.109375 0.062500
0 0.952148 0.654297 0.095703 0.125000
0 0.091797 0.870605 0.044922 0.092773
0 0.090820 0.983398 0.062500 0.033203
0 0.037109 0.385742 0.074219 0.107422
