0 0.047363 0.455078 0.069336 0.068359
0 0.104492 0.469238 0.060547 0.057617
0 0.030273 0.534180 0.060547 0.076172
0 0.122070 0.615723 0.056641 0.053711
0 0.214355 0.497559 0.100586 0.065430
0 0.176758 0.354980 0.062500 0.083008
0 0.124512 0.356934 0.053711 0.073242
0 0.073730 0.299316 0.077148 0.065430
0 0.018066 0.286133 0.036133 0.123047
0 0.182617 0.258301 0.095703 0.088867
0 0.119141 0.133789 0.085938 0.085938
0 0.163574 0.054688 0.090820 0.097656
0 0.274414 0.024902 0.080078 0.047852
0 0.464844 0.211426 0.060547 0.086914
0 0.339355 0.347168 0.063477 0.061523
0 0.541992 0.438477 0.060547 0.074219
0 0.606445 0.531738 0.050781 0.071289
0 0.547363 0.551758 0.055664 0.082031
0 0.707520 0.505859 0.075195 0.070312
0 0.542480 0.636719 0.094727 0.107422
0 0.252930 0.699707 0.097656 0.084961
0 0.579102 0.731934 0.064453 0.084961
0 0.754883 0.640137 0.050781 0.081055
0 0.863770 0.550781 0.108398 0.109375
0 0.432129 0.801758 0.118164 0.083984
0 0.054688 0.808594 0.109375 0.115234
0 0.029297 0.901855 0.058594 0.073242
0 0.040527 0.963379 0.081055 0.073242
0 0.755859 0.034668 0.078125 0.067383
0 0.856445 0.104980 0.080078 0.071289
0 0.920410 0.042480 0.118164 0.077148
0 0.981934 0.479004 0.036133 0.094727
0 0.964844 0.521484 0.070312 0.066406
0 0.915527 0.821777 0.084961 0.071289
0 0.697266 0.835938 0.076172 0.076172
0 0.485840 0.917480 0.083008 0.090820
0 0.604980 0.913086 0.124023 0.078125
0 0.624023 0.966309 0.099609 0.067383
0 0.830566 0.982910 0.120117 0.034180
0 0.875488 0.962891 0.084961 0.052734
0 0.685547 0.892578 0.095703 0.089844
0 0.985840 0.248535 0.028320 0.057617
0 0.961914 0.428223 0.068359 0.069336
0 0.456543 0.375488 0.036133 0.065430
0 0.437988 0.376953 0.016602 0.017578
0 0.017090 0.665039 0.034180 0.074219
0 0.547852 0.708496 0.048828 0.075195
0 0.489746 0.382324 0.024414 0.051758
0 0.207031 0.835449 0.046875 0.055664
0 0.395508 0.991211 0.048828 0.017578
0 0.853516 0.833496 0.078125 0.071289
