0 0.314453 0.455078 0.066406 0.109375
0 0.972168 0.849609 0.055664 0.101562
0 0.672363 0.406250 0.057617 0.093750
0 0.020508 0.098145 0.041016 0.084961
0 0.085938 0.564453 0.083984 0.105469
0 0.025879 0.818848 0.051758 0.075195
0 0.553223 0.652832 0.061523 0.092773
0 0.200195 0.380859 0.056641 0.074219
0 0.334961 0.646484 0.091797 0.080078
0 0.575195 0.553711 0.078125 0.091797
0 0.108887 0.113281 0.067383 0.091797
0 0.285156 0.153320 0.066406 0.070312
0 0.824219 0.224121 0.074219 0.059570
0 0.916016 0.358398 0.062500 0.072266
0 0.732910 0.626465 0.083008 0.102539
0 0.816895 0.394043 0.065430 0.106445
0 0.595703 0.342285 0.058594 0.106445
0 0.775879 0.717285 0.043945 0.088867
0 0.410156 0.612793 0.082031 0.069336
0 0.925293 0.140137 0.073242 0.094727
0 0.047852 0.384766 0.058594 0.072266
0 0.508301 0.625000 0.043945 0.087891
0 0.479492 0.175781 0.056641 0.083984
0 0.130859 0.083496 0.085938 0.104492
0 0.015137 0.540527 0.030273 0.135742
0 0.407227 0.536133 0.050781 0.099609
0 0.585449 0.723633 0.065430 0.052734
0 0.612305 0.801758 0.070312 0.058594
0 0.441406 0.118652 0.039062 0.079102
0 0.112793 0.377930 0.045898 0.132812
0 0.227539 0.015137 0.093750 0.030273
0 0.286621 0.863770 0.067383 0.112305
0 0.816406 0.830566 0.130859 0.086914
0 0.228027 0.095215 0.071289 0.053711
0 0.773926 0.367676 0.047852 0.083008
0 0.780762 0.974121 0.040039 0.051758
0 0.125000 0.888184 0.076172 0.047852
0 0.957520 0.649414 0.028320 0.089844
0 0.933105 0.044922 0.026367 0.087891
0 0.160645 0.558105 0.124023 0.090820
0 0.842773 0.117676 0.027344 0.071289
0 0.931152 0.553223 0.047852 0.118164
0 0.421387 0.650391 0.071289 0.058594
0 0.642578 0.311523 0.041016 0.078125
0 0.280273 0.801270 0.052734 0.040039
0 0.977051 0.518066 0.045898 0.077148
0 0.838379 0.563477 0.079102 0.068359
0 0.606445 0.298340 0.052734 0.069336
0 0.474121 0.839844 0.081055 0.042969
0 0.534180 0.679688 0.027344 0.074219
0 0.828613 0.648438 0.053711 0.062500
0 0.878906 0.819336 0.060547 0.109375
0 0.974121 0.778809 0.051758 0.065430
0 0.085938 0.016602 0.054688 0.031250
0 0.281250 0.689941 0.068359 0.053711
0 0.667969 0.023926 0.060547 0.043945
0 0.739258 0.144531 0.072266 0.033203
0 0.009766 0.763184 0.019531 0.040039
0 0.291504 0.500488 0.055664 0.041992
0 0.713867 0.019043 0.033203 0.038086
0 0.182617 0.955078 0.185547 0.054688
0 0.010254 0.145508 0.020508 0.074219
0 0.750977 0.903809 0.054688 0.053711
0 0.652344 0.528320 0.046875 0.039062
0 0.133789 0.814453 0.072266 0.048828
0 0.987305 0.930664 0.025391 0.062500
0 0.195801 0.891113 0.043945 0.069336
0 0.888184 0.396973 0.049805 0.057617
0 0.983887 0.641602 0.032227 0.046875
0 0.963379 0.754883 0.073242 0.037109
0 0.632324 0.014160 0.055664 0.028320
0 0.980957 0.390625 0.038086 0.056641
0 0.981934 0.441406 0.036133 0.082031
