0 0.518066 0.808105 0.116211 0.063477
0 0.404785 0.975586 0.165039 0.048828
0 0.158691 0.637695 0.075195 0.078125
0 0.573730 0.246094 0.141602 0.072266
0 0.059570 0.464355 0.113281 0.120117
0 0.321777 0.205078 0.165039 0.089844
0 0.508301 0.025391 0.137695 0.050781
0 0.872559 0.948730 0.104492 0.102539
0 0.548828 0.310059 0.189453 0.088867
0 0.671387 0.917969 0.108398 0.050781
0 0.617188 0.405273 0.117188 0.093750
0 0.061523 0.125488 0.123047 0.100586
0 0.743652 0.941406 0.139648 0.117188
0 0.299316 0.780273 0.217773 0.080078
0 0.946777 0.521973 0.106445 0.094727
0 0.492676 0.122070 0.221680 0.113281
0 0.966309 0.727051 0.067383 0.079102
0 0.276855 0.518555 0.206055 0.195312
0 0.845215 0.345215 0.192383 0.168945
0 0.862793 0.052246 0.108398 0.104492
0 0.734375 0.166504 0.107422 0.096680
0 0.890625 0.789551 0.156250 0.100586
0 0.265137 0.083984 0.170898 0.095703
0 0.274414 0.729004 0.080078 0.077148
0 0.928223 0.566895 0.143555 0.073242
0 0.357910 0.427246 0.176758 0.061523
0 0.436523 0.445801 0.181641 0.090820
0 0.416992 0.366699 0.158203 0.083008
0 0.279785 0.321289 0.192383 0.095703
