0 0.476562 0.054688 0.072266 0.109375
0 0.974609 0.008301 0.050781 0.016602
0 0.975098 0.157715 0.043945 0.071289
0 0.828125 0.107910 0.130859 0.059570
0 0.725586 0.155273 0.074219 0.076172
0 0.628418 0.166504 0.120117 0.096680
0 0.795898 0.163086 0.080078 0.072266
0 0.160645 0.260254 0.291992 0.059570
0 0.030273 0.171875 0.060547 0.117188
0 0.096680 0.308105 0.193359 0.055664
0 0.288574 0.284668 0.063477 0.083008
0 0.349121 0.304688 0.165039 0.101562
0 0.089355 0.375488 0.178711 0.051758
0 0.102539 0.456055 0.175781 0.078125
0 0.191895 0.484863 0.069336 0.071289
0 0.307129 0.403809 0.247070 0.077148
0 0.375488 0.439941 0.090820 0.092773
0 0.447754 0.568848 0.088867 0.211914
0 0.496582 0.323730 0.143555 0.102539
0 0.522461 0.403320 0.076172 0.095703
0 0.893555 0.247559 0.123047 0.073242
0 0.798340 0.216309 0.202148 0.075195
0 0.695801 0.318848 0.077148 0.112305
0 0.640137 0.341797 0.045898 0.066406
0 0.705566 0.533203 0.149414 0.136719
0 0.724609 0.393066 0.123047 0.198242
0 0.841309 0.351074 0.079102 0.084961
0 0.815918 0.306152 0.051758 0.075195
0 0.930176 0.312988 0.092773 0.084961
0 0.168457 0.738770 0.100586 0.114258
0 0.319336 0.784668 0.101562 0.075195
0 0.429688 0.726562 0.148438 0.058594
0 0.490234 0.823242 0.119141 0.160156
0 0.626465 0.815918 0.165039 0.067383
0 0.722168 0.770020 0.081055 0.086914
0 0.809082 0.790039 0.088867 0.099609
0 0.828613 0.730469 0.057617 0.111328
0 0.731934 0.843750 0.069336 0.074219
0 0.461426 0.958496 0.065430 0.083008
0 0.524902 0.964355 0.077148 0.071289
0 0.901367 0.880371 0.123047 0.149414
0 0.969238 0.943848 0.061523 0.081055
0 0.793457 0.878418 0.069336 0.061523
0 0.874512 0.688477 0.075195 0.054688
0 0.605469 0.954102 0.101562 0.091797
0 0.968750 0.850098 0.062500 0.094727
