0 0.047363 0.049316 0.088867 0.059570
0 0.132812 0.070801 0.113281 0.092773
0 0.312500 0.054199 0.068359 0.108398
0 0.175293 0.029785 0.104492 0.059570
0 0.300781 0.230957 0.109375 0.065430
0 0.222656 0.242676 0.101562 0.061523
0 0.180664 0.363770 0.064453 0.081055
0 0.241699 0.414551 0.086914 0.061523
0 0.043945 0.388184 0.087891 0.092773
0 0.557129 0.181152 0.081055 0.063477
0 0.481445 0.040527 0.107422 0.079102
0 0.604980 0.066895 0.098633 0.096680
0 0.674316 0.042480 0.084961 0.084961
0 0.765625 0.049805 0.082031 0.099609
0 0.936523 0.071777 0.058594 0.090820
0 0.858887 0.031250 0.065430 0.060547
0 0.961426 0.203613 0.073242 0.071289
0 0.403809 0.465820 0.083008 0.117188
0 0.271973 0.589844 0.079102 0.060547
0 0.337402 0.589355 0.067383 0.077148
0 0.117676 0.625977 0.081055 0.052734
0 0.054199 0.591797 0.108398 0.072266
0 0.054688 0.528320 0.078125 0.054688
0 0.697266 0.417969 0.080078 0.154297
0 0.654785 0.458008 0.086914 0.142578
0 0.773926 0.494629 0.069336 0.090820
0 0.807129 0.463867 0.059570 0.078125
0 0.895508 0.452637 0.070312 0.094727
0 0.906250 0.967285 0.072266 0.065430
0 0.583984 0.936523 0.068359 0.070312
0 0.589355 0.788574 0.061523 0.090820
0 0.460449 0.874023 0.096680 0.095703
0 0.397461 0.808105 0.083984 0.077148
0 0.288086 0.890137 0.091797 0.069336
0 0.378906 0.916504 0.058594 0.071289
0 0.112305 0.781738 0.089844 0.071289
0 0.168945 0.921387 0.087891 0.053711
0 0.057129 0.860352 0.090820 0.062500
0 0.362793 0.983398 0.083008 0.033203
0 0.770508 0.939941 0.070312 0.065430
0 0.960938 0.596680 0.058594 0.070312
0 0.452637 0.159668 0.045898 0.057617
0 0.719238 0.692871 0.075195 0.051758
0 0.476562 0.682129 0.048828 0.043945
0 0.501953 0.611328 0.076172 0.037109
0 0.514648 0.554688 0.062500 0.066406
0 0.941406 0.310059 0.054688 0.053711
0 0.499512 0.947754 0.057617 0.036133
