0 0.035156 0.921875 0.070312 0.082031
0 0.050293 0.723633 0.086914 0.093750
0 0.014160 0.492676 0.028320 0.079102
0 0.074707 0.221680 0.069336 0.105469
0 0.117676 0.142090 0.083008 0.065430
0 0.133301 0.376465 0.083008 0.211914
0 0.150391 0.546875 0.128906 0.089844
0 0.215332 0.406250 0.073242 0.089844
0 0.322754 0.426270 0.145508 0.112305
0 0.568848 0.391113 0.081055 0.155273
0 0.769531 0.403809 0.167969 0.098633
0 0.319824 0.103516 0.090820 0.126953
0 0.499512 0.584473 0.118164 0.084961
0 0.426270 0.575195 0.077148 0.089844
0 0.342285 0.647461 0.073242 0.072266
0 0.316895 0.759277 0.084961 0.084961
0 0.221680 0.891113 0.085938 0.106445
0 0.180176 0.651855 0.073242 0.077148
0 0.540527 0.766113 0.086914 0.110352
0 0.431152 0.993164 0.094727 0.013672
0 0.283203 0.964355 0.082031 0.071289
0 0.422363 0.929199 0.081055 0.083008
0 0.546387 0.936035 0.182617 0.104492
0 0.687988 0.833984 0.141602 0.099609
0 0.394043 0.253906 0.075195 0.138672
0 0.945312 0.056152 0.095703 0.079102
0 0.698730 0.606445 0.051758 0.054688
0 0.805176 0.853516 0.122070 0.074219
