0 0.024902 0.345215 0.049805 0.071289
0 0.039551 0.590820 0.063477 0.146484
0 0.217285 0.666016 0.061523 0.076172
0 0.115723 0.569824 0.108398 0.065430
0 0.343750 0.582520 0.070312 0.090820
0 0.536621 0.600098 0.127930 0.084961
0 0.449707 0.506836 0.069336 0.093750
0 0.419922 0.345215 0.123047 0.061523
0 0.477539 0.092285 0.109375 0.127930
0 0.588867 0.157227 0.070312 0.087891
0 0.651855 0.107422 0.090820 0.105469
0 0.790527 0.229980 0.077148 0.131836
0 0.857422 0.305176 0.101562 0.127930
0 0.742676 0.559570 0.090820 0.156250
0 0.791504 0.642578 0.125977 0.072266
0 0.813965 0.700195 0.079102 0.087891
0 0.880859 0.576660 0.103516 0.166992
0 0.933105 0.654297 0.069336 0.070312
0 0.782715 0.804688 0.096680 0.070312
0 0.800293 0.848633 0.075195 0.046875
0 0.791992 0.906250 0.132812 0.162109
0 0.875000 0.882812 0.085938 0.078125
0 0.864258 0.019531 0.066406 0.039062
0 0.928223 0.021973 0.127930 0.043945
0 0.489258 0.976074 0.066406 0.047852
0 0.631348 0.940918 0.161133 0.118164
0 0.629883 0.847656 0.062500 0.062500
0 0.666992 0.962891 0.072266 0.074219
0 0.391602 0.826172 0.078125 0.191406
0 0.417480 0.954102 0.084961 0.091797
0 0.312500 0.821289 0.138672 0.083984
0 0.240723 0.840332 0.094727 0.063477
0 0.327637 0.738281 0.049805 0.048828
0 0.078613 0.846680 0.083008 0.109375
0 0.052734 0.986816 0.105469 0.026367
0 0.031250 0.933105 0.062500 0.065430
0 0.168457 0.208496 0.084961 0.077148
0 0.147949 0.254883 0.098633 0.117188
0 0.223633 0.302246 0.056641 0.043945
0 0.060059 0.224121 0.061523 0.045898
0 0.026855 0.105469 0.053711 0.109375
0 0.059082 0.064941 0.065430 0.129883
0 0.100098 0.103027 0.063477 0.092773
0 0.979980 0.782715 0.040039 0.043945
0 0.033691 0.479004 0.049805 0.071289
0 0.084473 0.712402 0.098633 0.067383
0 0.012695 0.888672 0.025391 0.060547
0 0.128418 0.893066 0.096680 0.047852
0 0.316895 0.325684 0.090820 0.186523
0 0.352051 0.276855 0.063477 0.049805
0 0.789062 0.365234 0.060547 0.052734
0 0.015625 0.393066 0.031250 0.139648
