0 0.451172 0.833496 0.152344 0.079102
0 0.398438 0.247070 0.082031 0.078125
0 0.343262 0.565918 0.063477 0.120117
0 0.532227 0.602539 0.250000 0.072266
0 0.021484 0.132812 0.042969 0.083984
0 0.222656 0.378906 0.050781 0.076172
0 0.501465 0.038574 0.067383 0.077148
0 0.114746 0.113281 0.125977 0.085938
0 0.926758 0.359863 0.111328 0.112305
0 0.509277 0.663086 0.200195 0.080078
0 0.962402 0.811523 0.071289 0.083984
0 0.138184 0.939941 0.104492 0.098633
0 0.105957 0.502441 0.133789 0.110352
0 0.259766 0.404785 0.058594 0.051758
0 0.915039 0.719238 0.107422 0.143555
0 0.073242 0.312988 0.146484 0.086914
0 0.406250 0.207031 0.083984 0.072266
0 0.405273 0.151855 0.093750 0.057617
0 0.773438 0.770508 0.121094 0.160156
0 0.584473 0.830078 0.137695 0.080078
0 0.909668 0.844238 0.143555 0.149414
0 0.439453 0.094727 0.144531 0.189453
0 0.280273 0.286621 0.123047 0.092773
0 0.685547 0.628418 0.095703 0.084961
0 0.506836 0.760254 0.048828 0.059570
0 0.398438 0.555664 0.056641 0.066406
0 0.897461 0.636719 0.162109 0.140625
0 0.877930 0.556152 0.142578 0.174805
0 0.895508 0.462402 0.101562 0.065430
0 0.959473 0.443359 0.059570 0.066406
0 0.310059 0.256348 0.077148 0.088867
0 0.329590 0.036621 0.083008 0.073242
0 0.548828 0.123047 0.058594 0.052734
0 0.557617 0.177734 0.058594 0.052734
0 0.298828 0.465820 0.046875 0.033203
0 0.356934 0.436523 0.055664 0.029297
0 0.200684 0.019531 0.051758 0.037109
0 0.221680 0.319824 0.095703 0.118164
0 0.200195 0.323242 0.072266 0.064453
