0 0.157227 0.041992 0.072266 0.082031
0 0.265625 0.100098 0.074219 0.069336
0 0.216797 0.127441 0.066406 0.051758
0 0.374023 0.045410 0.076172 0.090820
0 0.387207 0.111328 0.110352 0.066406
0 0.346191 0.144531 0.063477 0.066406
0 0.338867 0.215332 0.058594 0.059570
0 0.131836 0.375488 0.089844 0.077148
0 0.192383 0.570801 0.062500 0.065430
0 0.151855 0.665527 0.067383 0.063477
0 0.099609 0.624512 0.074219 0.071289
0 0.049805 0.648926 0.066406 0.069336
0 0.337891 0.543945 0.076172 0.091797
0 0.396484 0.555176 0.056641 0.063477
0 0.305664 0.618164 0.083984 0.062500
0 0.521484 0.458008 0.091797 0.083984
0 0.449707 0.468262 0.051758 0.086914
0 0.410156 0.455078 0.060547 0.089844
0 0.643066 0.418457 0.059570 0.075195
0 0.647461 0.597168 0.085938 0.063477
0 0.524902 0.584961 0.075195 0.054688
0 0.569336 0.613281 0.066406 0.066406
0 0.525391 0.704590 0.066406 0.067383
0 0.502930 0.628418 0.056641 0.049805
0 0.819824 0.712402 0.065430 0.059570
0 0.943848 0.659180 0.061523 0.076172
0 0.951172 0.448730 0.095703 0.122070
0 0.736816 0.983398 0.057617 0.033203
0 0.934570 0.034668 0.083984 0.057617
0 0.886719 0.079102 0.056641 0.074219
0 0.667969 0.036621 0.056641 0.069336
0 0.574219 0.062012 0.056641 0.059570
0 0.697266 0.156250 0.066406 0.072266
0 0.214355 0.878906 0.073242 0.099609
0 0.448242 0.976562 0.068359 0.046875
0 0.838867 0.621094 0.087891 0.062500
0 0.188477 0.423828 0.052734 0.072266
0 0.428223 0.405273 0.077148 0.066406
0 0.744629 0.180664 0.073242 0.066406
0 0.573242 0.121094 0.054688 0.054688
0 0.553711 0.008301 0.041016 0.016602
0 0.532227 0.021484 0.054688 0.042969
0 0.315430 0.500488 0.054688 0.047852
0 0.987305 0.904297 0.025391 0.080078
0 0.990723 0.047363 0.018555 0.051758
