0 0.117676 0.570801 0.096680 0.112305
0 0.219727 0.546875 0.099609 0.095703
0 0.074219 0.364746 0.123047 0.092773
0 0.023438 0.314941 0.046875 0.063477
0 0.028320 0.824707 0.056641 0.071289
0 0.087402 0.972168 0.096680 0.055664
0 0.209961 0.730469 0.087891 0.056641
0 0.620605 0.844727 0.135742 0.083984
0 0.839844 0.823242 0.070312 0.056641
0 0.376465 0.951172 0.096680 0.097656
0 0.543945 0.947266 0.136719 0.105469
0 0.672363 0.928711 0.120117 0.066406
0 0.655762 0.692383 0.069336 0.103516
0 0.467285 0.522461 0.100586 0.132812
0 0.402344 0.370117 0.072266 0.078125
0 0.316895 0.344727 0.067383 0.076172
0 0.142090 0.260742 0.057617 0.058594
0 0.737793 0.429199 0.090820 0.086914
0 0.792480 0.515625 0.061523 0.052734
0 0.874512 0.458496 0.106445 0.061523
0 0.891113 0.643555 0.067383 0.056641
0 0.810059 0.362793 0.096680 0.055664
0 0.710938 0.208008 0.093750 0.058594
0 0.867676 0.256348 0.129883 0.073242
0 0.875000 0.193359 0.066406 0.068359
0 0.848633 0.303711 0.062500 0.052734
0 0.382812 0.030273 0.130859 0.060547
0 0.102539 0.021973 0.083984 0.043945
0 0.015625 0.052734 0.031250 0.082031
0 0.903809 0.095703 0.151367 0.130859
0 0.952637 0.426270 0.092773 0.094727
0 0.961426 0.820312 0.077148 0.072266
0 0.643066 0.466797 0.061523 0.056641
0 0.085449 0.909668 0.118164 0.092773
0 0.524414 0.277344 0.048828 0.048828
