0 0.099121 0.262207 0.165039 0.083008
0 0.044922 0.088379 0.089844 0.176758
0 0.188965 0.108398 0.075195 0.089844
0 0.273438 0.181152 0.070312 0.071289
0 0.413086 0.025879 0.103516 0.051758
0 0.496094 0.331543 0.115234 0.104492
0 0.484863 0.188965 0.055664 0.090820
0 0.664551 0.039062 0.092773 0.078125
0 0.834473 0.116699 0.065430 0.073242
0 0.640625 0.506836 0.132812 0.142578
0 0.433105 0.490723 0.083008 0.114258
0 0.301270 0.542969 0.073242 0.074219
0 0.061035 0.497559 0.096680 0.096680
0 0.107910 0.357910 0.102539 0.098633
0 0.020996 0.862793 0.041992 0.081055
0 0.312988 0.936035 0.084961 0.096680
0 0.240723 0.813965 0.067383 0.055664
0 0.424316 0.716797 0.084961 0.146484
0 0.523438 0.681152 0.109375 0.174805
0 0.724609 0.631348 0.103516 0.127930
0 0.869629 0.656250 0.102539 0.082031
0 0.723145 0.835449 0.079102 0.079102
0 0.606445 0.793945 0.113281 0.087891
0 0.570312 0.954590 0.087891 0.090820
0 0.685059 0.950684 0.059570 0.059570
0 0.857910 0.939453 0.094727 0.115234
0 0.967773 0.023926 0.064453 0.047852
0 0.952637 0.392090 0.094727 0.092773
0 0.938965 0.226562 0.116211 0.099609
0 0.990234 0.491211 0.019531 0.101562
0 0.971680 0.826660 0.056641 0.081055
0 0.947754 0.891113 0.081055 0.098633
0 0.108887 0.966797 0.090820 0.066406
0 0.125977 0.530273 0.089844 0.070312
