0 0.375488 0.157227 0.114258 0.058594
0 0.389648 0.044922 0.083984 0.080078
0 0.234375 0.078125 0.115234 0.117188
0 0.847168 0.913086 0.073242 0.080078
0 0.571289 0.183594 0.083984 0.058594
0 0.531738 0.921875 0.118164 0.068359
0 0.085938 0.095215 0.113281 0.063477
0 0.585938 0.258301 0.087891 0.075195
0 0.065430 0.465820 0.085938 0.050781
0 0.640625 0.068359 0.054688 0.083984
0 0.311523 0.392578 0.109375 0.160156
0 0.364258 0.262207 0.187500 0.088867
0 0.965820 0.249023 0.068359 0.044922
0 0.291504 0.185547 0.143555 0.056641
0 0.977051 0.667969 0.045898 0.039062
0 0.729004 0.849609 0.083008 0.056641
0 0.575195 0.854980 0.134766 0.061523
0 0.292480 0.023438 0.127930 0.042969
0 0.287109 0.065430 0.080078 0.078125
0 0.436035 0.809570 0.081055 0.048828
0 0.157715 0.555176 0.086914 0.043945
0 0.055176 0.016113 0.110352 0.030273
0 0.047363 0.604492 0.092773 0.072266
0 0.702637 0.618652 0.192383 0.063477
0 0.843750 0.862793 0.150391 0.038086
0 0.944336 0.341797 0.111328 0.087891
0 0.170410 0.470703 0.139648 0.093750
0 0.062012 0.374512 0.122070 0.086914
0 0.062988 0.768555 0.049805 0.123047
0 0.969727 0.525391 0.060547 0.048828
0 0.196289 0.359375 0.060547 0.044922
0 0.134766 0.829102 0.076172 0.066406
0 0.070801 0.952637 0.137695 0.055664
0 0.969727 0.893555 0.060547 0.027344
0 0.608398 0.980957 0.029297 0.038086
0 0.565918 0.459473 0.124023 0.032227
0 0.621582 0.762207 0.151367 0.030273
0 0.436523 0.113281 0.058594 0.080078
0 0.375977 0.498047 0.083984 0.044922
0 0.267090 0.719727 0.108398 0.031250
0 0.382812 0.579590 0.178125 0.050781
0 0.390625 0.528320 0.105469 0.033203
0 0.179785 0.730664 0.174023 0.139062
0 0.080566 0.856934 0.122070 0.034180
0 0.338867 0.816406 0.095703 0.031250
0 0.733398 0.060547 0.164062 0.072266
0 0.793945 0.967773 0.113281 0.031250
0 0.968262 0.931152 0.063477 0.069336
0 0.343750 0.922852 0.175781 0.154297
0 0.882324 0.785645 0.112305 0.036133
0 0.395996 0.141602 0.059570 0.041016
0 0.645996 0.488770 0.159180 0.040039
0 0.320312 0.877441 0.142578 0.041992
0 0.235840 0.397461 0.032227 0.062500
0 0.263184 0.476562 0.174805 0.037109
0 0.603516 0.101074 0.095703 0.077148
0 0.059082 0.225586 0.118164 0.041016
0 0.726562 0.585449 0.191406 0.125977
0 0.752441 0.007812 0.079102 0.015625
0 0.020508 0.726074 0.041016 0.077148
0 0.420410 0.706055 0.233398 0.136719
0 0.962402 0.487305 0.075195 0.035156
0 0.889160 0.059570 0.194336 0.119141
0 0.868652 0.741699 0.194336 0.045898
0 0.648926 0.916504 0.047852 0.030273
0 0.544434 0.483398 0.102539 0.042969
0 0.626953 0.507324 0.082031 0.026367
0 0.536133 0.308594 0.164062 0.035156
0 0.229004 0.583008 0.077148 0.027344
0 0.044434 0.526367 0.088867 0.041016
0 0.975586 0.964844 0.044922 0.031250
0 0.153320 0.790527 0.068359 0.036133
0 0.258301 0.193848 0.065430 0.030273
