0 0.922363 0.022949 0.094727 0.045898
0 0.042480 0.881348 0.084961 0.100586
0 0.277832 0.228027 0.110352 0.129883
0 0.609375 0.848633 0.087891 0.062500
0 0.716797 0.521484 0.121094 0.115234
0 0.134766 0.729492 0.099609 0.109375
0 0.283691 0.389648 0.133789 0.074219
0 0.861816 0.272949 0.106445 0.147461
0 0.443359 0.049316 0.208984 0.098633
0 0.552246 0.597656 0.102539 0.103516
0 0.562988 0.406738 0.100586 0.157227
0 0.074219 0.250977 0.080078 0.103516
0 0.771484 0.422363 0.097656 0.125977
0 0.367676 0.202637 0.166992 0.176758
0 0.448242 0.301758 0.140625 0.097656
0 0.756836 0.245605 0.093750 0.143555
0 0.536133 0.957520 0.167969 0.059570
0 0.571777 0.920898 0.098633 0.076172
