0 0.702637 0.354980 0.102539 0.077148
0 0.979004 0.724121 0.041992 0.088867
0 0.208984 0.287109 0.091797 0.123047
0 0.637207 0.878418 0.084961 0.065430
0 0.155273 0.729980 0.087891 0.178711
0 0.580566 0.271973 0.065430 0.084961
0 0.753418 0.293457 0.090820 0.090820
0 0.019531 0.230957 0.039062 0.090820
0 0.121582 0.595215 0.114258 0.116211
0 0.963379 0.882324 0.073242 0.077148
0 0.469238 0.035156 0.084961 0.064453
0 0.817871 0.322754 0.090820 0.114258
0 0.476074 0.297852 0.124023 0.117188
0 0.557617 0.942871 0.271484 0.092773
0 0.693848 0.162109 0.116211 0.117188
0 0.556641 0.040039 0.087891 0.080078
0 0.202148 0.726562 0.111328 0.197266
0 0.508789 0.122070 0.103516 0.087891
0 0.928223 0.263672 0.100586 0.080078
0 0.400879 0.238281 0.084961 0.066406
0 0.370605 0.319336 0.075195 0.089844
0 0.311523 0.332031 0.103516 0.113281
0 0.271973 0.382324 0.116211 0.067383
0 0.472168 0.426758 0.075195 0.074219
0 0.585449 0.384766 0.073242 0.089844
0 0.488770 0.526855 0.081055 0.084961
0 0.535156 0.650391 0.070312 0.083984
0 0.559570 0.577148 0.052734 0.074219
0 0.631836 0.581055 0.111328 0.126953
0 0.604492 0.492188 0.056641 0.044922
0 0.568848 0.458984 0.114258 0.064453
