0 0.313965 0.420410 0.055664 0.086914
0 0.768555 0.363281 0.054688 0.093750
0 0.534180 0.587891 0.087891 0.099609
0 0.125000 0.492676 0.101562 0.071289
0 0.242676 0.298828 0.051758 0.091797
0 0.470215 0.645508 0.061523 0.074219
0 0.300781 0.950684 0.066406 0.086914
0 0.132324 0.356445 0.071289 0.080078
0 0.838379 0.109863 0.081055 0.131836
0 0.494629 0.194824 0.040039 0.088867
0 0.732910 0.584473 0.047852 0.081055
0 0.854004 0.814453 0.067383 0.056641
0 0.357422 0.049316 0.054688 0.073242
0 0.822266 0.432617 0.044922 0.113281
0 0.355957 0.966309 0.043945 0.067383
0 0.328125 0.205566 0.078125 0.049805
0 0.784180 0.715332 0.046875 0.090820
0 0.554199 0.337891 0.061523 0.083984
0 0.704590 0.837891 0.075195 0.056641
0 0.765137 0.151367 0.053711 0.093750
0 0.960938 0.888672 0.042969 0.080078
0 0.377441 0.271973 0.038086 0.069336
0 0.159180 0.833984 0.064453 0.103516
0 0.405762 0.444824 0.051758 0.120117
0 0.235840 0.931641 0.081055 0.056641
0 0.268066 0.165527 0.086914 0.122070
0 0.189941 0.188965 0.065430 0.077148
0 0.268555 0.041504 0.085938 0.083008
0 0.396973 0.578125 0.067383 0.103516
0 0.475586 0.414551 0.052734 0.077148
0 0.258301 0.502930 0.038086 0.089844
0 0.684082 0.063477 0.065430 0.050781
0 0.323730 0.122559 0.034180 0.086914
0 0.746582 0.478516 0.030273 0.076172
0 0.970703 0.577148 0.046875 0.072266
0 0.867676 0.931152 0.053711 0.084961
0 0.433105 0.927734 0.032227 0.056641
0 0.483398 0.109863 0.074219 0.047852
0 0.948730 0.980469 0.061523 0.037109
0 0.389160 0.021484 0.051758 0.041016
0 0.064453 0.973633 0.058594 0.052734
0 0.981934 0.377930 0.036133 0.058594
0 0.596191 0.249512 0.047852 0.065430
0 0.139160 0.420410 0.084961 0.043945
0 0.116211 0.982910 0.033203 0.034180
0 0.547363 0.827637 0.057617 0.041992
0 0.768555 0.819336 0.042969 0.037109
0 0.966309 0.104492 0.067383 0.048828
0 0.951172 0.199707 0.072266 0.081055
0 0.872559 0.735840 0.055664 0.057617
0 0.220215 0.867188 0.051758 0.042969
0 0.166504 0.294434 0.043945 0.053711
0 0.868652 0.588379 0.047852 0.059570
0 0.883301 0.333984 0.045898 0.085938
0 0.310547 0.484863 0.050781 0.049805
0 0.218750 0.981934 0.041016 0.036133
0 0.076172 0.778809 0.076172 0.067383
0 0.827148 0.970703 0.037109 0.054688
0 0.696289 0.268066 0.062500 0.073242
0 0.275391 0.365234 0.042969 0.062500
0 0.914551 0.417969 0.125977 0.068359
0 0.013672 0.037598 0.027344 0.043945
0 0.283203 0.832520 0.044922 0.034180
0 0.024902 0.924805 0.049805 0.050781
0 0.164551 0.704102 0.073242 0.042969
0 0.033203 0.421875 0.039062 0.064453
0 0.526367 0.483398 0.056641 0.041016
0 0.896973 0.679199 0.043945 0.049805
0 0.669434 0.798828 0.067383 0.093750
0 0.426270 0.171387 0.065430 0.055664
0 0.074707 0.604004 0.098633 0.075195
0 0.915039 0.559082 0.042969 0.049805
0 0.902344 0.221191 0.048828 0.065430
0 0.860840 0.049316 0.055664 0.057617
0 0.917969 0.054199 0.054688 0.053711
0 0.685059 0.521484 0.061523 0.066406
0 0.904297 0.807617 0.048828 0.035156
0 0.591309 0.974609 0.049805 0.044922
0 0.237793 0.641113 0.071289 0.067383
0 0.014160 0.565430 0.026367 0.035156
0 0.747070 0.074707 0.041016 0.071289
