0 0.909668 0.051270 0.067383 0.102539
0 0.317871 0.298828 0.061523 0.091797
0 0.801758 0.869629 0.083984 0.071289
0 0.405273 0.824219 0.054688 0.085938
0 0.493164 0.112793 0.058594 0.100586
0 0.548828 0.869629 0.085938 0.086914
0 0.802246 0.162109 0.098633 0.066406
0 0.234375 0.484375 0.044922 0.076172
0 0.033691 0.413574 0.067383 0.081055
0 0.979004 0.526855 0.041992 0.053711
0 0.661133 0.142090 0.042969 0.114258
0 0.160156 0.296875 0.097656 0.080078
0 0.582031 0.966797 0.115234 0.054688
0 0.437012 0.228027 0.090820 0.067383
0 0.563477 0.577637 0.027344 0.065430
0 0.312500 0.671387 0.076172 0.055664
0 0.383789 0.603516 0.095703 0.042969
0 0.765137 0.509277 0.094727 0.051758
0 0.522461 0.230469 0.080078 0.095703
0 0.062012 0.038574 0.032227 0.077148
0 0.366211 0.952637 0.037109 0.094727
0 0.288574 0.505859 0.069336 0.046875
0 0.414062 0.954590 0.072266 0.086914
0 0.866699 0.306152 0.067383 0.127930
0 0.039062 0.183105 0.078125 0.057617
0 0.840820 0.116211 0.058594 0.103516
0 0.599121 0.126465 0.034180 0.088867
0 0.720703 0.155273 0.037109 0.138672
0 0.383789 0.887695 0.101562 0.085938
0 0.895996 0.395996 0.088867 0.108398
0 0.098145 0.801758 0.067383 0.058594
0 0.082520 0.910645 0.090820 0.108398
0 0.928711 0.462891 0.117188 0.056641
0 0.039551 0.239258 0.075195 0.033203
0 0.776855 0.737793 0.061523 0.028320
0 0.625488 0.254395 0.090820 0.061523
0 0.846191 0.046875 0.034180 0.093750
0 0.177734 0.933594 0.080078 0.132812
0 0.275879 0.977539 0.065430 0.041016
0 0.215820 0.644531 0.095703 0.042969
0 0.164551 0.465820 0.120117 0.070312
0 0.074707 0.488281 0.108398 0.023438
0 0.623047 0.234863 0.177734 0.028320
0 0.796875 0.415527 0.060547 0.016602
0 0.772461 0.275879 0.046875 0.069336
0 0.044922 0.308105 0.074219 0.122070
0 0.398926 0.637207 0.065430 0.061523
0 0.161133 0.166016 0.240234 0.152344
0 0.029785 0.141602 0.059570 0.025391
0 0.800781 0.252441 0.060547 0.161133
0 0.776855 0.675293 0.165039 0.100586
0 0.227051 0.855469 0.041992 0.210938
0 0.041016 0.843750 0.080078 0.029297
0 0.393555 0.385254 0.039062 0.186523
0 0.024414 0.504883 0.048828 0.035156
0 0.544922 0.739746 0.125000 0.047852
0 0.915527 0.105957 0.047852 0.090820
0 0.171875 0.416016 0.072266 0.037109
0 0.158203 0.364258 0.050781 0.056641
0 0.066406 0.643066 0.109375 0.086914
0 0.010742 0.568359 0.019531 0.060547
0 0.882812 0.528809 0.162109 0.047852
0 0.766602 0.567383 0.177734 0.052734
0 0.756836 0.569336 0.119141 0.072266
0 0.697754 0.590820 0.088867 0.097656
0 0.781250 0.631836 0.109375 0.076172
0 0.970703 0.657715 0.052734 0.057617
0 0.346680 0.791504 0.109375 0.088867
0 0.303711 0.781738 0.105469 0.092773
0 0.610840 0.137695 0.057617 0.152344
0 0.904297 0.942383 0.072266 0.085938
0 0.759277 0.798828 0.155273 0.115234
0 0.494141 0.888184 0.105469 0.055664
0 0.314453 0.584473 0.076172 0.059570
0 0.660645 0.731934 0.045898 0.073242
0 0.481934 0.783691 0.073242 0.061523
0 0.658203 0.025391 0.175781 0.050781
