0 0.705078 0.102051 0.113281 0.079102
0 0.481934 0.616699 0.149414 0.094727
0 0.240723 0.654785 0.118164 0.120117
0 0.559570 0.798340 0.115234 0.083008
0 0.408203 0.719238 0.123047 0.094727
0 0.255371 0.468262 0.102539 0.112305
0 0.868164 0.524414 0.082031 0.064453
0 0.903320 0.297363 0.117188 0.094727
0 0.102051 0.622070 0.075195 0.095703
0 0.453125 0.540527 0.142578 0.112305
0 0.277344 0.929688 0.089844 0.105469
0 0.933105 0.885742 0.102539 0.082031
0 0.897461 0.791992 0.083984 0.064453
0 0.328613 0.795898 0.102539 0.087891
0 0.312988 0.216309 0.094727 0.075195
0 0.536133 0.407715 0.142578 0.110352
0 0.504395 0.220703 0.129883 0.107422
0 0.625000 0.447754 0.097656 0.112305
0 0.687012 0.453125 0.075195 0.078125
0 0.940918 0.405762 0.118164 0.108398
0 0.480469 0.021973 0.126953 0.043945
0 0.265625 0.238281 0.126953 0.158203
0 0.598633 0.375488 0.062500 0.196289
