0 0.028320 0.552246 0.056641 0.075195
0 0.099121 0.407227 0.110352 0.093750
0 0.079590 0.951660 0.153320 0.065430
0 0.373535 0.101074 0.073242 0.086914
0 0.744141 0.019531 0.070312 0.039062
0 0.110352 0.521484 0.109375 0.083984
0 0.996582 0.108887 0.006836 0.067383
0 0.800293 0.986816 0.100586 0.026367
0 0.767578 0.188477 0.068359 0.064453
0 0.239746 0.391113 0.069336 0.110352
0 0.528809 0.109375 0.137695 0.101562
0 0.653320 0.937988 0.095703 0.057617
0 0.546875 0.623535 0.179688 0.090820
0 0.546387 0.562988 0.120117 0.081055
0 0.801270 0.571289 0.110352 0.097656
0 0.303223 0.424805 0.081055 0.119141
0 0.696777 0.048828 0.102539 0.062500
0 0.737305 0.121094 0.085938 0.064453
0 0.852539 0.242676 0.087891 0.090820
0 0.648438 0.187988 0.087891 0.081055
0 0.700195 0.276367 0.152344 0.078125
0 0.605957 0.369141 0.120117 0.087891
0 0.558105 0.706543 0.116211 0.090820
0 0.942871 0.824219 0.069336 0.062500
0 0.751953 0.906250 0.107422 0.070312
0 0.848633 0.920410 0.068359 0.094727
0 0.839355 0.861328 0.077148 0.058594
0 0.034180 0.644531 0.068359 0.060547
0 0.046875 0.209961 0.093750 0.091797
0 0.162109 0.122070 0.089844 0.068359
0 0.102539 0.058594 0.121094 0.083984
0 0.032715 0.032227 0.065430 0.064453
0 0.722656 0.335449 0.058594 0.084961
0 0.550781 0.167480 0.144531 0.108398
0 0.192871 0.413574 0.051758 0.081055
0 0.036621 0.782227 0.073242 0.076172
0 0.840820 0.123047 0.039062 0.050781
