0 0.903809 0.033203 0.096680 0.066406
0 0.100586 0.007812 0.091797 0.015625
0 0.448730 0.017578 0.118164 0.035156
0 0.275879 0.083984 0.055664 0.058594
0 0.143555 0.089844 0.181641 0.091797
0 0.052734 0.123535 0.076172 0.065430
0 0.488281 0.214844 0.072266 0.066406
0 0.621094 0.223633 0.089844 0.134766
0 0.859375 0.263672 0.125000 0.085938
0 0.881348 0.322266 0.122070 0.062500
0 0.992188 0.514160 0.015625 0.077148
0 0.850098 0.513672 0.106445 0.072266
0 0.750488 0.406738 0.129883 0.088867
0 0.644043 0.456543 0.077148 0.077148
0 0.500000 0.456055 0.093750 0.087891
0 0.073730 0.456543 0.094727 0.083008
0 0.204102 0.597168 0.109375 0.098633
0 0.412598 0.594727 0.079102 0.074219
0 0.496094 0.695312 0.101562 0.099609
0 0.400391 0.817383 0.095703 0.097656
0 0.191895 0.913086 0.067383 0.101562
0 0.106934 0.868164 0.067383 0.070312
0 0.093262 0.970215 0.045898 0.059570
0 0.279297 0.951172 0.082031 0.089844
0 0.665039 0.869629 0.074219 0.104492
0 0.832031 0.808594 0.062500 0.089844
0 0.975586 0.722656 0.048828 0.089844
0 0.925293 0.768066 0.065430 0.151367
0 0.708496 0.952148 0.053711 0.083984
