0 0.859863 0.050781 0.077148 0.099609
0 0.747559 0.445801 0.055664 0.094727
0 0.961914 0.427246 0.076172 0.073242
0 0.934082 0.642090 0.131836 0.061523
0 0.330078 0.734375 0.128906 0.085938
0 0.528809 0.392090 0.108398 0.065430
0 0.813477 0.243164 0.113281 0.064453
0 0.723633 0.780273 0.062500 0.070312
0 0.231445 0.453125 0.080078 0.050781
0 0.677246 0.186035 0.086914 0.065430
0 0.421875 0.709961 0.066406 0.066406
0 0.883301 0.816406 0.127930 0.039062
0 0.213379 0.710449 0.110352 0.043945
0 0.343262 0.111328 0.112305 0.093750
0 0.860352 0.156738 0.105469 0.045898
0 0.943848 0.533691 0.100586 0.051758
0 0.471680 0.079102 0.117188 0.082031
0 0.367676 0.430664 0.061523 0.041016
0 0.057617 0.700684 0.103516 0.040039
0 0.125488 0.077148 0.143555 0.109375
0 0.642578 0.451172 0.035156 0.091797
0 0.957031 0.812500 0.082031 0.033203
0 0.331543 0.146484 0.084961 0.048828
0 0.722656 0.523926 0.097656 0.075195
0 0.223145 0.836426 0.110352 0.049805
0 0.158691 0.743164 0.108398 0.052734
0 0.451172 0.198242 0.083984 0.048828
0 0.433105 0.817383 0.131836 0.041016
0 0.592285 0.818848 0.129883 0.040039
0 0.262207 0.201660 0.104492 0.061523
0 0.035156 0.166016 0.070312 0.037109
0 0.180176 0.384766 0.053711 0.041016
0 0.172852 0.624512 0.064453 0.057617
0 0.477539 0.785645 0.119141 0.041992
0 0.431152 0.887695 0.118164 0.042969
0 0.534180 0.687988 0.082031 0.028320
0 0.726562 0.730957 0.103516 0.032227
0 0.893555 0.577637 0.123047 0.055664
0 0.622070 0.873535 0.074219 0.071289
0 0.424316 0.456543 0.077148 0.040039
0 0.077637 0.153809 0.065430 0.065430
0 0.940918 0.479004 0.086914 0.038086
0 0.304199 0.666504 0.083008 0.053711
0 0.692383 0.696777 0.076172 0.043945
0 0.566895 0.549805 0.067383 0.037109
0 0.053223 0.664551 0.106445 0.040039
0 0.046387 0.016602 0.047852 0.033203
0 0.766602 0.515137 0.058594 0.030273
0 0.604492 0.736816 0.115234 0.034180
0 0.531250 0.200195 0.105469 0.052734
0 0.861816 0.417480 0.112305 0.040039
0 0.197266 0.530762 0.062500 0.030273
0 0.456543 0.274902 0.086914 0.028320
0 0.719727 0.844727 0.072266 0.037109
0 0.101074 0.476562 0.120117 0.080078
0 0.783203 0.834473 0.080078 0.028320
0 0.635742 0.230957 0.164062 0.053711
0 0.230469 0.677246 0.123047 0.034180
0 0.341309 0.069336 0.108398 0.060547
0 0.058594 0.829102 0.109375 0.029297
0 0.861816 0.449219 0.061523 0.027344
0 0.115234 0.138672 0.138672 0.076172
0 0.861328 0.487305 0.089844 0.039062
0 0.729980 0.907227 0.092773 0.023438
0 0.946289 0.787109 0.107422 0.027344
0 0.510254 0.233887 0.112305 0.043945
0 0.666504 0.814941 0.108398 0.032227
0 0.080566 0.465820 0.161133 0.039062
0 0.090820 0.809082 0.134766 0.061523
0 0.606445 0.794922 0.093750 0.021484
0 0.572754 0.183105 0.083008 0.047852
0 0.151367 0.752441 0.105469 0.041992
0 0.141602 0.786133 0.099609 0.044922
0 0.035156 0.542480 0.066406 0.041992
0 0.687500 0.779297 0.039062 0.042969
0 0.083984 0.752930 0.068359 0.044922
0 0.095703 0.466309 0.101562 0.055664
0 0.779785 0.545898 0.057617 0.027344
