0 0.085449 0.835938 0.084961 0.123047
0 0.087891 0.931641 0.175781 0.136719
0 0.032715 0.504395 0.065430 0.176758
0 0.032715 0.382324 0.065430 0.110352
0 0.025391 0.213867 0.050781 0.164062
0 0.043457 0.024902 0.086914 0.049805
0 0.966309 0.238281 0.067383 0.068359
0 0.972168 0.484863 0.055664 0.063477
0 0.882812 0.531250 0.095703 0.109375
0 0.961914 0.581543 0.076172 0.114258
0 0.799316 0.386719 0.120117 0.058594
0 0.610840 0.574219 0.069336 0.056641
0 0.613281 0.708496 0.121094 0.071289
0 0.709961 0.743164 0.060547 0.154297
0 0.369629 0.516113 0.112305 0.118164
0 0.613281 0.326660 0.156250 0.172852
0 0.626953 0.175781 0.128906 0.054688
0 0.535156 0.212402 0.052734 0.049805
0 0.489258 0.385742 0.060547 0.054688
0 0.365723 0.350586 0.092773 0.173828
0 0.304199 0.373535 0.077148 0.075195
0 0.603516 0.090820 0.099609 0.064453
0 0.904297 0.406250 0.082031 0.080078
0 0.463379 0.945312 0.112305 0.103516
0 0.787109 0.940918 0.177734 0.118164
0 0.596191 0.261719 0.063477 0.095703
0 0.055664 0.916504 0.076172 0.073242
0 0.960449 0.627441 0.065430 0.073242
0 0.015625 0.072754 0.031250 0.063477
