0 0.889160 0.947754 0.075195 0.104492
0 0.513184 0.628418 0.073242 0.102539
0 0.611816 0.749512 0.075195 0.159180
0 0.774414 0.863281 0.070312 0.117188
0 0.216797 0.704102 0.134766 0.080078
0 0.566895 0.202148 0.094727 0.189453
0 0.087891 0.863281 0.107422 0.107422
0 0.095703 0.605469 0.087891 0.093750
0 0.804688 0.439941 0.070312 0.073242
0 0.754395 0.321777 0.069336 0.110352
0 0.278320 0.967285 0.078125 0.065430
0 0.534180 0.441895 0.089844 0.139648
0 0.065918 0.959473 0.077148 0.069336
0 0.812012 0.632812 0.079102 0.068359
0 0.824219 0.203613 0.070312 0.112305
0 0.848145 0.518066 0.092773 0.102539
0 0.498535 0.051758 0.047852 0.099609
0 0.273438 0.145020 0.074219 0.067383
0 0.803223 0.163574 0.047852 0.102539
0 0.564453 0.529297 0.095703 0.105469
0 0.159668 0.749512 0.059570 0.075195
0 0.839844 0.036133 0.072266 0.070312
0 0.129395 0.852051 0.075195 0.079102
