0 0.353516 0.187500 0.080078 0.091797
0 0.763184 0.524414 0.086914 0.068359
0 0.596680 0.196777 0.093750 0.092773
0 0.979980 0.328125 0.040039 0.083984
0 0.038574 0.920898 0.077148 0.060547
0 0.048828 0.210449 0.097656 0.061523
0 0.170410 0.327148 0.110352 0.080078
0 0.060059 0.393066 0.118164 0.067383
0 0.045410 0.540527 0.090820 0.102539
0 0.312012 0.344727 0.081055 0.058594
0 0.901367 0.169434 0.091797 0.112305
0 0.191895 0.690430 0.075195 0.078125
0 0.960449 0.395508 0.079102 0.095703
0 0.900879 0.557129 0.090820 0.084961
0 0.381348 0.703125 0.139648 0.089844
0 0.787598 0.431152 0.084961 0.073242
0 0.509277 0.296875 0.059570 0.085938
0 0.143555 0.247559 0.066406 0.075195
0 0.958496 0.449219 0.081055 0.078125
0 0.830566 0.713867 0.153320 0.105469
0 0.757812 0.074219 0.101562 0.078125
0 0.868164 0.703125 0.082031 0.060547
0 0.757812 0.450684 0.076172 0.059570
0 0.240723 0.335938 0.104492 0.078125
0 0.035645 0.034668 0.069336 0.065430
0 0.699219 0.943848 0.091797 0.045898
0 0.454102 0.073242 0.089844 0.054688
0 0.458008 0.440918 0.113281 0.057617
0 0.098633 0.334473 0.072266 0.047852
0 0.195801 0.917480 0.112305 0.081055
0 0.094238 0.917480 0.098633 0.043945
0 0.348145 0.666992 0.116211 0.052734
0 0.963379 0.026855 0.041992 0.053711
0 0.877930 0.364258 0.095703 0.083984
0 0.695801 0.903809 0.098633 0.055664
0 0.805664 0.383301 0.083984 0.057617
0 0.745117 0.373535 0.087891 0.043945
0 0.945312 0.284180 0.041016 0.078125
0 0.168945 0.458008 0.117188 0.058594
0 0.593262 0.280273 0.108398 0.070312
0 0.834961 0.298340 0.054688 0.084961
0 0.417480 0.018555 0.057617 0.037109
0 0.370605 0.389160 0.081055 0.049805
0 0.682617 0.810059 0.064453 0.043945
0 0.776367 0.737793 0.062500 0.077148
0 0.212402 0.284668 0.059570 0.063477
0 0.093262 0.796387 0.071289 0.047852
0 0.150391 0.845703 0.128906 0.078125
0 0.539551 0.086426 0.067383 0.043945
0 0.666992 0.298340 0.103516 0.040039
0 0.787109 0.812500 0.062500 0.035156
0 0.204590 0.768555 0.063477 0.037109
0 0.211914 0.024414 0.052734 0.044922
0 0.685059 0.038086 0.090820 0.042969
0 0.701172 0.444336 0.042969 0.062500
0 0.530273 0.806641 0.064453 0.037109
0 0.526367 0.985840 0.082031 0.024414
0 0.194824 0.960449 0.084961 0.061523
0 0.296387 0.986328 0.051758 0.019531
0 0.363770 0.980469 0.067383 0.027344
0 0.316895 0.951172 0.188477 0.076172
0 0.323242 0.903809 0.070312 0.051758
0 0.267090 0.871094 0.075195 0.070312
0 0.664062 0.074707 0.085938 0.038086
0 0.242676 0.038086 0.081055 0.050781
0 0.310059 0.044922 0.104492 0.083984
