0 0.462891 0.321289 0.078125 0.097656
0 0.582031 0.541992 0.109375 0.064453
0 0.553223 0.493652 0.100586 0.118164
0 0.353027 0.278809 0.170898 0.071289
0 0.368652 0.739258 0.059570 0.070312
0 0.862305 0.908203 0.121094 0.087891
0 0.086426 0.673340 0.172852 0.100586
0 0.512207 0.497070 0.055664 0.058594
0 0.375000 0.334473 0.072266 0.079102
0 0.463379 0.434570 0.112305 0.099609
0 0.059082 0.271973 0.094727 0.120117
0 0.236816 0.494629 0.045898 0.038086
0 0.029297 0.895020 0.052734 0.055664
0 0.288086 0.690918 0.175781 0.102539
0 0.940430 0.366699 0.119141 0.102539
0 0.569824 0.052734 0.090820 0.103516
0 0.559082 0.383301 0.098633 0.079102
0 0.469727 0.168945 0.060547 0.076172
0 0.454102 0.227539 0.062500 0.048828
0 0.505371 0.201172 0.084961 0.066406
0 0.573242 0.234375 0.107422 0.093750
0 0.642578 0.254883 0.093750 0.078125
0 0.581543 0.284668 0.104492 0.092773
0 0.449707 0.827637 0.045898 0.032227
0 0.840820 0.803223 0.031250 0.040039
