0 0.020508 0.244629 0.041016 0.067383
0 0.030273 0.174316 0.060547 0.083008
0 0.145996 0.227051 0.124023 0.083008
0 0.218262 0.206543 0.059570 0.067383
0 0.208496 0.278809 0.059570 0.051758
0 0.267090 0.289062 0.065430 0.082031
0 0.326660 0.273438 0.092773 0.083984
0 0.329590 0.210938 0.053711 0.070312
0 0.282715 0.217773 0.036133 0.052734
0 0.102051 0.363281 0.083008 0.119141
0 0.170898 0.348145 0.054688 0.083008
0 0.005859 0.350586 0.011719 0.058594
0 0.018555 0.499023 0.037109 0.076172
0 0.264160 0.421875 0.079102 0.158203
0 0.331543 0.340332 0.061523 0.071289
0 0.060547 0.813965 0.121094 0.073242
0 0.263672 0.770020 0.099609 0.094727
0 0.262207 0.861328 0.092773 0.076172
0 0.205078 0.863281 0.074219 0.066406
0 0.190918 0.902344 0.102539 0.099609
0 0.098145 0.914062 0.081055 0.070312
0 0.099609 0.970703 0.068359 0.058594
0 0.182617 0.966309 0.078125 0.067383
0 0.035156 0.986328 0.070312 0.027344
0 0.256348 0.986328 0.063477 0.027344
0 0.822266 0.933105 0.095703 0.069336
0 0.389648 0.978027 0.126953 0.043945
0 0.345215 0.884277 0.065430 0.086914
0 0.450195 0.736816 0.113281 0.086914
0 0.609375 0.822754 0.111328 0.059570
0 0.518555 0.856445 0.054688 0.058594
0 0.456055 0.819824 0.054688 0.065430
0 0.533691 0.946777 0.086914 0.069336
0 0.544922 0.906738 0.115234 0.061523
0 0.624023 0.909668 0.095703 0.055664
0 0.638672 0.980469 0.121094 0.039062
0 0.927734 0.902832 0.050781 0.065430
0 0.949707 0.958984 0.069336 0.066406
0 0.928711 0.790527 0.123047 0.118164
0 0.540527 0.570312 0.075195 0.078125
0 0.589355 0.693359 0.051758 0.048828
0 0.868164 0.608398 0.115234 0.076172
0 0.666992 0.478027 0.076172 0.081055
0 0.657715 0.412598 0.069336 0.079102
0 0.519043 0.355957 0.141602 0.084961
0 0.613281 0.324219 0.080078 0.078125
0 0.454590 0.270020 0.073242 0.084961
0 0.655273 0.176758 0.099609 0.087891
0 0.759277 0.269043 0.075195 0.063477
0 0.791992 0.339355 0.068359 0.063477
0 0.868652 0.294922 0.098633 0.076172
0 0.888184 0.170410 0.090820 0.061523
0 0.980469 0.409180 0.039062 0.144531
0 0.955078 0.477051 0.060547 0.086914
0 0.972656 0.184082 0.054688 0.102539
0 0.937500 0.079590 0.095703 0.118164
0 0.229492 0.485840 0.078125 0.122070
0 0.089844 0.988281 0.083984 0.023438
0 0.250977 0.937012 0.089844 0.065430
