0 0.916992 0.525879 0.119141 0.112305
0 0.405762 0.423340 0.083008 0.083008
0 0.523438 0.054688 0.097656 0.080078
0 0.537109 0.545898 0.080078 0.078125
0 0.729492 0.941895 0.099609 0.110352
0 0.505859 0.761230 0.136719 0.147461
0 0.864746 0.037109 0.129883 0.074219
0 0.784668 0.825684 0.110352 0.131836
0 0.764160 0.683105 0.120117 0.083008
0 0.604492 0.639648 0.109375 0.099609
0 0.319336 0.954102 0.087891 0.089844
0 0.414551 0.210938 0.104492 0.123047
0 0.594238 0.220703 0.094727 0.091797
0 0.965820 0.332031 0.068359 0.130859
0 0.901855 0.967773 0.100586 0.064453
0 0.931152 0.137207 0.137695 0.104492
0 0.755859 0.238281 0.091797 0.087891
0 0.887207 0.674316 0.075195 0.084961
0 0.919434 0.778320 0.075195 0.162109
0 0.949219 0.654297 0.089844 0.080078
0 0.868652 0.389160 0.147461 0.129883
0 0.878418 0.238281 0.102539 0.167969
0 0.644531 0.328125 0.144531 0.117188
0 0.316895 0.212402 0.110352 0.174805
0 0.730957 0.185059 0.084961 0.073242
0 0.875488 0.563477 0.077148 0.087891
0 0.244141 0.965820 0.080078 0.068359
0 0.489258 0.961914 0.080078 0.076172
0 0.747070 0.109375 0.109375 0.091797
