0 0.119629 0.972168 0.165039 0.055664
0 0.196777 0.837402 0.110352 0.129883
0 0.408691 0.481934 0.108398 0.155273
0 0.586914 0.653320 0.134766 0.197266
0 0.066406 0.180664 0.117188 0.125000
0 0.266602 0.573242 0.142578 0.142578
0 0.279297 0.911621 0.136719 0.059570
0 0.539062 0.468262 0.144531 0.215820
0 0.887207 0.750488 0.225586 0.137695
0 0.482910 0.934570 0.147461 0.130859
0 0.745605 0.141602 0.145508 0.105469
0 0.697266 0.947266 0.105469 0.105469
0 0.273438 0.344727 0.171875 0.144531
0 0.372070 0.687988 0.169922 0.092773
0 0.457031 0.233398 0.154297 0.087891
0 0.126953 0.586426 0.082031 0.075195
0 0.071289 0.598633 0.080078 0.072266
0 0.729492 0.520508 0.132812 0.089844
0 0.816406 0.843750 0.097656 0.140625
0 0.329102 0.973633 0.181641 0.052734
0 0.052246 0.038086 0.104492 0.072266
0 0.651855 0.431152 0.096680 0.215820
0 0.754883 0.268066 0.134766 0.112305
0 0.556641 0.178223 0.160156 0.176758
0 0.477051 0.145508 0.100586 0.087891
0 0.046875 0.301758 0.070312 0.089844
0 0.731445 0.380371 0.115234 0.081055
0 0.076172 0.473633 0.076172 0.089844
0 0.027344 0.507812 0.048828 0.080078
0 0.692871 0.026855 0.102539 0.049805
0 0.303711 0.614258 0.117188 0.125000
