0 0.224609 0.140137 0.072266 0.086914
0 0.776367 0.502930 0.099609 0.072266
0 0.875977 0.125488 0.105469 0.079102
0 0.008789 0.594727 0.015625 0.052734
0 0.297852 0.516602 0.066406 0.062500
0 0.960938 0.706055 0.068359 0.068359
0 0.405273 0.226074 0.070312 0.077148
0 0.166992 0.199707 0.066406 0.055664
0 0.384277 0.904785 0.086914 0.083008
0 0.229980 0.799805 0.092773 0.068359
0 0.323242 0.836426 0.085938 0.053711
0 0.577637 0.031738 0.090820 0.061523
0 0.099609 0.309570 0.146484 0.058594
0 0.912598 0.042969 0.067383 0.048828
0 0.057617 0.507324 0.078125 0.057617
0 0.017090 0.034180 0.034180 0.064453
0 0.784180 0.221191 0.056641 0.040039
0 0.187500 0.017578 0.066406 0.035156
0 0.448242 0.548828 0.099609 0.060547
0 0.790039 0.106934 0.042969 0.071289
0 0.154785 0.472168 0.038086 0.071289
0 0.566895 0.773926 0.057617 0.047852
0 0.088379 0.644531 0.057617 0.054688
0 0.198242 0.370117 0.058594 0.052734
0 0.722656 0.841309 0.070312 0.071289
0 0.873047 0.313965 0.072266 0.045898
0 0.088379 0.981445 0.079102 0.033203
0 0.804688 0.728516 0.060547 0.052734
0 0.120117 0.622070 0.085938 0.072266
0 0.202148 0.601074 0.058594 0.043945
0 0.696777 0.530273 0.065430 0.058594
0 0.630371 0.305664 0.061523 0.041016
0 0.373535 0.333008 0.088867 0.060547
0 0.328125 0.908203 0.103516 0.046875
0 0.379395 0.032227 0.120117 0.041016
0 0.382324 0.075684 0.055664 0.069336
0 0.595215 0.670898 0.069336 0.048828
0 0.618164 0.198730 0.066406 0.057617
0 0.270508 0.207031 0.091797 0.046875
0 0.073730 0.230469 0.051758 0.099609
0 0.191895 0.520020 0.051758 0.057617
0 0.752930 0.990234 0.060547 0.019531
0 0.049316 0.416504 0.098633 0.049805
0 0.902832 0.963867 0.096680 0.054688
0 0.953613 0.534668 0.075195 0.059570
0 0.460938 0.330566 0.076172 0.047852
0 0.163086 0.467773 0.039062 0.064453
0 0.882324 0.070801 0.092773 0.041992
0 0.051270 0.952148 0.098633 0.050781
0 0.425293 0.273438 0.040039 0.062500
0 0.192383 0.441406 0.087891 0.041016
0 0.675781 0.019043 0.070312 0.038086
0 0.393555 0.288574 0.064453 0.043945
0 0.726562 0.925781 0.050781 0.046875
0 0.792480 0.657227 0.043945 0.046875
0 0.788574 0.847656 0.090820 0.062500
0 0.968262 0.580566 0.059570 0.051758
0 0.817383 0.955566 0.093750 0.057617
0 0.018555 0.361328 0.037109 0.050781
0 0.804688 0.603516 0.060547 0.050781
0 0.614258 0.549316 0.093750 0.053711
0 0.032715 0.838867 0.063477 0.039062
0 0.568359 0.499512 0.078125 0.055664
0 0.901855 0.928711 0.077148 0.029297
0 0.508789 0.073242 0.087891 0.052734
0 0.211914 0.942383 0.111328 0.052734
0 0.395020 0.018555 0.043945 0.035156
0 0.033691 0.121582 0.065430 0.057617
0 0.486816 0.583984 0.043945 0.066406
0 0.965332 0.652344 0.049805 0.052734
0 0.948242 0.117188 0.054688 0.056641
0 0.276855 0.243652 0.098633 0.041992
0 0.309082 0.320801 0.055664 0.053711
0 0.216309 0.477539 0.067383 0.041016
0 0.458496 0.399902 0.059570 0.053711
0 0.982910 0.383301 0.034180 0.051758
0 0.649902 0.929688 0.073242 0.048828
0 0.437012 0.674316 0.081055 0.053711
0 0.353516 0.648926 0.091797 0.065430
0 0.131836 0.563965 0.048828 0.034180
0 0.591309 0.565430 0.114258 0.054688
0 0.240723 0.739258 0.106445 0.068359
0 0.304199 0.621582 0.096680 0.067383
0 0.556152 0.902344 0.059570 0.056641
0 0.564941 0.969238 0.065430 0.049805
0 0.658691 0.980957 0.055664 0.034180
0 0.867676 0.009277 0.061523 0.018555
0 0.270508 0.497559 0.125000 0.040039
