0 0.033691 0.843750 0.067383 0.068359
0 0.533203 0.545898 0.123047 0.062500
0 0.032227 0.582031 0.064453 0.064453
0 0.694824 0.608398 0.094727 0.062500
0 0.610840 0.481934 0.092773 0.069336
0 0.693359 0.819336 0.171875 0.105469
0 0.697266 0.324219 0.179688 0.115234
0 0.878418 0.729492 0.147461 0.064453
0 0.454590 0.645508 0.149414 0.072266
0 0.798340 0.375977 0.157227 0.072266
0 0.710449 0.924805 0.112305 0.099609
0 0.686035 0.722168 0.102539 0.055664
0 0.571777 0.952148 0.110352 0.095703
0 0.751953 0.174805 0.189453 0.134766
0 0.826172 0.512207 0.152344 0.059570
0 0.669434 0.157227 0.139648 0.064453
0 0.759766 0.559570 0.089844 0.095703
0 0.579590 0.657227 0.159180 0.099609
0 0.865234 0.958008 0.148438 0.072266
0 0.938477 0.033691 0.123047 0.063477
0 0.900879 0.863281 0.131836 0.056641
0 0.820312 0.958984 0.113281 0.082031
0 0.838379 0.912109 0.127930 0.035156
0 0.961914 0.900879 0.070312 0.073242
0 0.949707 0.794434 0.100586 0.055664
0 0.921387 0.697266 0.157227 0.064453
0 0.945312 0.645508 0.109375 0.072266
0 0.951660 0.231445 0.096680 0.062500
0 0.951660 0.472168 0.096680 0.055664
0 0.575195 0.708496 0.078125 0.057617
0 0.688477 0.040527 0.083984 0.081055
0 0.834473 0.054688 0.168945 0.107422
0 0.922852 0.140137 0.152344 0.077148
0 0.937500 0.331543 0.123047 0.112305
0 0.931152 0.430176 0.137695 0.077148
