0 0.184570 0.036133 0.080078 0.072266
0 0.105957 0.090332 0.073242 0.069336
0 0.077637 0.273926 0.086914 0.077148
0 0.262207 0.239258 0.079102 0.080078
0 0.093750 0.458496 0.068359 0.079102
0 0.049805 0.554199 0.093750 0.069336
0 0.267090 0.439453 0.063477 0.083984
0 0.261230 0.516602 0.083008 0.078125
0 0.394531 0.402344 0.109375 0.060547
0 0.556152 0.384277 0.100586 0.077148
0 0.580566 0.485840 0.083008 0.071289
0 0.569824 0.584473 0.084961 0.079102
0 0.315430 0.701660 0.056641 0.061523
0 0.163086 0.727539 0.093750 0.072266
0 0.062988 0.852539 0.057617 0.115234
0 0.096191 0.909180 0.061523 0.103516
0 0.118652 0.965820 0.124023 0.068359
0 0.031738 0.984375 0.059570 0.031250
0 0.397461 0.916992 0.150391 0.103516
0 0.383789 0.896484 0.091797 0.181641
0 0.438477 0.761719 0.089844 0.076172
0 0.342773 0.794922 0.089844 0.056641
0 0.727051 0.711426 0.096680 0.100586
0 0.686035 0.647949 0.090820 0.118164
0 0.633789 0.889160 0.072266 0.069336
0 0.603516 0.959961 0.066406 0.078125
0 0.847168 0.963867 0.100586 0.070312
0 0.691895 0.304199 0.069336 0.133789
0 0.566895 0.179688 0.069336 0.066406
0 0.821289 0.180176 0.064453 0.063477
0 0.441406 0.071289 0.062500 0.078125
0 0.526855 0.039551 0.077148 0.071289
0 0.603516 0.054199 0.095703 0.071289
0 0.955078 0.179199 0.089844 0.079102
0 0.960449 0.252441 0.065430 0.073242
0 0.901855 0.326660 0.075195 0.084961
0 0.977539 0.418457 0.044922 0.092773
0 0.877930 0.467285 0.054688 0.083008
0 0.924805 0.444336 0.064453 0.062500
0 0.824707 0.604004 0.100586 0.100586
0 0.931152 0.041992 0.071289 0.083984
0 0.780273 0.933594 0.078125 0.091797
0 0.592285 0.230957 0.065430 0.053711
0 0.480957 0.793457 0.069336 0.071289
0 0.054199 0.800293 0.106445 0.065430
0 0.209961 0.690918 0.076172 0.057617
0 0.428223 0.504883 0.069336 0.070312
0 0.746582 0.571777 0.063477 0.043945
0 0.681641 0.600098 0.068359 0.063477
0 0.550293 0.731445 0.045898 0.041016
0 0.975098 0.041992 0.049805 0.060547
0 0.746094 0.012207 0.056641 0.024414
0 0.800293 0.129395 0.073242 0.053711
0 0.718262 0.945312 0.043945 0.048828
