0 0.435547 0.014160 0.089844 0.028320
0 0.378418 0.142090 0.061523 0.063477
0 0.717773 0.023438 0.056641 0.046875
0 0.803711 0.188965 0.074219 0.061523
0 0.949707 0.041016 0.100586 0.080078
0 0.940918 0.952148 0.067383 0.050781
0 0.958496 0.656738 0.073242 0.094727
0 0.975586 0.574707 0.048828 0.061523
0 0.805664 0.307129 0.087891 0.092773
0 0.725098 0.380859 0.065430 0.066406
0 0.792480 0.418457 0.069336 0.063477
0 0.664551 0.484375 0.067383 0.054688
0 0.554688 0.407227 0.068359 0.062500
0 0.374512 0.333496 0.071289 0.077148
0 0.251953 0.312988 0.087891 0.059570
0 0.293945 0.429688 0.056641 0.052734
0 0.361816 0.539062 0.077148 0.066406
0 0.111328 0.379395 0.068359 0.063477
0 0.182129 0.415527 0.067383 0.059570
0 0.316406 0.806641 0.099609 0.068359
0 0.324219 0.867676 0.064453 0.055664
0 0.271484 0.885254 0.070312 0.065430
0 0.501465 0.880371 0.073242 0.063477
0 0.410156 0.968262 0.089844 0.063477
0 0.147461 0.984863 0.070312 0.030273
0 0.238281 0.972656 0.062500 0.054688
0 0.187500 0.955078 0.054688 0.056641
0 0.408203 0.297852 0.066406 0.058594
0 0.431641 0.447266 0.044922 0.039062
