0 0.841797 0.340820 0.115234 0.078125
0 0.493652 0.272949 0.120117 0.112305
0 0.729004 0.633789 0.118164 0.193359
0 0.873535 0.197266 0.147461 0.070312
0 0.380371 0.160645 0.100586 0.083008
0 0.717285 0.809570 0.110352 0.074219
0 0.680664 0.016113 0.197266 0.032227
0 0.811035 0.072754 0.172852 0.069336
0 0.638184 0.333496 0.086914 0.067383
0 0.809570 0.498535 0.119141 0.077148
0 0.765625 0.244629 0.082031 0.075195
0 0.799805 0.029785 0.107422 0.057617
0 0.828125 0.763184 0.171875 0.073242
0 0.857422 0.583496 0.181641 0.061523
0 0.739258 0.457031 0.150391 0.054688
0 0.587891 0.944824 0.076172 0.108398
0 0.906738 0.643555 0.139648 0.113281
0 0.605469 0.406738 0.062500 0.038086
0 0.579590 0.872070 0.090820 0.070312
0 0.937500 0.759766 0.125000 0.099609
0 0.896484 0.538574 0.128906 0.051758
0 0.698242 0.490723 0.087891 0.067383
0 0.952148 0.459473 0.095703 0.100586
0 0.964844 0.276855 0.070312 0.075195
0 0.962402 0.349609 0.075195 0.074219
0 0.941406 0.121094 0.117188 0.064453
0 0.739746 0.974121 0.122070 0.051758
0 0.976074 0.550781 0.047852 0.062500
