0 0.380371 0.205078 0.102539 0.089844
0 0.515625 0.169434 0.126953 0.120117
0 0.224609 0.043457 0.199219 0.086914
0 0.671875 0.287109 0.144531 0.125000
0 0.786621 0.550293 0.163086 0.426758
0 0.223633 0.664551 0.437500 0.284180
0 0.422852 0.906250 0.142578 0.187500
0 0.070801 0.090820 0.092773 0.181641
0 0.281738 0.463379 0.094727 0.083008
0 0.187012 0.916992 0.114258 0.160156
0 0.569336 0.958984 0.134766 0.082031
0 0.060547 0.911133 0.117188 0.177734
0 0.769531 0.972168 0.099609 0.055664
0 0.323242 0.929199 0.097656 0.137695
