0 0.059570 0.724121 0.119141 0.168945
0 0.377441 0.909180 0.083008 0.156250
0 0.316895 0.657227 0.104492 0.119141
0 0.282715 0.496094 0.106445 0.095703
0 0.066895 0.523926 0.129883 0.073242
0 0.073242 0.342285 0.146484 0.110352
0 0.529297 0.305176 0.121094 0.081055
0 0.740723 0.350098 0.131836 0.116211
0 0.525879 0.448242 0.077148 0.117188
0 0.183594 0.123047 0.091797 0.162109
0 0.033691 0.875488 0.049805 0.141602
0 0.087891 0.904297 0.066406 0.068359
0 0.185547 0.983887 0.087891 0.032227
0 0.451660 0.993164 0.049805 0.013672
0 0.254395 0.710449 0.096680 0.079102
0 0.380859 0.492676 0.082031 0.069336
0 0.225098 0.403320 0.075195 0.052734
0 0.284180 0.159668 0.078125 0.073242
0 0.487793 0.117188 0.112305 0.066406
0 0.428711 0.020508 0.093750 0.041016
0 0.596680 0.517578 0.091797 0.072266
0 0.679688 0.536621 0.060547 0.040039
0 0.914551 0.463379 0.137695 0.083008
0 0.920410 0.576660 0.114258 0.077148
0 0.827637 0.673340 0.112305 0.067383
0 0.888672 0.701660 0.083984 0.061523
0 0.757324 0.592773 0.090820 0.054688
0 0.574707 0.729980 0.114258 0.137695
0 0.472656 0.682129 0.089844 0.135742
0 0.632812 0.592773 0.083984 0.068359
0 0.948242 0.934570 0.087891 0.074219
0 0.683105 0.058594 0.120117 0.111328
0 0.963867 0.033203 0.072266 0.066406
