0 0.114746 0.114746 0.065430 0.112305
0 0.281738 0.173828 0.075195 0.091797
0 0.064941 0.250488 0.086914 0.077148
0 0.191406 0.271973 0.080078 0.049805
0 0.224121 0.314941 0.081055 0.053711
0 0.345215 0.307617 0.098633 0.089844
0 0.074219 0.721191 0.072266 0.057617
0 0.143555 0.659180 0.085938 0.097656
0 0.244141 0.577637 0.125000 0.059570
0 0.248047 0.636719 0.158203 0.087891
0 0.365723 0.594238 0.149414 0.163086
0 0.402344 0.739746 0.085938 0.071289
0 0.350098 0.707520 0.065430 0.088867
0 0.566406 0.675781 0.115234 0.103516
0 0.396973 0.804688 0.260742 0.085938
0 0.356445 0.915527 0.101562 0.168945
0 0.146973 0.942383 0.075195 0.115234
0 0.501953 0.944336 0.125000 0.074219
0 0.899902 0.938477 0.190430 0.123047
0 0.930664 0.915039 0.068359 0.169922
0 0.959961 0.477539 0.080078 0.078125
0 0.761719 0.673340 0.091797 0.075195
0 0.755371 0.600586 0.129883 0.169922
0 0.693848 0.560547 0.145508 0.062500
0 0.843750 0.553223 0.080078 0.065430
0 0.788086 0.483887 0.070312 0.084961
0 0.821777 0.399902 0.086914 0.145508
0 0.714355 0.419922 0.079102 0.144531
0 0.626953 0.404297 0.152344 0.097656
0 0.961914 0.264648 0.076172 0.060547
0 0.850586 0.196289 0.089844 0.054688
0 0.675293 0.252930 0.075195 0.078125
0 0.607910 0.173340 0.098633 0.084961
0 0.710449 0.107910 0.165039 0.215820
