0 0.062012 0.670410 0.081055 0.079102
0 0.669922 0.428223 0.089844 0.102539
0 0.027344 0.411621 0.054688 0.081055
0 0.762207 0.634277 0.084961 0.084961
0 0.054688 0.552246 0.080078 0.094727
0 0.167969 0.206543 0.068359 0.065430
0 0.625488 0.968750 0.067383 0.062500
0 0.053223 0.230469 0.067383 0.117188
0 0.966309 0.180664 0.063477 0.072266
0 0.753418 0.273438 0.083008 0.072266
0 0.868164 0.352051 0.082031 0.114258
0 0.797363 0.468262 0.084961 0.084961
0 0.964844 0.596191 0.070312 0.102539
0 0.071777 0.909668 0.081055 0.069336
0 0.869629 0.628418 0.069336 0.086914
0 0.678223 0.910645 0.127930 0.077148
0 0.541992 0.388184 0.082031 0.127930
0 0.973633 0.900391 0.052734 0.062500
0 0.635742 0.679688 0.072266 0.115234
0 0.664551 0.761719 0.090820 0.125000
0 0.907715 0.519043 0.100586 0.071289
0 0.850586 0.839844 0.097656 0.089844
0 0.624512 0.555664 0.075195 0.078125
0 0.519531 0.617188 0.074219 0.105469
0 0.889160 0.170898 0.084961 0.123047
0 0.538086 0.666992 0.072266 0.089844
0 0.847168 0.959473 0.084961 0.069336
0 0.843262 0.247070 0.077148 0.109375
0 0.617188 0.079102 0.052734 0.128906
0 0.844727 0.906738 0.089844 0.075195
0 0.298828 0.796387 0.068359 0.083008
0 0.229492 0.606445 0.066406 0.087891
0 0.306152 0.416016 0.071289 0.111328
0 0.230957 0.314941 0.073242 0.092773
0 0.446777 0.908691 0.065430 0.079102
0 0.481445 0.232422 0.062500 0.089844
0 0.787109 0.707031 0.066406 0.062500
0 0.967773 0.952637 0.064453 0.055664
0 0.016602 0.243164 0.033203 0.097656
