0 0.011719 0.103516 0.023438 0.066406
0 0.138184 0.247070 0.083008 0.087891
0 0.205078 0.181641 0.175781 0.091797
0 0.230469 0.607910 0.115234 0.161133
0 0.182617 0.728027 0.091797 0.118164
0 0.134277 0.914062 0.069336 0.070312
0 0.057617 0.976074 0.115234 0.047852
0 0.661133 0.980469 0.226562 0.039062
0 0.778320 0.935059 0.111328 0.051758
0 0.351562 0.900879 0.101562 0.096680
0 0.426758 0.825684 0.167969 0.088867
0 0.589844 0.851562 0.125000 0.076172
0 0.518555 0.733398 0.087891 0.064453
0 0.744629 0.688965 0.112305 0.053711
0 0.703125 0.613281 0.115234 0.125000
0 0.945312 0.670898 0.093750 0.070312
0 0.895508 0.770996 0.164062 0.079102
0 0.935059 0.907715 0.129883 0.108398
0 0.656250 0.519043 0.099609 0.055664
0 0.459961 0.607422 0.103516 0.083984
0 0.443359 0.535645 0.181641 0.090820
0 0.625488 0.313477 0.090820 0.099609
0 0.730469 0.295410 0.095703 0.081055
0 0.652344 0.182129 0.117188 0.053711
0 0.920410 0.157227 0.090820 0.076172
0 0.441406 0.140137 0.148438 0.069336
0 0.496094 0.067871 0.195312 0.075195
0 0.308105 0.066895 0.100586 0.112305
0 0.847656 0.067383 0.089844 0.060547
0 0.739258 0.028809 0.058594 0.057617
0 0.449707 0.263184 0.086914 0.088867
