0 0.404785 0.635742 0.112305 0.125000
0 0.390625 0.862793 0.083984 0.063477
0 0.669434 0.235840 0.081055 0.106445
0 0.064453 0.308105 0.068359 0.086914
0 0.142090 0.374023 0.069336 0.087891
0 0.245117 0.531250 0.054688 0.093750
0 0.558594 0.342285 0.070312 0.100586
0 0.537598 0.697266 0.071289 0.091797
0 0.943359 0.590820 0.058594 0.107422
0 0.035645 0.041016 0.071289 0.082031
0 0.649414 0.893555 0.060547 0.074219
0 0.786133 0.931641 0.056641 0.101562
0 0.155273 0.233887 0.113281 0.061523
0 0.752930 0.644043 0.125000 0.125977
0 0.603516 0.196777 0.048828 0.098633
0 0.467285 0.298340 0.084961 0.077148
0 0.405762 0.046875 0.057617 0.076172
0 0.838867 0.702148 0.041016 0.072266
0 0.403320 0.194336 0.083984 0.117188
0 0.217285 0.287598 0.047852 0.092773
0 0.977051 0.735840 0.045898 0.073242
0 0.695801 0.488770 0.061523 0.063477
0 0.837891 0.880371 0.042969 0.088867
0 0.706543 0.976562 0.073242 0.046875
0 0.014648 0.980957 0.029297 0.032227
0 0.143555 0.575195 0.101562 0.095703
0 0.138672 0.625977 0.048828 0.097656
0 0.582031 0.591309 0.044922 0.106445
0 0.971680 0.579102 0.029297 0.117188
0 0.254883 0.770996 0.066406 0.065430
0 0.736328 0.675781 0.062500 0.058594
0 0.150879 0.173828 0.041992 0.080078
0 0.959473 0.976562 0.047852 0.046875
0 0.705078 0.184082 0.029297 0.094727
0 0.083496 0.758789 0.092773 0.054688
0 0.854980 0.185059 0.045898 0.125977
0 0.854980 0.962402 0.030273 0.075195
0 0.773926 0.615234 0.036133 0.083984
0 0.884277 0.977539 0.030273 0.044922
0 0.308105 0.979980 0.028320 0.040039
0 0.812500 0.330078 0.066406 0.099609
0 0.160156 0.068848 0.064453 0.125977
0 0.476562 0.984863 0.046875 0.030273
0 0.502930 0.747559 0.052734 0.055664
0 0.014160 0.356934 0.028320 0.092773
0 0.631836 0.751953 0.048828 0.066406
0 0.612305 0.021973 0.097656 0.043945
0 0.216797 0.045410 0.087891 0.059570
0 0.900391 0.286621 0.052734 0.049805
0 0.567871 0.167480 0.040039 0.071289
0 0.759766 0.315918 0.041016 0.045898
0 0.982910 0.687988 0.034180 0.057617
0 0.823242 0.017578 0.029297 0.033203
0 0.331055 0.015625 0.033203 0.031250
0 0.571777 0.230469 0.051758 0.078125
0 0.353027 0.080566 0.069336 0.090820
0 0.742676 0.358398 0.067383 0.093750
0 0.187012 0.013672 0.131836 0.027344
0 0.788574 0.313965 0.040039 0.141602
0 0.398438 0.757812 0.074219 0.052734
0 0.048340 0.690430 0.036133 0.044922
0 0.911621 0.017090 0.024414 0.034180
0 0.421387 0.616211 0.106445 0.103516
0 0.209961 0.773438 0.029297 0.062500
0 0.195312 0.700684 0.068359 0.088867
