0 0.384277 0.986328 0.118164 0.027344
0 0.176270 0.958496 0.069336 0.053711
0 0.096680 0.916504 0.087891 0.069336
0 0.525391 0.879395 0.062500 0.086914
0 0.449707 0.842285 0.055664 0.059570
0 0.730469 0.868652 0.138672 0.061523
0 0.831055 0.818848 0.113281 0.059570
0 0.843262 0.699219 0.176758 0.105469
0 0.753906 0.773438 0.060547 0.080078
0 0.295898 0.786621 0.091797 0.083008
0 0.360840 0.706055 0.059570 0.097656
0 0.148438 0.550781 0.103516 0.074219
0 0.024902 0.560059 0.049805 0.083008
0 0.194336 0.649902 0.093750 0.077148
0 0.074707 0.750000 0.112305 0.109375
0 0.319336 0.616699 0.058594 0.071289
0 0.407715 0.629395 0.055664 0.059570
0 0.488770 0.577637 0.112305 0.055664
0 0.739746 0.556641 0.180664 0.070312
0 0.389160 0.455078 0.069336 0.060547
0 0.452148 0.480957 0.113281 0.057617
0 0.360352 0.525391 0.060547 0.052734
0 0.233887 0.452148 0.084961 0.070312
0 0.122070 0.415527 0.068359 0.079102
0 0.146973 0.338867 0.077148 0.089844
0 0.238770 0.337891 0.073242 0.125000
0 0.682617 0.345215 0.083984 0.108398
0 0.664062 0.483398 0.070312 0.068359
0 0.838379 0.457520 0.120117 0.112305
0 0.092773 0.177246 0.097656 0.133789
0 0.266113 0.112305 0.100586 0.152344
0 0.397949 0.151855 0.102539 0.208008
0 0.488770 0.159668 0.104492 0.161133
0 0.526367 0.296875 0.072266 0.097656
0 0.613281 0.262207 0.085938 0.147461
0 0.687500 0.232422 0.074219 0.115234
0 0.702637 0.064941 0.077148 0.127930
0 0.836426 0.153320 0.104492 0.166016
0 0.943359 0.125000 0.113281 0.164062
0 0.966797 0.296875 0.060547 0.089844
0 0.958008 0.438965 0.083984 0.053711
0 0.938965 0.613770 0.073242 0.063477
0 0.911133 0.514160 0.074219 0.071289
0 0.585938 0.642578 0.072266 0.052734
0 0.244141 0.566895 0.062500 0.065430
0 0.435059 0.892578 0.057617 0.048828
0 0.637207 0.834473 0.053711 0.051758
0 0.646484 0.885254 0.042969 0.059570
0 0.410156 0.533691 0.082031 0.057617
0 0.405762 0.406738 0.083008 0.059570
0 0.449219 0.347656 0.074219 0.060547
0 0.112793 0.702637 0.061523 0.084961
0 0.719727 0.413086 0.048828 0.062500
0 0.846191 0.562500 0.065430 0.037109
0 0.872559 0.987793 0.100586 0.024414
0 0.991211 0.881836 0.017578 0.062500
