0 0.608887 0.525391 0.127930 0.140625
0 0.102539 0.614746 0.132812 0.088867
0 0.832520 0.304688 0.127930 0.181641
0 0.365234 0.677246 0.166016 0.188477
0 0.335938 0.296875 0.185547 0.074219
0 0.755371 0.600586 0.182617 0.068359
0 0.222168 0.257324 0.120117 0.114258
0 0.583008 0.027344 0.173828 0.054688
0 0.532227 0.632812 0.150391 0.076172
0 0.380371 0.543457 0.163086 0.166992
0 0.554199 0.164551 0.110352 0.163086
0 0.839355 0.851074 0.133789 0.096680
0 0.204102 0.389648 0.150391 0.130859
0 0.264160 0.611328 0.204102 0.117188
0 0.763184 0.476074 0.065430 0.131836
0 0.554688 0.343262 0.162109 0.133789
0 0.408691 0.982422 0.155273 0.035156
0 0.082031 0.130371 0.158203 0.100586
0 0.626953 0.789062 0.181641 0.119141
0 0.706543 0.508789 0.139648 0.082031
0 0.229980 0.548828 0.088867 0.083984
0 0.123535 0.537109 0.075195 0.052734
