0 0.209473 0.373047 0.045898 0.095703
0 0.613770 0.952148 0.086914 0.089844
0 0.649902 0.612793 0.053711 0.098633
0 0.324219 0.576660 0.126953 0.098633
0 0.962402 0.143066 0.040039 0.129883
0 0.740234 0.685059 0.056641 0.083008
0 0.142090 0.257324 0.047852 0.159180
0 0.673340 0.786133 0.030273 0.066406
0 0.029297 0.347168 0.058594 0.090820
0 0.868652 0.547852 0.067383 0.056641
0 0.626465 0.260254 0.053711 0.133789
0 0.083984 0.059570 0.062500 0.082031
0 0.711426 0.693848 0.038086 0.094727
0 0.815430 0.667480 0.035156 0.084961
0 0.679688 0.972656 0.062500 0.054688
0 0.455078 0.522461 0.105469 0.058594
0 0.577148 0.278809 0.105469 0.096680
0 0.326660 0.615723 0.094727 0.090820
0 0.210107 0.331641 0.082324 0.133984
0 0.775391 0.329590 0.033203 0.135742
0 0.607422 0.341309 0.107422 0.036133
0 0.005859 0.056152 0.011719 0.024414
0 0.889648 0.982422 0.074219 0.035156
0 0.776367 0.676758 0.054688 0.056641
0 0.548340 0.035645 0.041992 0.071289
0 0.771484 0.615723 0.044922 0.083008
0 0.683105 0.042969 0.057617 0.068359
0 0.982422 0.980957 0.029297 0.038086
0 0.592773 0.403809 0.027344 0.090820
0 0.724121 0.306152 0.041992 0.055664
0 0.759766 0.616699 0.031250 0.092773
0 0.829102 0.015625 0.029297 0.029297
0 0.691895 0.117188 0.030273 0.066406
0 0.623535 0.391602 0.049805 0.074219
0 0.694824 0.390625 0.063477 0.041016
0 0.288086 0.977051 0.025391 0.045898
0 0.678223 0.283691 0.075195 0.075195
0 0.161621 0.980469 0.041992 0.039062
0 0.561035 0.493164 0.053711 0.042969
0 0.989746 0.482422 0.020508 0.050781
0 0.468262 0.385254 0.172852 0.084961
0 0.495605 0.263184 0.053711 0.102539
0 0.277832 0.986328 0.077148 0.027344
