0 0.932129 0.187988 0.081055 0.100586
0 0.074707 0.249512 0.088867 0.059570
0 0.315430 0.772461 0.074219 0.068359
0 0.946289 0.255859 0.101562 0.058594
0 0.921387 0.586914 0.118164 0.091797
0 0.287109 0.833496 0.115234 0.059570
0 0.694824 0.228027 0.088867 0.067383
0 0.339355 0.197754 0.069336 0.059570
0 0.490723 0.046875 0.086914 0.046875
0 0.839844 0.176270 0.107422 0.059570
0 0.500488 0.728027 0.053711 0.067383
0 0.146973 0.052734 0.104492 0.044922
0 0.075195 0.674805 0.080078 0.033203
0 0.302246 0.413086 0.131836 0.052734
0 0.368164 0.602051 0.091797 0.047852
0 0.738281 0.877930 0.128906 0.052734
0 0.142578 0.247559 0.117188 0.047852
0 0.632812 0.205078 0.087891 0.072266
0 0.070801 0.581055 0.094727 0.035156
0 0.072266 0.639160 0.097656 0.036133
0 0.871582 0.593262 0.067383 0.061523
0 0.232910 0.558594 0.045898 0.058594
0 0.601074 0.085938 0.069336 0.029297
0 0.596680 0.648438 0.056641 0.029297
0 0.345215 0.085449 0.057617 0.043945
0 0.983887 0.691895 0.032227 0.061523
0 0.680664 0.267578 0.074219 0.089844
0 0.291992 0.011719 0.105469 0.023438
0 0.211426 0.290039 0.127930 0.033203
0 0.813477 0.397461 0.062500 0.039062
0 0.645312 0.693066 0.101758 0.044727
0 0.881836 0.902344 0.181641 0.044922
0 0.827148 0.335938 0.111328 0.058594
0 0.008301 0.749023 0.016602 0.023438
0 0.388672 0.344727 0.023438 0.064453
0 0.205566 0.801758 0.100586 0.039062
0 0.256348 0.607422 0.071289 0.023438
0 0.537109 0.712402 0.054688 0.028320
0 0.557617 0.932617 0.136719 0.039062
0 0.742676 0.643555 0.028320 0.058594
0 0.414551 0.336914 0.081055 0.042969
0 0.437500 0.265137 0.078125 0.053711
0 0.465820 0.124512 0.076172 0.032227
0 0.367676 0.039551 0.069336 0.032227
0 0.043945 0.605957 0.083984 0.030273
0 0.971680 0.035645 0.054688 0.036133
0 0.224121 0.323242 0.045898 0.037109
0 0.801270 0.540039 0.065430 0.019531
0 0.806152 0.687012 0.063477 0.038086
0 0.902344 0.721680 0.042969 0.019531
0 0.188965 0.523438 0.055664 0.052734
0 0.430664 0.664551 0.093750 0.028320
0 0.170410 0.823730 0.040039 0.047852
0 0.897949 0.052246 0.094727 0.049805
0 0.022949 0.541992 0.045898 0.029297
0 0.973633 0.972656 0.048828 0.037109
0 0.671680 0.635449 0.086914 0.037109
0 0.732422 0.738770 0.060547 0.043945
0 0.362305 0.659668 0.085938 0.045898
0 0.880371 0.981445 0.071289 0.033203
0 0.502441 0.303223 0.153320 0.061523
0 0.608398 0.627441 0.041016 0.026367
0 0.426758 0.502441 0.048828 0.032227
0 0.477051 0.546875 0.053711 0.044922
0 0.021484 0.416504 0.042969 0.040039
