0 0.365723 0.171875 0.102539 0.089844
0 0.778320 0.562012 0.072266 0.100586
0 0.479492 0.074707 0.089844 0.077148
0 0.484863 0.291016 0.075195 0.087891
0 0.977051 0.198242 0.045898 0.068359
0 0.810547 0.079590 0.097656 0.075195
0 0.602051 0.073242 0.079102 0.072266
0 0.614746 0.232422 0.075195 0.080078
0 0.380859 0.260742 0.072266 0.068359
0 0.730957 0.235840 0.077148 0.077148
0 0.329590 0.036133 0.094727 0.072266
0 0.582031 0.768555 0.099609 0.107422
0 0.964844 0.386230 0.070312 0.102539
0 0.928223 0.800781 0.102539 0.123047
0 0.671875 0.041016 0.070312 0.082031
0 0.866699 0.424316 0.084961 0.094727
0 0.934082 0.560547 0.084961 0.082031
0 0.910645 0.089355 0.067383 0.075195
0 0.916992 0.238281 0.070312 0.097656
0 0.829590 0.157227 0.100586 0.070312
0 0.805664 0.349609 0.062500 0.074219
0 0.500977 0.929688 0.052734 0.109375
0 0.518066 0.531738 0.083008 0.094727
0 0.604492 0.017090 0.080078 0.034180
0 0.690918 0.540527 0.086914 0.122070
0 0.429199 0.940430 0.075195 0.072266
0 0.968750 0.901367 0.062500 0.089844
0 0.373535 0.869141 0.045898 0.054688
0 0.521484 0.199707 0.076172 0.053711
