0 0.051270 0.943359 0.079102 0.099609
0 0.072266 0.823242 0.109375 0.097656
0 0.125000 0.778320 0.070312 0.074219
0 0.159668 0.732422 0.069336 0.054688
0 0.252930 0.762207 0.066406 0.069336
0 0.261230 0.695312 0.063477 0.050781
0 0.401855 0.673828 0.067383 0.064453
0 0.442871 0.784180 0.067383 0.068359
0 0.306152 0.891602 0.059570 0.056641
0 0.456543 0.660156 0.069336 0.083984
0 0.313965 0.979492 0.088867 0.041016
0 0.489746 0.859375 0.041992 0.066406
0 0.452148 0.975586 0.072266 0.048828
0 0.059082 0.602051 0.081055 0.092773
0 0.016602 0.617676 0.033203 0.051758
0 0.039551 0.519531 0.077148 0.074219
0 0.176270 0.534668 0.065430 0.071289
0 0.125000 0.496094 0.058594 0.066406
0 0.177734 0.475586 0.072266 0.056641
0 0.253418 0.473633 0.073242 0.085938
0 0.036621 0.439453 0.069336 0.072266
0 0.041992 0.028809 0.076172 0.053711
0 0.088867 0.066406 0.066406 0.056641
0 0.285645 0.067383 0.083008 0.105469
0 0.382324 0.126465 0.063477 0.053711
0 0.210938 0.176758 0.101562 0.062500
0 0.485840 0.217285 0.069336 0.069336
0 0.384277 0.328613 0.083008 0.120117
0 0.204102 0.332520 0.076172 0.088867
0 0.372559 0.484863 0.067383 0.073242
0 0.434082 0.440918 0.051758 0.063477
0 0.480469 0.444824 0.056641 0.129883
0 0.321289 0.581055 0.046875 0.054688
0 0.389648 0.563477 0.091797 0.097656
0 0.456543 0.547852 0.053711 0.074219
0 0.561523 0.077637 0.054688 0.057617
0 0.595703 0.126953 0.062500 0.056641
0 0.639160 0.067383 0.077148 0.060547
0 0.725098 0.105469 0.047852 0.089844
0 0.774902 0.130371 0.071289 0.098633
0 0.880371 0.100586 0.081055 0.082031
0 0.870117 0.174316 0.068359 0.063477
0 0.916016 0.207031 0.046875 0.066406
0 0.708984 0.268555 0.050781 0.060547
0 0.703613 0.360840 0.063477 0.065430
0 0.775391 0.370117 0.068359 0.115234
0 0.904297 0.345703 0.068359 0.121094
0 0.924805 0.292480 0.058594 0.088867
0 0.938965 0.440918 0.065430 0.071289
0 0.928223 0.506836 0.051758 0.056641
0 0.845215 0.517090 0.079102 0.071289
0 0.668945 0.516602 0.052734 0.058594
0 0.582031 0.520996 0.091797 0.073242
0 0.547852 0.548340 0.054688 0.059570
0 0.986816 0.746582 0.026367 0.075195
0 0.826660 0.721680 0.071289 0.060547
0 0.904297 0.739746 0.093750 0.059570
0 0.598633 0.779297 0.072266 0.076172
0 0.815430 0.966309 0.128906 0.061523
0 0.722656 0.971191 0.080078 0.057617
0 0.682617 0.659180 0.058594 0.064453
0 0.322266 0.797363 0.046875 0.063477
0 0.309082 0.952148 0.079102 0.058594
0 0.859863 0.664551 0.061523 0.051758
0 0.931641 0.626465 0.048828 0.059570
0 0.854004 0.346191 0.057617 0.090820
0 0.634277 0.532715 0.049805 0.047852
