0 0.407227 0.200195 0.039062 0.064453
0 0.450195 0.168945 0.074219 0.076172
0 0.497559 0.110840 0.067383 0.096680
0 0.649902 0.018066 0.065430 0.036133
0 0.714355 0.141113 0.067383 0.110352
0 0.902832 0.034668 0.063477 0.069336
0 0.857422 0.096680 0.056641 0.060547
0 0.922363 0.184570 0.049805 0.117188
0 0.950195 0.233887 0.074219 0.069336
0 0.842285 0.184082 0.067383 0.053711
0 0.840820 0.232910 0.070312 0.049805
0 0.703125 0.269531 0.050781 0.093750
0 0.614746 0.293945 0.053711 0.087891
0 0.537598 0.326660 0.075195 0.075195
0 0.473145 0.400879 0.057617 0.065430
0 0.541992 0.436523 0.068359 0.050781
0 0.740234 0.339355 0.058594 0.057617
0 0.762207 0.440918 0.067383 0.075195
0 0.859375 0.414062 0.041016 0.054688
0 0.946777 0.396484 0.067383 0.080078
0 0.944824 0.326172 0.057617 0.062500
0 0.464844 0.647461 0.062500 0.097656
0 0.568848 0.653809 0.067383 0.098633
0 0.759277 0.572266 0.081055 0.056641
0 0.882812 0.486816 0.058594 0.059570
0 0.787598 0.651855 0.073242 0.051758
0 0.938965 0.710449 0.084961 0.094727
0 0.812012 0.768066 0.053711 0.063477
0 0.853516 0.713867 0.064453 0.058594
0 0.785645 0.836426 0.061523 0.061523
0 0.864746 0.882812 0.092773 0.064453
0 0.717285 0.932617 0.069336 0.068359
0 0.769531 0.963379 0.058594 0.049805
0 0.642090 0.970215 0.057617 0.059570
0 0.661133 0.724121 0.099609 0.055664
0 0.687500 0.670410 0.082031 0.051758
0 0.417969 0.472168 0.068359 0.067383
0 0.326172 0.637207 0.064453 0.077148
0 0.391113 0.738281 0.084961 0.060547
0 0.439453 0.864746 0.062500 0.079102
0 0.260254 0.961426 0.067383 0.075195
0 0.273926 0.850098 0.069336 0.059570
0 0.234863 0.794434 0.077148 0.047852
0 0.269531 0.747559 0.078125 0.043945
0 0.269531 0.677246 0.039062 0.069336
0 0.260742 0.600586 0.046875 0.054688
0 0.187012 0.649414 0.063477 0.072266
0 0.301270 0.440918 0.069336 0.063477
0 0.333496 0.367188 0.077148 0.066406
0 0.292969 0.114258 0.046875 0.068359
0 0.236328 0.243652 0.050781 0.073242
0 0.265137 0.343750 0.065430 0.076172
0 0.056152 0.436035 0.067383 0.061523
0 0.086914 0.513672 0.052734 0.074219
0 0.078125 0.661133 0.070312 0.099609
0 0.133301 0.963379 0.077148 0.073242
0 0.022949 0.189453 0.045898 0.078125
0 0.047852 0.265625 0.058594 0.082031
0 0.079102 0.195801 0.044922 0.090820
0 0.176270 0.265625 0.067383 0.115234
0 0.035645 0.121094 0.051758 0.070312
0 0.100586 0.079102 0.054688 0.054688
0 0.161133 0.030273 0.050781 0.060547
0 0.786133 0.116211 0.062500 0.060547
0 0.152832 0.812012 0.059570 0.057617
