0 0.036133 0.389160 0.072266 0.108398
0 0.334473 0.268066 0.086914 0.184570
0 0.197754 0.538574 0.067383 0.129883
0 0.171387 0.714844 0.225586 0.068359
0 0.310059 0.705566 0.059570 0.061523
0 0.343262 0.621582 0.120117 0.092773
0 0.357910 0.569824 0.057617 0.083008
0 0.443848 0.531738 0.125977 0.079102
0 0.393066 0.086914 0.116211 0.097656
0 0.270996 0.065918 0.098633 0.131836
0 0.155273 0.051270 0.087891 0.102539
0 0.022949 0.099121 0.045898 0.131836
0 0.608887 0.967285 0.100586 0.065430
0 0.623047 0.886719 0.099609 0.087891
0 0.689941 0.967285 0.069336 0.065430
0 0.789062 0.764160 0.216797 0.178711
0 0.695801 0.650879 0.071289 0.133789
0 0.716309 0.526367 0.084961 0.126953
0 0.634766 0.587891 0.085938 0.138672
0 0.542969 0.543457 0.097656 0.069336
0 0.494629 0.442871 0.081055 0.108398
0 0.773438 0.292480 0.164062 0.069336
0 0.650391 0.247559 0.117188 0.071289
0 0.545898 0.201172 0.097656 0.136719
0 0.513184 0.342285 0.051758 0.057617
0 0.927246 0.559570 0.088867 0.083984
0 0.431152 0.036621 0.110352 0.067383
0 0.650879 0.288086 0.081055 0.070312
0 0.718262 0.972656 0.092773 0.054688
0 0.557617 0.470215 0.091797 0.143555
0 0.830078 0.771484 0.064453 0.083984
0 0.045898 0.041992 0.087891 0.083984
0 0.352539 0.966797 0.080078 0.066406
0 0.102051 0.020508 0.075195 0.041016
