0 0.614258 0.400391 0.136719 0.083984
0 0.661621 0.215332 0.120117 0.129883
0 0.359863 0.133301 0.100586 0.090820
0 0.019531 0.267578 0.039062 0.068359
0 0.890625 0.048340 0.083984 0.096680
0 0.168945 0.318848 0.083984 0.176758
0 0.097656 0.702148 0.082031 0.107422
0 0.547852 0.125488 0.171875 0.084961
0 0.568848 0.810059 0.165039 0.120117
0 0.963379 0.763672 0.073242 0.078125
0 0.917969 0.683105 0.138672 0.143555
0 0.842773 0.113770 0.107422 0.143555
0 0.617188 0.471191 0.150391 0.100586
0 0.363281 0.661133 0.210938 0.125000
0 0.619629 0.136719 0.143555 0.068359
0 0.321289 0.279297 0.097656 0.179688
0 0.816895 0.493652 0.096680 0.127930
0 0.746094 0.535156 0.083984 0.068359
0 0.044922 0.408203 0.089844 0.076172
0 0.067871 0.367188 0.094727 0.101562
0 0.053223 0.187012 0.106445 0.108398
0 0.044922 0.107910 0.089844 0.079102
0 0.738281 0.432617 0.072266 0.115234
0 0.666504 0.316895 0.147461 0.127930
0 0.495117 0.344238 0.111328 0.100586
0 0.474609 0.230469 0.171875 0.150391
0 0.315430 0.330566 0.095703 0.174805
0 0.457520 0.314941 0.182617 0.122070
0 0.968750 0.940430 0.062500 0.107422
0 0.794922 0.686523 0.054688 0.042969
0 0.894531 0.764648 0.064453 0.072266
0 0.164551 0.279785 0.065430 0.106445
