0 0.049805 0.006836 0.076172 0.013672
0 0.060547 0.132812 0.121094 0.054688
0 0.051270 0.284180 0.102539 0.119141
0 0.032715 0.429199 0.065430 0.084961
0 0.067871 0.386230 0.092773 0.073242
0 0.127441 0.451172 0.102539 0.087891
0 0.249512 0.252441 0.131836 0.125977
0 0.364258 0.428223 0.087891 0.110352
0 0.284180 0.538086 0.072266 0.058594
0 0.287109 0.646484 0.107422 0.058594
0 0.558594 0.649902 0.117188 0.057617
0 0.012695 0.789062 0.025391 0.078125
0 0.041504 0.573242 0.065430 0.076172
0 0.025391 0.939941 0.050781 0.106445
0 0.114258 0.838867 0.115234 0.201172
0 0.071777 0.695312 0.090820 0.080078
0 0.162109 0.577148 0.054688 0.107422
0 0.200684 0.679199 0.063477 0.061523
0 0.100586 0.624023 0.060547 0.066406
0 0.312012 0.724121 0.053711 0.081055
0 0.387695 0.740234 0.111328 0.072266
0 0.426758 0.839355 0.072266 0.071289
0 0.392578 0.955078 0.062500 0.089844
0 0.276855 0.797363 0.063477 0.063477
0 0.581055 0.855469 0.074219 0.138672
0 0.641602 0.753418 0.078125 0.063477
0 0.563477 0.468750 0.093750 0.068359
0 0.670898 0.470703 0.060547 0.066406
0 0.469238 0.349609 0.069336 0.064453
0 0.563477 0.345703 0.093750 0.078125
0 0.625000 0.374023 0.074219 0.060547
0 0.774902 0.400391 0.084961 0.119141
0 0.665039 0.209473 0.128906 0.067383
0 0.480469 0.162109 0.070312 0.068359
0 0.391602 0.144043 0.068359 0.079102
0 0.391113 0.041504 0.061523 0.057617
0 0.595215 0.971191 0.079102 0.057617
0 0.736816 0.928711 0.059570 0.070312
0 0.797363 0.851074 0.069336 0.102539
0 0.873047 0.895020 0.064453 0.084961
0 0.973145 0.872070 0.053711 0.101562
0 0.990234 0.956543 0.019531 0.083008
0 0.963867 0.756836 0.072266 0.085938
0 0.847168 0.667969 0.075195 0.074219
0 0.516602 0.013184 0.066406 0.026367
0 0.640137 0.046387 0.075195 0.067383
0 0.794434 0.085938 0.186523 0.048828
0 0.762695 0.132812 0.082031 0.056641
0 0.991699 0.217773 0.016602 0.048828
0 0.903809 0.332520 0.071289 0.063477
0 0.982910 0.455078 0.034180 0.070312
0 0.917969 0.514648 0.083984 0.070312
0 0.856934 0.579590 0.059570 0.075195
0 0.981934 0.582031 0.036133 0.117188
