0 0.896973 0.533203 0.069336 0.091797
0 0.698730 0.602051 0.081055 0.063477
0 0.467285 0.080078 0.061523 0.085938
0 0.765137 0.826660 0.053711 0.073242
0 0.258789 0.406250 0.082031 0.085938
0 0.259277 0.161133 0.114258 0.072266
0 0.010254 0.315918 0.020508 0.073242
0 0.073730 0.764648 0.108398 0.044922
0 0.057617 0.488281 0.085938 0.056641
0 0.236328 0.852539 0.054688 0.087891
0 0.275391 0.072266 0.066406 0.099609
0 0.488770 0.189453 0.090820 0.052734
0 0.632812 0.530762 0.111328 0.081055
0 0.268066 0.689453 0.073242 0.052734
0 0.863281 0.117188 0.050781 0.080078
0 0.928223 0.520996 0.067383 0.092773
0 0.815918 0.589355 0.069336 0.051758
0 0.410156 0.528809 0.087891 0.045898
0 0.750000 0.265625 0.072266 0.052734
0 0.432617 0.695801 0.080078 0.084961
0 0.037109 0.284180 0.074219 0.062500
0 0.050781 0.176758 0.099609 0.080078
0 0.240723 0.948730 0.116211 0.055664
0 0.026855 0.209961 0.053711 0.054688
0 0.437988 0.623047 0.077148 0.099609
0 0.813477 0.444336 0.066406 0.060547
0 0.057617 0.383301 0.082031 0.047852
0 0.216797 0.784180 0.082031 0.041016
0 0.647949 0.820312 0.059570 0.062500
0 0.425781 0.311035 0.076172 0.043945
0 0.962891 0.864746 0.074219 0.034180
0 0.383789 0.052734 0.058594 0.103516
0 0.158691 0.519531 0.067383 0.037109
0 0.228027 0.307617 0.067383 0.056641
0 0.577637 0.354004 0.057617 0.034180
0 0.132324 0.552246 0.059570 0.036133
0 0.562012 0.256836 0.096680 0.060547
0 0.165527 0.185547 0.086914 0.068359
0 0.050781 0.457031 0.060547 0.044922
0 0.201172 0.156738 0.080078 0.057617
0 0.535645 0.852051 0.063477 0.036133
0 0.936523 0.472656 0.066406 0.037109
0 0.941895 0.262207 0.081055 0.096680
0 0.479004 0.936035 0.071289 0.051758
0 0.399414 0.190918 0.058594 0.043945
0 0.900391 0.241699 0.089844 0.043945
0 0.319824 0.369141 0.073242 0.044922
0 0.858398 0.276855 0.080078 0.030273
0 0.941406 0.041016 0.076172 0.066406
0 0.800293 0.478027 0.057617 0.049805
0 0.273926 0.348145 0.067383 0.040039
0 0.978027 0.430176 0.040039 0.057617
0 0.427734 0.888184 0.058594 0.041992
0 0.898926 0.820801 0.051758 0.041992
0 0.857910 0.875977 0.065430 0.060547
0 0.647461 0.318848 0.056641 0.034180
0 0.652832 0.341309 0.071289 0.022461
0 0.979004 0.908203 0.041992 0.017578
0 0.983398 0.398438 0.029297 0.044922
0 0.068848 0.591797 0.090820 0.058594
0 0.982910 0.488281 0.034180 0.039062
0 0.515137 0.360352 0.063477 0.070312
0 0.543457 0.708008 0.061523 0.054688
0 0.536621 0.659668 0.143555 0.083008
0 0.423828 0.661133 0.074219 0.056641
0 0.387695 0.922852 0.068359 0.052734
0 0.277832 0.864258 0.057617 0.044922
0 0.089844 0.793457 0.058594 0.036133
