0 0.974609 0.284668 0.050781 0.079102
0 0.891602 0.190918 0.068359 0.075195
0 0.971191 0.132324 0.057617 0.063477
0 0.801758 0.018066 0.083984 0.036133
0 0.969238 0.501953 0.043945 0.080078
0 0.987305 0.524902 0.025391 0.083008
0 0.860352 0.543457 0.093750 0.063477
0 0.831543 0.426758 0.075195 0.056641
0 0.683594 0.453613 0.052734 0.055664
0 0.683594 0.510742 0.056641 0.058594
0 0.768066 0.544922 0.053711 0.083984
0 0.684082 0.615234 0.069336 0.062500
0 0.827637 0.692871 0.081055 0.059570
0 0.453613 0.534180 0.053711 0.044922
0 0.577148 0.522461 0.068359 0.076172
0 0.569824 0.437500 0.065430 0.072266
0 0.493164 0.433105 0.080078 0.081055
0 0.458984 0.478516 0.066406 0.050781
0 0.653809 0.235352 0.055664 0.046875
0 0.441406 0.217773 0.066406 0.050781
0 0.270508 0.142578 0.072266 0.050781
0 0.134277 0.087891 0.049805 0.050781
0 0.166992 0.302246 0.064453 0.065430
0 0.639160 0.027344 0.051758 0.054688
0 0.425781 0.031250 0.054688 0.062500
0 0.523438 0.138184 0.078125 0.092773
0 0.581055 0.190918 0.041016 0.084961
0 0.885254 0.788086 0.069336 0.072266
0 0.840820 0.870605 0.097656 0.077148
0 0.736816 0.847656 0.067383 0.076172
0 0.694336 0.827637 0.076172 0.049805
0 0.710449 0.766602 0.079102 0.054688
0 0.620605 0.770996 0.102539 0.104492
0 0.574707 0.827637 0.084961 0.057617
0 0.389160 0.717285 0.057617 0.077148
0 0.457031 0.731934 0.068359 0.065430
0 0.247070 0.706055 0.074219 0.070312
0 0.316895 0.729980 0.063477 0.051758
0 0.228516 0.910156 0.095703 0.113281
0 0.098145 0.949219 0.088867 0.058594
0 0.722168 0.970703 0.071289 0.058594
0 0.081543 0.566406 0.079102 0.041016
0 0.104004 0.592773 0.063477 0.054688
0 0.047363 0.632324 0.094727 0.090820
0 0.108887 0.814941 0.067383 0.077148
0 0.099609 0.725586 0.056641 0.056641
0 0.363281 0.541016 0.054688 0.048828
0 0.255371 0.673828 0.073242 0.052734
0 0.918457 0.900879 0.055664 0.083008
