0 0.018555 0.748535 0.037109 0.079102
0 0.093750 0.833496 0.072266 0.059570
0 0.025879 0.476562 0.051758 0.083984
0 0.044922 0.298828 0.089844 0.074219
0 0.048340 0.202637 0.096680 0.073242
0 0.033691 0.012207 0.067383 0.024414
0 0.257812 0.296875 0.082031 0.068359
0 0.185059 0.393555 0.077148 0.087891
0 0.308594 0.455078 0.070312 0.087891
0 0.379883 0.424316 0.056641 0.065430
0 0.357422 0.382812 0.058594 0.056641
0 0.513184 0.312012 0.075195 0.083008
0 0.381348 0.215820 0.073242 0.060547
0 0.556152 0.190430 0.090820 0.095703
0 0.632324 0.460449 0.065430 0.073242
0 0.714844 0.422363 0.068359 0.079102
0 0.740723 0.360352 0.069336 0.064453
0 0.809570 0.421875 0.076172 0.072266
0 0.755859 0.705078 0.125000 0.076172
0 0.148926 0.695312 0.061523 0.066406
0 0.406738 0.791504 0.075195 0.069336
0 0.257812 0.795410 0.054688 0.053711
0 0.296387 0.850586 0.067383 0.070312
0 0.171387 0.912598 0.067383 0.104492
0 0.201660 0.977539 0.075195 0.044922
0 0.645020 0.953613 0.094727 0.088867
0 0.732910 0.833984 0.057617 0.074219
0 0.802734 0.840820 0.089844 0.070312
0 0.768066 0.776855 0.081055 0.063477
0 0.932129 0.784668 0.135742 0.079102
0 0.966797 0.877441 0.066406 0.071289
0 0.409668 0.291992 0.041992 0.054688
0 0.911133 0.133789 0.125000 0.083984
0 0.217285 0.362793 0.051758 0.057617
0 0.200195 0.946289 0.080078 0.070312
0 0.784668 0.673340 0.061523 0.038086
