0 0.643066 0.147461 0.059570 0.093750
0 0.164551 0.071289 0.083008 0.083984
0 0.122559 0.348145 0.061523 0.086914
0 0.340332 0.166016 0.065430 0.066406
0 0.669922 0.289062 0.033203 0.113281
0 0.557617 0.856934 0.070312 0.061523
0 0.552344 0.700000 0.129688 0.049219
0 0.645020 0.380859 0.061523 0.066406
0 0.436523 0.083008 0.029297 0.097656
0 0.740723 0.703613 0.073242 0.040039
0 0.968750 0.784668 0.062500 0.084961
0 0.029785 0.395508 0.059570 0.109375
0 0.416992 0.854980 0.064453 0.057617
0 0.855469 0.375977 0.072266 0.039062
0 0.327637 0.027344 0.040039 0.050781
0 0.965820 0.467773 0.068359 0.037109
0 0.908203 0.583496 0.052734 0.055664
0 0.608398 0.981934 0.046875 0.036133
0 0.258301 0.289062 0.047852 0.072266
0 0.824219 0.179688 0.046875 0.037109
0 0.875488 0.825195 0.063477 0.050781
0 0.395996 0.952637 0.073242 0.026367
0 0.793457 0.057617 0.036133 0.091797
0 0.086426 0.601562 0.069336 0.039062
0 0.366211 0.507324 0.091797 0.053711
0 0.031250 0.361816 0.062500 0.114258
0 0.199707 0.984863 0.094727 0.030273
0 0.731445 0.555664 0.042969 0.080078
0 0.424316 0.365723 0.088867 0.038086
0 0.976562 0.245605 0.046875 0.059570
0 0.042969 0.539062 0.085938 0.046875
0 0.223145 0.661133 0.081055 0.044922
0 0.212402 0.931641 0.098633 0.041016
0 0.351074 0.749512 0.051758 0.036133
0 0.497559 0.069336 0.108398 0.076172
0 0.088379 0.354492 0.065430 0.037109
0 0.027344 0.827637 0.054688 0.041992
0 0.946777 0.954590 0.051758 0.036133
0 0.014648 0.436523 0.029297 0.031250
0 0.876465 0.677246 0.081055 0.059570
0 0.781250 0.536133 0.033203 0.054688
0 0.385742 0.012695 0.033203 0.023438
0 0.462402 0.025879 0.043945 0.051758
0 0.820801 0.684570 0.090820 0.044922
0 0.799805 0.732910 0.074219 0.047852
0 0.301758 0.545410 0.078125 0.041992
0 0.981445 0.558105 0.037109 0.043945
0 0.986816 0.188965 0.026367 0.038086
0 0.789062 0.962891 0.035156 0.027344
0 0.828125 0.982422 0.064453 0.035156
0 0.229004 0.314941 0.049805 0.041992
