0 0.639648 0.472168 0.095703 0.073242
0 0.540039 0.362305 0.083984 0.095703
0 0.414062 0.826172 0.068359 0.058594
0 0.077148 0.495117 0.048828 0.123047
0 0.785645 0.317383 0.118164 0.093750
0 0.653809 0.961426 0.077148 0.075195
0 0.045410 0.652344 0.079102 0.160156
0 0.826172 0.396973 0.107422 0.100586
0 0.584961 0.541504 0.146484 0.166992
0 0.488281 0.429199 0.078125 0.081055
0 0.732910 0.251465 0.098633 0.075195
0 0.820801 0.619629 0.084961 0.118164
0 0.899902 0.614746 0.165039 0.161133
0 0.127441 0.531738 0.110352 0.221680
0 0.765137 0.108887 0.098633 0.116211
0 0.658691 0.121094 0.088867 0.070312
0 0.573242 0.072266 0.072266 0.099609
0 0.555176 0.245605 0.075195 0.063477
0 0.400879 0.291504 0.067383 0.108398
0 0.324219 0.266602 0.132812 0.109375
0 0.409180 0.179688 0.134766 0.113281
0 0.280273 0.139160 0.173828 0.100586
0 0.064453 0.147949 0.115234 0.063477
0 0.790527 0.043945 0.124023 0.087891
0 0.588867 0.090820 0.054688 0.080078
0 0.629883 0.041504 0.076172 0.083008
0 0.507812 0.881348 0.052734 0.043945
0 0.590332 0.889648 0.049805 0.056641
0 0.073242 0.266602 0.136719 0.080078
0 0.087891 0.257324 0.083984 0.120117
