0 0.746094 0.328125 0.066406 0.111328
0 0.654785 0.336426 0.049805 0.086914
0 0.312012 0.158203 0.086914 0.130859
0 0.044434 0.113281 0.040039 0.097656
0 0.122559 0.946289 0.124023 0.087891
0 0.658691 0.493652 0.081055 0.088867
0 0.215820 0.161133 0.087891 0.054688
0 0.017578 0.210938 0.035156 0.060547
0 0.654297 0.679199 0.115234 0.040039
0 0.370605 0.585449 0.081055 0.043945
0 0.596191 0.889160 0.030273 0.065430
0 0.235840 0.914551 0.077148 0.040039
0 0.945312 0.874023 0.039062 0.095703
0 0.565918 0.084961 0.073242 0.056641
0 0.734863 0.224609 0.047852 0.103516
0 0.348145 0.536621 0.075195 0.055664
0 0.020996 0.954590 0.041992 0.081055
0 0.927734 0.660645 0.041016 0.077148
0 0.760254 0.595703 0.063477 0.050781
0 0.186035 0.198730 0.141602 0.077148
0 0.318359 0.982422 0.097656 0.035156
0 0.683105 0.142090 0.069336 0.090820
0 0.262207 0.378906 0.063477 0.025391
0 0.012695 0.384766 0.025391 0.037109
0 0.233887 0.329102 0.083008 0.042969
0 0.472168 0.951660 0.088867 0.047852
0 0.839844 0.536621 0.078125 0.061523
0 0.165039 0.650391 0.064453 0.042969
0 0.604004 0.725098 0.100586 0.075195
0 0.118652 0.885742 0.100586 0.044922
0 0.105957 0.700195 0.084961 0.031250
0 0.074219 0.643555 0.148438 0.062500
0 0.477539 0.655273 0.039062 0.074219
0 0.011230 0.443359 0.022461 0.033203
0 0.149414 0.055664 0.070312 0.037109
0 0.902832 0.959961 0.043945 0.062500
0 0.083984 0.548828 0.156250 0.056641
0 0.223145 0.756836 0.135742 0.062500
0 0.443848 0.710449 0.061523 0.061523
0 0.126953 0.750000 0.062500 0.023438
0 0.791504 0.592773 0.055664 0.048828
0 0.505859 0.517578 0.058594 0.048828
0 0.883789 0.710449 0.119141 0.065430
0 0.382812 0.650879 0.064453 0.043945
0 0.273438 0.620117 0.085938 0.056641
0 0.372070 0.915527 0.052734 0.038086
0 0.834961 0.906250 0.060547 0.042969
0 0.890137 0.894043 0.075195 0.051758
0 0.266113 0.680176 0.071289 0.047852
0 0.080566 0.058105 0.079102 0.041992
0 0.146484 0.325684 0.062500 0.051758
0 0.430176 0.810059 0.047852 0.034180
0 0.098633 0.338867 0.060547 0.039062
0 0.452637 0.514648 0.069336 0.041016
0 0.753418 0.013672 0.036133 0.027344
0 0.977539 0.291504 0.044922 0.053711
0 0.979004 0.501953 0.041992 0.046875
0 0.779785 0.666992 0.055664 0.050781
0 0.335449 0.671387 0.049805 0.028320
0 0.227539 0.011230 0.048828 0.022461
0 0.982910 0.234375 0.034180 0.048828
0 0.993652 0.677734 0.012695 0.031250
0 0.986328 0.936035 0.027344 0.043945
