0 0.644531 0.856934 0.140625 0.104492
0 0.654297 0.300781 0.179688 0.082031
0 0.485840 0.658203 0.157227 0.107422
0 0.231934 0.150391 0.104492 0.099609
0 0.388184 0.864746 0.102539 0.084961
0 0.497070 0.059570 0.154297 0.119141
0 0.443359 0.304688 0.107422 0.089844
0 0.529297 0.867188 0.115234 0.099609
0 0.404785 0.158691 0.084961 0.067383
0 0.511719 0.183594 0.080078 0.062500
0 0.675781 0.382324 0.136719 0.094727
0 0.309570 0.208008 0.074219 0.062500
0 0.675781 0.029785 0.158203 0.059570
0 0.159180 0.664551 0.089844 0.090820
0 0.200684 0.225586 0.077148 0.062500
0 0.206543 0.494629 0.071289 0.065430
0 0.392090 0.027344 0.090820 0.054688
0 0.488770 0.969238 0.155273 0.061523
0 0.437012 0.559570 0.075195 0.060547
0 0.264648 0.295410 0.064453 0.057617
0 0.855469 0.635742 0.107422 0.082031
0 0.049805 0.967285 0.099609 0.065430
