0 0.767090 0.714844 0.075195 0.089844
0 0.935547 0.549316 0.062500 0.059570
0 0.106934 0.778320 0.100586 0.078125
0 0.951172 0.876953 0.097656 0.089844
0 0.958496 0.681641 0.083008 0.080078
0 0.113281 0.520996 0.101562 0.077148
0 0.239258 0.431641 0.089844 0.089844
0 0.824707 0.880859 0.094727 0.078125
0 0.872070 0.090820 0.080078 0.072266
0 0.312012 0.374512 0.100586 0.100586
0 0.325684 0.663574 0.122070 0.112305
0 0.732910 0.298340 0.102539 0.102539
0 0.752930 0.643066 0.072266 0.067383
0 0.823242 0.194336 0.078125 0.080078
0 0.150879 0.951172 0.083008 0.097656
0 0.404785 0.405762 0.110352 0.086914
0 0.345703 0.117188 0.087891 0.105469
0 0.787109 0.449707 0.105469 0.084961
0 0.234375 0.911621 0.080078 0.084961
0 0.647949 0.461914 0.112305 0.099609
0 0.291016 0.869629 0.062500 0.075195
0 0.914551 0.434570 0.065430 0.064453
0 0.896484 0.033691 0.160156 0.067383
0 0.220703 0.060547 0.072266 0.054688
