0 0.377930 0.693848 0.085938 0.086914
0 0.953125 0.308105 0.058594 0.067383
0 0.357422 0.768066 0.082031 0.065430
0 0.117188 0.039062 0.064453 0.074219
0 0.050293 0.231934 0.075195 0.069336
0 0.563477 0.270508 0.064453 0.076172
0 0.714355 0.258789 0.069336 0.091797
0 0.101074 0.797363 0.034180 0.067383
0 0.231445 0.291992 0.058594 0.078125
0 0.023926 0.604492 0.047852 0.042969
0 0.644531 0.118164 0.037109 0.085938
0 0.545410 0.726074 0.059570 0.063477
0 0.182617 0.882324 0.080078 0.073242
0 0.455566 0.436035 0.053711 0.079102
0 0.427246 0.900879 0.043945 0.096680
0 0.262207 0.736816 0.032227 0.075195
0 0.244629 0.086426 0.053711 0.077148
0 0.951172 0.482910 0.080078 0.038086
0 0.505371 0.911621 0.057617 0.040039
0 0.717773 0.823730 0.046875 0.055664
0 0.012207 0.452637 0.020508 0.063477
0 0.425781 0.016602 0.068359 0.033203
0 0.181152 0.388672 0.047852 0.082031
0 0.173340 0.276367 0.065430 0.087891
0 0.402832 0.974121 0.051758 0.047852
0 0.196289 0.447754 0.070312 0.047852
0 0.492188 0.181152 0.068359 0.036133
0 0.952148 0.807129 0.039062 0.055664
0 0.622070 0.798828 0.066406 0.048828
0 0.853516 0.712891 0.052734 0.048828
0 0.306641 0.873535 0.072266 0.041992
0 0.108887 0.872070 0.041992 0.031250
0 0.715820 0.326660 0.041016 0.057617
0 0.232422 0.370605 0.050781 0.040039
0 0.979980 0.120117 0.040039 0.039062
0 0.019043 0.816895 0.038086 0.098633
0 0.918945 0.857422 0.033203 0.060547
0 0.929688 0.935059 0.076172 0.043945
0 0.594580 0.493018 0.065137 0.045801
0 0.260742 0.528809 0.042969 0.041992
0 0.912598 0.706543 0.032227 0.057617
0 0.711914 0.017578 0.029297 0.035156
0 0.978516 0.724121 0.029297 0.041992
0 0.343750 0.937988 0.044922 0.053711
0 0.341309 0.482422 0.051758 0.035156
0 0.983887 0.521484 0.032227 0.052734
0 0.369141 0.440430 0.046875 0.054688
0 0.551270 0.989746 0.034180 0.020508
0 0.773926 0.723633 0.047852 0.027344
0 0.582520 0.700684 0.067383 0.049805
0 0.686035 0.560547 0.045898 0.041016
0 0.830078 0.499512 0.054688 0.063477
0 0.904297 0.102539 0.050781 0.048828
0 0.020508 0.397949 0.041016 0.040039
0 0.197266 0.933594 0.060547 0.050781
0 0.229492 0.960938 0.111328 0.041016
0 0.279785 0.979004 0.125977 0.041992
