0 0.528320 0.062012 0.097656 0.075195
0 0.890625 0.013672 0.078125 0.027344
0 0.619629 0.038574 0.104492 0.077148
0 0.250977 0.202148 0.087891 0.095703
0 0.517090 0.256836 0.110352 0.064453
0 0.130859 0.210938 0.072266 0.072266
0 0.960938 0.233398 0.078125 0.078125
0 0.278320 0.017090 0.078125 0.034180
0 0.150879 0.594727 0.067383 0.089844
0 0.254883 0.502930 0.080078 0.097656
0 0.273438 0.331055 0.097656 0.097656
0 0.724609 0.227051 0.070312 0.065430
0 0.573242 0.219727 0.091797 0.070312
0 0.717285 0.405762 0.094727 0.102539
0 0.340820 0.589355 0.046875 0.059570
0 0.030762 0.207031 0.057617 0.089844
0 0.592285 0.576660 0.075195 0.075195
0 0.350586 0.255859 0.074219 0.054688
