0 0.372559 0.297363 0.086914 0.061523
0 0.299805 0.198242 0.091797 0.070312
0 0.362305 0.082031 0.097656 0.083984
0 0.527344 0.209473 0.083984 0.092773
0 0.514160 0.102539 0.057617 0.087891
0 0.565430 0.133789 0.066406 0.072266
0 0.649902 0.163574 0.094727 0.081055
0 0.767578 0.034668 0.083984 0.069336
0 0.138672 0.112793 0.058594 0.086914
0 0.023926 0.037598 0.047852 0.075195
0 0.031738 0.228516 0.059570 0.076172
0 0.057129 0.954590 0.065430 0.090820
0 0.138184 0.983398 0.075195 0.033203
0 0.330078 0.832031 0.089844 0.087891
0 0.239258 0.919922 0.062500 0.076172
0 0.451660 0.894043 0.079102 0.110352
0 0.526855 0.956055 0.067383 0.087891
0 0.027832 0.787598 0.055664 0.061523
0 0.613281 0.924805 0.066406 0.126953
0 0.714355 0.963867 0.065430 0.072266
0 0.565430 0.585449 0.109375 0.200195
0 0.144043 0.636230 0.086914 0.084961
0 0.705566 0.555176 0.090820 0.170898
0 0.804199 0.558594 0.088867 0.101562
0 0.789551 0.380371 0.079102 0.135742
0 0.951660 0.348633 0.088867 0.158203
0 0.957520 0.442383 0.045898 0.078125
0 0.892578 0.594238 0.105469 0.086914
0 0.863281 0.649902 0.156250 0.069336
0 0.852051 0.959961 0.067383 0.054688
