0 0.704590 0.554199 0.106445 0.110352
0 0.253418 0.974609 0.112305 0.050781
0 0.907227 0.531250 0.115234 0.121094
0 0.218262 0.497070 0.083008 0.080078
0 0.382812 0.945801 0.095703 0.108398
0 0.249023 0.603516 0.113281 0.123047
0 0.094727 0.280762 0.099609 0.137695
0 0.124512 0.963379 0.114258 0.073242
0 0.621582 0.211914 0.084961 0.103516
0 0.098633 0.821289 0.107422 0.177734
0 0.164062 0.086426 0.148438 0.168945
0 0.086426 0.631836 0.104492 0.128906
0 0.200684 0.275879 0.118164 0.127930
0 0.236816 0.371094 0.077148 0.066406
0 0.055176 0.462891 0.106445 0.142578
0 0.038574 0.697266 0.067383 0.099609
0 0.026855 0.810547 0.049805 0.087891
0 0.037109 0.075684 0.070312 0.147461
