0 0.063477 0.282715 0.062500 0.079102
0 0.046387 0.422363 0.065430 0.083008
0 0.109863 0.368164 0.083008 0.070312
0 0.134277 0.419922 0.067383 0.054688
0 0.106934 0.532227 0.073242 0.066406
0 0.126953 0.585938 0.068359 0.062500
0 0.138672 0.495117 0.074219 0.048828
0 0.234863 0.421387 0.065430 0.071289
0 0.242676 0.493164 0.063477 0.066406
0 0.320801 0.488281 0.063477 0.058594
0 0.392578 0.497070 0.064453 0.058594
0 0.322266 0.589355 0.083984 0.061523
0 0.116699 0.077637 0.059570 0.059570
0 0.107910 0.043945 0.083008 0.052734
0 0.248047 0.039551 0.074219 0.057617
0 0.343262 0.103516 0.079102 0.087891
0 0.420898 0.025879 0.080078 0.051758
0 0.581055 0.124512 0.091797 0.090820
0 0.752441 0.056641 0.098633 0.074219
0 0.609375 0.066406 0.062500 0.046875
0 0.633789 0.037598 0.085938 0.075195
0 0.760742 0.101562 0.074219 0.048828
0 0.674805 0.218262 0.062500 0.061523
0 0.814453 0.244629 0.064453 0.063477
0 0.707520 0.308105 0.071289 0.100586
0 0.429199 0.455078 0.096680 0.099609
0 0.538086 0.480957 0.080078 0.088867
0 0.755371 0.442383 0.073242 0.091797
0 0.820312 0.401367 0.074219 0.083984
0 0.862305 0.373535 0.082031 0.071289
0 0.896484 0.440430 0.076172 0.080078
0 0.828125 0.472168 0.082031 0.088867
0 0.723145 0.508789 0.073242 0.066406
0 0.725586 0.570312 0.093750 0.068359
0 0.979004 0.376953 0.041992 0.068359
0 0.979980 0.437500 0.040039 0.085938
0 0.959473 0.046387 0.081055 0.071289
0 0.817383 0.666504 0.068359 0.065430
0 0.966797 0.693848 0.064453 0.092773
0 0.703125 0.802734 0.062500 0.074219
0 0.334961 0.817871 0.070312 0.092773
0 0.317383 0.883789 0.060547 0.070312
0 0.268066 0.890137 0.059570 0.065430
0 0.050781 0.904785 0.101562 0.090820
0 0.091797 0.961914 0.064453 0.052734
0 0.276855 0.965332 0.079102 0.069336
0 0.346680 0.969238 0.060547 0.061523
0 0.632324 0.980957 0.083008 0.038086
0 0.679199 0.954102 0.065430 0.066406
0 0.735352 0.960449 0.080078 0.079102
0 0.750488 0.897949 0.069336 0.071289
0 0.815430 0.906250 0.083984 0.074219
0 0.279785 0.026855 0.047852 0.053711
0 0.186523 0.050293 0.046875 0.034180
0 0.125977 0.017578 0.052734 0.035156
0 0.373535 0.557129 0.041992 0.057617
0 0.342773 0.537109 0.070312 0.066406
0 0.983887 0.909180 0.032227 0.060547
0 0.568359 0.990723 0.064453 0.018555
0 0.500977 0.983398 0.074219 0.033203
0 0.809570 0.083008 0.050781 0.042969
0 0.481445 0.015137 0.044922 0.030273
0 0.381348 0.982422 0.030273 0.035156
