0 0.849121 0.203125 0.084961 0.062500
0 0.835449 0.546387 0.112305 0.084961
0 0.168457 0.104492 0.112305 0.080078
0 0.588379 0.025879 0.102539 0.051758
0 0.399902 0.824219 0.084961 0.169922
0 0.511230 0.623047 0.102539 0.062500
0 0.833008 0.113281 0.068359 0.136719
0 0.284180 0.323242 0.169922 0.152344
0 0.519531 0.205078 0.169922 0.167969
0 0.776855 0.312500 0.114258 0.160156
0 0.083008 0.267090 0.117188 0.065430
0 0.080566 0.036133 0.083008 0.072266
0 0.484863 0.034668 0.129883 0.069336
0 0.113281 0.209473 0.062500 0.059570
0 0.934082 0.282715 0.067383 0.065430
0 0.707031 0.901855 0.074219 0.180664
0 0.361816 0.048340 0.190430 0.096680
0 0.509766 0.874512 0.070312 0.075195
0 0.952148 0.212402 0.054688 0.059570
0 0.691895 0.656738 0.075195 0.120117
0 0.911133 0.919434 0.072266 0.120117
0 0.129395 0.967285 0.055664 0.049805
0 0.884766 0.291016 0.070312 0.062500
0 0.312988 0.904785 0.092773 0.110352
0 0.044434 0.756836 0.084961 0.150391
0 0.082031 0.350586 0.115234 0.123047
0 0.463379 0.841797 0.067383 0.080078
0 0.580566 0.468262 0.208008 0.192383
0 0.764160 0.377930 0.075195 0.052734
0 0.425781 0.254395 0.107422 0.110352
0 0.639648 0.285645 0.062500 0.129883
0 0.805176 0.966309 0.084961 0.067383
0 0.151855 0.897949 0.129883 0.122070
0 0.388184 0.622070 0.192383 0.105469
0 0.655762 0.652832 0.096680 0.147461
0 0.229492 0.788086 0.105469 0.126953
0 0.023438 0.548340 0.042969 0.057617
0 0.674316 0.765625 0.084961 0.072266
0 0.842285 0.633301 0.075195 0.118164
0 0.023926 0.357422 0.047852 0.062500
0 0.018555 0.091309 0.037109 0.102539
0 0.110840 0.371582 0.051758 0.084961
0 0.316895 0.581055 0.059570 0.142578
0 0.229004 0.579102 0.120117 0.166016
0 0.613281 0.579590 0.062500 0.245117
0 0.183105 0.734863 0.077148 0.075195
0 0.038574 0.964355 0.077148 0.071289
0 0.927734 0.082031 0.039062 0.058594
0 0.450684 0.936035 0.067383 0.127930
0 0.243164 0.293457 0.078125 0.102539
0 0.206055 0.239746 0.107422 0.084961
0 0.951172 0.052734 0.095703 0.105469
