0 0.360840 0.368652 0.118164 0.102539
0 0.972168 0.094238 0.055664 0.084961
0 0.704590 0.376953 0.145508 0.125000
0 0.806152 0.033203 0.139648 0.062500
0 0.567383 0.364746 0.089844 0.075195
0 0.538574 0.470703 0.102539 0.097656
0 0.834473 0.759277 0.159180 0.120117
0 0.678223 0.838379 0.112305 0.086914
0 0.539551 0.759766 0.129883 0.125000
0 0.800781 0.903320 0.101562 0.142578
0 0.419434 0.125000 0.129883 0.125000
0 0.778320 0.244629 0.177734 0.084961
0 0.650879 0.109863 0.118164 0.094727
0 0.848633 0.103516 0.089844 0.105469
