0 0.161133 0.034180 0.083984 0.066406
0 0.051758 0.840332 0.080078 0.057617
0 0.091797 0.134277 0.066406 0.077148
0 0.571289 0.733398 0.064453 0.089844
0 0.300781 0.081055 0.042969 0.080078
0 0.169922 0.857422 0.130859 0.062500
0 0.177734 0.172363 0.068359 0.108398
0 0.141602 0.726562 0.068359 0.050781
0 0.483398 0.164062 0.029297 0.082031
0 0.944824 0.550781 0.026367 0.056641
0 0.091797 0.641113 0.039062 0.067383
0 0.125000 0.069336 0.042969 0.078125
0 0.796387 0.444824 0.051758 0.067383
0 0.337891 0.715820 0.044922 0.107422
0 0.090820 0.077148 0.048828 0.062500
0 0.547363 0.567871 0.040039 0.090820
0 0.883789 0.242676 0.033203 0.102539
0 0.460938 0.473633 0.031250 0.078125
0 0.163574 0.704590 0.038086 0.061523
0 0.111328 0.290039 0.050781 0.050781
0 0.800781 0.973633 0.023438 0.052734
0 0.691406 0.694824 0.031250 0.071289
0 0.978516 0.591797 0.042969 0.062500
0 0.483887 0.412598 0.051758 0.106445
0 0.672852 0.530273 0.066406 0.056641
0 0.227539 0.171875 0.031250 0.105469
0 0.665039 0.442871 0.054688 0.045898
0 0.687988 0.801758 0.049805 0.070312
0 0.053223 0.725586 0.069336 0.033203
0 0.976562 0.742188 0.046875 0.039062
0 0.770508 0.241211 0.050781 0.193359
0 0.744141 0.480957 0.097656 0.034180
0 0.199707 0.571777 0.092773 0.024414
0 0.830566 0.221680 0.057617 0.048828
0 0.012207 0.552734 0.024414 0.027344
0 0.212402 0.537598 0.041992 0.049805
0 0.484863 0.476562 0.030273 0.091797
0 0.306152 0.600098 0.071289 0.049805
0 0.327539 0.708594 0.032227 0.095703
0 0.529297 0.020508 0.046875 0.041016
0 0.645508 0.037109 0.031250 0.054688
0 0.785645 0.448730 0.038086 0.071289
0 0.508301 0.544434 0.051758 0.069336
0 0.611328 0.559082 0.042969 0.049805
0 0.601562 0.991211 0.033203 0.017578
0 0.212891 0.165527 0.027344 0.092773
0 0.659668 0.449707 0.047852 0.038086
0 0.010254 0.520020 0.020508 0.057617
0 0.224121 0.946289 0.038086 0.029297
0 0.937988 0.681641 0.045898 0.027344
0 0.105957 0.552734 0.061523 0.031250
0 0.069336 0.618164 0.041016 0.048828
0 0.825684 0.603516 0.055664 0.042969
0 0.450195 0.811035 0.050781 0.040039
0 0.748535 0.865723 0.061523 0.055664
0 0.489746 0.920898 0.073242 0.039062
0 0.308105 0.879395 0.055664 0.041992
