0 0.180176 0.067871 0.106445 0.135742
0 0.318848 0.080566 0.112305 0.151367
0 0.683594 0.106934 0.150391 0.208008
0 0.663574 0.411621 0.106445 0.206055
0 0.030273 0.100098 0.060547 0.100586
0 0.454590 0.631836 0.100586 0.121094
0 0.660645 0.669922 0.141602 0.119141
0 0.856934 0.594727 0.135742 0.093750
0 0.090820 0.220703 0.115234 0.095703
0 0.096191 0.384277 0.186523 0.176758
0 0.135742 0.581543 0.103516 0.137695
0 0.265625 0.657715 0.126953 0.110352
0 0.063965 0.908691 0.114258 0.145508
0 0.228516 0.305176 0.169922 0.200195
0 0.357910 0.301270 0.057617 0.059570
0 0.416016 0.321777 0.126953 0.129883
0 0.330078 0.543457 0.070312 0.073242
0 0.264160 0.573730 0.073242 0.067383
0 0.339844 0.833984 0.089844 0.066406
0 0.175781 0.755371 0.123047 0.172852
0 0.073730 0.751465 0.090820 0.145508
0 0.184082 0.951660 0.102539 0.096680
0 0.494629 0.772461 0.094727 0.111328
0 0.595703 0.899414 0.072266 0.070312
0 0.806641 0.780273 0.121094 0.080078
0 0.708984 0.966309 0.146484 0.067383
0 0.753906 0.581543 0.068359 0.083008
0 0.794434 0.435547 0.116211 0.130859
0 0.861328 0.399902 0.074219 0.065430
0 0.966797 0.857910 0.066406 0.094727
0 0.977051 0.771973 0.045898 0.061523
0 0.958984 0.409668 0.082031 0.090820
0 0.805664 0.292480 0.115234 0.120117
0 0.899902 0.295898 0.084961 0.056641
0 0.887207 0.249023 0.081055 0.058594
0 0.958008 0.191895 0.066406 0.067383
0 0.946777 0.077637 0.106445 0.081055
0 0.485840 0.098145 0.104492 0.127930
0 0.406250 0.050781 0.095703 0.101562
0 0.012207 0.399902 0.024414 0.075195
0 0.026367 0.406738 0.052734 0.149414
0 0.399902 0.980469 0.081055 0.039062
