0 0.263672 0.046875 0.134766 0.093750
0 0.838379 0.202637 0.139648 0.237305
0 0.838867 0.498047 0.093750 0.087891
0 0.588379 0.652344 0.110352 0.191406
0 0.349121 0.272949 0.084961 0.149414
0 0.296875 0.465820 0.144531 0.164062
0 0.030273 0.126953 0.060547 0.070312
0 0.231445 0.765625 0.103516 0.248047
0 0.853027 0.667969 0.106445 0.156250
0 0.762695 0.673340 0.087891 0.159180
0 0.988281 0.718750 0.023438 0.091797
0 0.791992 0.012695 0.083984 0.025391
0 0.264648 0.296875 0.095703 0.152344
0 0.550293 0.346680 0.108398 0.169922
0 0.694336 0.412598 0.111328 0.100586
0 0.944824 0.115723 0.110352 0.110352
0 0.854492 0.035645 0.083984 0.071289
0 0.526367 0.222168 0.089844 0.081055
0 0.076172 0.583496 0.082031 0.096680
0 0.042969 0.675293 0.085938 0.090820
0 0.955078 0.371582 0.089844 0.112305
0 0.923340 0.587402 0.086914 0.075195
0 0.094238 0.950684 0.081055 0.098633
0 0.265625 0.941895 0.076172 0.116211
0 0.426270 0.833984 0.065430 0.177734
0 0.327637 0.759766 0.094727 0.115234
0 0.416992 0.676758 0.140625 0.152344
0 0.386230 0.556152 0.073242 0.063477
0 0.653320 0.822266 0.097656 0.095703
0 0.726074 0.971680 0.094727 0.056641
0 0.853516 0.792969 0.070312 0.078125
0 0.368652 0.052734 0.083008 0.078125
0 0.234375 0.270508 0.109375 0.089844
0 0.563477 0.988770 0.050781 0.022461
0 0.281738 0.637695 0.104492 0.119141
