0 0.454590 0.033203 0.131836 0.066406
0 0.311523 0.054199 0.134766 0.108398
0 0.087891 0.094238 0.128906 0.083008
0 0.162109 0.198730 0.158203 0.131836
0 0.338379 0.142578 0.096680 0.083984
0 0.711914 0.025391 0.302734 0.050781
0 0.672363 0.232910 0.079102 0.090820
0 0.798828 0.238770 0.070312 0.102539
0 0.282227 0.357910 0.095703 0.141602
0 0.209473 0.417480 0.102539 0.083008
0 0.026367 0.333984 0.052734 0.058594
0 0.068359 0.533691 0.136719 0.092773
0 0.183594 0.643555 0.103516 0.140625
0 0.077148 0.638672 0.066406 0.085938
0 0.133301 0.763672 0.124023 0.072266
0 0.268066 0.784180 0.059570 0.052734
0 0.354980 0.770020 0.088867 0.122070
0 0.449707 0.928223 0.135742 0.114258
0 0.408203 0.979004 0.064453 0.041992
0 0.520020 0.754883 0.084961 0.242188
0 0.575195 0.880371 0.154297 0.088867
0 0.625488 0.958984 0.090820 0.082031
0 0.745605 0.622559 0.069336 0.135742
0 0.648926 0.465820 0.157227 0.111328
0 0.514648 0.502930 0.044922 0.062500
0 0.807617 0.418457 0.078125 0.086914
0 0.847656 0.323242 0.062500 0.058594
0 0.946777 0.942871 0.083008 0.114258
0 0.937988 0.696289 0.073242 0.089844
0 0.904785 0.630371 0.053711 0.081055
0 0.943848 0.572754 0.069336 0.071289
0 0.968750 0.484375 0.062500 0.072266
0 0.970703 0.397949 0.058594 0.061523
0 0.982422 0.283691 0.035156 0.057617
0 0.020020 0.769043 0.040039 0.063477
0 0.606934 0.699707 0.125977 0.088867
0 0.654785 0.823242 0.122070 0.082031
0 0.501465 0.371582 0.073242 0.065430
