0 0.817383 0.186523 0.056641 0.076172
0 0.141113 0.447754 0.053711 0.094727
0 0.564941 0.169922 0.071289 0.074219
0 0.105469 0.152344 0.056641 0.105469
0 0.623047 0.599609 0.054688 0.080078
0 0.939453 0.121582 0.066406 0.067383
0 0.363770 0.426270 0.077148 0.071289
0 0.430176 0.828125 0.090820 0.078125
0 0.569336 0.509277 0.033203 0.094727
0 0.181641 0.594238 0.076172 0.063477
0 0.378906 0.691895 0.056641 0.073242
0 0.411621 0.191406 0.077148 0.074219
0 0.411621 0.143066 0.061523 0.102539
0 0.594727 0.356934 0.091797 0.125977
0 0.945801 0.293945 0.065430 0.066406
0 0.895996 0.465820 0.073242 0.062500
0 0.890137 0.594238 0.071289 0.061523
0 0.762695 0.353516 0.039062 0.111328
0 0.476074 0.630859 0.059570 0.062500
0 0.277832 0.910645 0.069336 0.043945
0 0.608887 0.820801 0.096680 0.063477
0 0.011719 0.856445 0.023438 0.070312
0 0.237305 0.522461 0.054688 0.050781
0 0.083496 0.909180 0.053711 0.087891
0 0.110840 0.985840 0.051758 0.028320
0 0.214844 0.949707 0.121094 0.049805
0 0.618164 0.913574 0.082031 0.034180
0 0.927246 0.019043 0.040039 0.038086
0 0.237305 0.470215 0.048828 0.047852
0 0.770020 0.476074 0.040039 0.081055
0 0.418457 0.432617 0.038086 0.080078
0 0.370117 0.500488 0.048828 0.094727
0 0.564941 0.819824 0.055664 0.055664
0 0.357422 0.837402 0.054688 0.043945
0 0.901855 0.837891 0.053711 0.097656
0 0.605469 0.504883 0.046875 0.056641
0 0.883789 0.017090 0.033203 0.034180
0 0.388672 0.564453 0.052734 0.050781
0 0.978516 0.285156 0.042969 0.029297
0 0.710938 0.547363 0.041016 0.069336
0 0.626953 0.700684 0.046875 0.040039
0 0.667480 0.534180 0.034180 0.060547
0 0.983887 0.518555 0.032227 0.080078
0 0.217285 0.732910 0.051758 0.063477
0 0.863281 0.543457 0.042969 0.067383
0 0.990234 0.609375 0.019531 0.080078
0 0.720703 0.499512 0.037109 0.026367
0 0.764648 0.254395 0.095703 0.118164
0 0.838379 0.565430 0.032227 0.070312
0 0.817871 0.552734 0.028320 0.074219
0 0.076172 0.601562 0.039062 0.035156
