0 0.950195 0.052246 0.066406 0.104492
0 0.963867 0.511230 0.072266 0.094727
0 0.831055 0.636230 0.062500 0.086914
0 0.123535 0.518066 0.075195 0.077148
0 0.566895 0.949707 0.051758 0.073242
0 0.751465 0.031738 0.077148 0.063477
0 0.064941 0.540527 0.108398 0.090820
0 0.889160 0.290527 0.083008 0.073242
0 0.741699 0.410156 0.073242 0.111328
0 0.442383 0.395996 0.064453 0.100586
0 0.382324 0.948730 0.032227 0.098633
0 0.765137 0.149414 0.032227 0.097656
0 0.365723 0.684082 0.116211 0.043945
0 0.369141 0.447754 0.087891 0.077148
0 0.269531 0.126953 0.097656 0.083984
0 0.838379 0.906250 0.170898 0.087891
0 0.972656 0.720215 0.054688 0.051758
0 0.700195 0.351562 0.068359 0.123047
0 0.598633 0.280273 0.039062 0.121094
0 0.818848 0.838867 0.100586 0.048828
0 0.306641 0.318359 0.025391 0.095703
0 0.829590 0.979980 0.086914 0.036133
0 0.022949 0.888672 0.045898 0.183594
0 0.404785 0.449219 0.069336 0.062500
0 0.650391 0.060059 0.044922 0.118164
0 0.020020 0.457031 0.040039 0.097656
0 0.813965 0.440918 0.034180 0.067383
0 0.581543 0.525879 0.079102 0.069336
0 0.493652 0.808105 0.135742 0.038086
0 0.759766 0.379883 0.082031 0.093750
0 0.794922 0.088867 0.076172 0.052734
0 0.417969 0.883789 0.072266 0.046875
0 0.655273 0.837891 0.058594 0.076172
0 0.118652 0.953125 0.038086 0.042969
0 0.528320 0.872070 0.150391 0.054688
0 0.142090 0.713379 0.061523 0.041992
0 0.813477 0.534668 0.203125 0.067383
0 0.685547 0.968750 0.125000 0.062500
0 0.925293 0.675293 0.065430 0.061523
0 0.126465 0.868164 0.069336 0.019531
0 0.896484 0.398926 0.091797 0.153320
0 0.185059 0.838867 0.094727 0.033203
0 0.504883 0.213379 0.056641 0.036133
0 0.498047 0.462402 0.093750 0.096680
0 0.710938 0.026855 0.046875 0.051758
0 0.516602 0.067383 0.074219 0.037109
0 0.536621 0.426270 0.077148 0.155273
0 0.979980 0.286133 0.040039 0.023438
0 0.192383 0.047852 0.212891 0.095703
0 0.906250 0.422852 0.066406 0.105469
0 0.163574 0.152832 0.163086 0.057617
0 0.745605 0.903809 0.059570 0.090820
0 0.776855 0.982910 0.026367 0.034180
0 0.149902 0.439453 0.071289 0.052734
0 0.167969 0.470215 0.041016 0.067383
0 0.602539 0.435059 0.050781 0.081055
0 0.333984 0.044922 0.175781 0.074219
0 0.470703 0.078125 0.044922 0.083984
0 0.264160 0.315918 0.110352 0.157227
0 0.215332 0.395020 0.069336 0.059570
0 0.697266 0.808105 0.060547 0.129883
0 0.237305 0.960938 0.048828 0.078125
0 0.301758 0.952148 0.128906 0.095703
0 0.988770 0.251953 0.022461 0.062500
0 0.796875 0.391113 0.046875 0.040039
