0 0.029785 0.077637 0.059570 0.067383
0 0.033203 0.138184 0.046875 0.047852
0 0.028809 0.227539 0.057617 0.072266
0 0.022949 0.832520 0.045898 0.067383
0 0.118652 0.851562 0.129883 0.115234
0 0.126465 0.743164 0.112305 0.105469
0 0.207520 0.743652 0.112305 0.086914
0 0.159668 0.589844 0.071289 0.103516
0 0.127441 0.498535 0.100586 0.084961
0 0.349121 0.474121 0.100586 0.077148
0 0.463379 0.546875 0.151367 0.068359
0 0.510742 0.500000 0.058594 0.091797
0 0.400879 0.685547 0.059570 0.060547
0 0.439453 0.889648 0.119141 0.089844
0 0.580566 0.934082 0.057617 0.094727
0 0.531250 0.862793 0.044922 0.045898
0 0.476562 0.981445 0.066406 0.037109
0 0.737305 0.918457 0.046875 0.049805
0 0.663574 0.822754 0.110352 0.110352
0 0.829590 0.775391 0.059570 0.085938
0 0.687988 0.642578 0.065430 0.076172
0 0.847656 0.617188 0.064453 0.103516
0 0.739258 0.487793 0.148438 0.086914
0 0.783691 0.524902 0.073242 0.129883
0 0.844727 0.500000 0.097656 0.128906
0 0.564453 0.418457 0.083984 0.067383
0 0.582031 0.290039 0.085938 0.060547
0 0.715332 0.274414 0.180664 0.117188
0 0.708496 0.234375 0.090820 0.044922
0 0.859375 0.248047 0.113281 0.093750
0 0.708008 0.143555 0.136719 0.066406
0 0.926758 0.099609 0.068359 0.074219
0 0.754395 0.027832 0.077148 0.055664
0 0.936035 0.573730 0.104492 0.106445
0 0.976562 0.647461 0.046875 0.117188
0 0.654785 0.702637 0.065430 0.051758
0 0.876953 0.765137 0.082031 0.059570
0 0.937988 0.894531 0.059570 0.132812
0 0.350586 0.037598 0.076172 0.075195
0 0.292969 0.028320 0.109375 0.056641
0 0.252930 0.251465 0.093750 0.108398
0 0.430664 0.123535 0.099609 0.090820
0 0.316895 0.352051 0.045898 0.053711
0 0.444824 0.213379 0.061523 0.049805
