0 0.431641 0.763672 0.085938 0.087891
0 0.767090 0.709473 0.086914 0.065430
0 0.772949 0.612305 0.098633 0.070312
0 0.549316 0.616211 0.112305 0.062500
0 0.886230 0.662109 0.083008 0.095703
0 0.558105 0.071289 0.120117 0.080078
0 0.892090 0.172852 0.081055 0.060547
0 0.410156 0.083008 0.072266 0.060547
0 0.552734 0.933594 0.056641 0.128906
0 0.672852 0.729492 0.085938 0.070312
0 0.088867 0.268555 0.052734 0.117188
0 0.605469 0.274902 0.048828 0.073242
0 0.440430 0.846191 0.144531 0.122070
0 0.885742 0.440918 0.099609 0.063477
0 0.200195 0.388184 0.082031 0.065430
0 0.622559 0.204102 0.120117 0.121094
0 0.521484 0.489746 0.064453 0.094727
0 0.497070 0.187500 0.087891 0.080078
0 0.145508 0.067871 0.103516 0.120117
0 0.354492 0.831055 0.074219 0.042969
0 0.488281 0.707520 0.078125 0.038086
0 0.967285 0.967773 0.063477 0.031250
0 0.850586 0.451660 0.095703 0.090820
0 0.040527 0.208496 0.079102 0.086914
0 0.256348 0.165527 0.170898 0.057617
0 0.421875 0.441895 0.183594 0.090820
0 0.111816 0.881348 0.086914 0.049805
0 0.904785 0.766113 0.053711 0.030273
0 0.559082 0.876465 0.182617 0.137695
0 0.320801 0.959473 0.125977 0.081055
0 0.122559 0.151367 0.065430 0.085938
0 0.984863 0.023926 0.030273 0.047852
0 0.964844 0.729980 0.056641 0.040039
0 0.739258 0.281250 0.132812 0.091797
0 0.041016 0.303711 0.080078 0.072266
0 0.627930 0.414551 0.062500 0.094727
0 0.440430 0.047852 0.091797 0.091797
0 0.097656 0.412109 0.060547 0.029297
0 0.392090 0.164062 0.057617 0.060547
0 0.715332 0.654297 0.057617 0.048828
0 0.201172 0.367188 0.210938 0.105469
0 0.425781 0.811523 0.105469 0.050781
0 0.071777 0.979492 0.047852 0.041016
0 0.439453 0.227051 0.154297 0.108398
0 0.583496 0.459473 0.155273 0.075195
0 0.032227 0.816895 0.060547 0.038086
0 0.972168 0.198242 0.053711 0.080078
0 0.450195 0.287109 0.042969 0.087891
0 0.138672 0.241699 0.158203 0.137695
0 0.966309 0.304199 0.063477 0.041992
0 0.976562 0.916504 0.046875 0.038086
0 0.886719 0.938965 0.041016 0.026367
0 0.472656 0.656250 0.218750 0.097656
0 0.353516 0.278809 0.142578 0.145508
0 0.886230 0.700195 0.047852 0.056641
0 0.341797 0.949219 0.156250 0.101562
0 0.949219 0.470215 0.101562 0.133789
0 0.393066 0.227051 0.063477 0.051758
0 0.918457 0.626465 0.075195 0.040039
0 0.582520 0.843750 0.086914 0.048828
0 0.064941 0.597656 0.114258 0.189453
0 0.892578 0.552246 0.066406 0.108398
0 0.899902 0.121094 0.071289 0.044922
0 0.687988 0.756836 0.069336 0.048828
0 0.591309 0.386230 0.045898 0.049805
0 0.397461 0.225098 0.062500 0.061523
0 0.419434 0.958496 0.153320 0.083008
0 0.246094 0.471680 0.064453 0.037109
0 0.368652 0.544922 0.192383 0.070312
0 0.242676 0.043945 0.055664 0.087891
0 0.030762 0.937012 0.059570 0.051758
0 0.795410 0.836426 0.208008 0.081055
0 0.840820 0.893555 0.080078 0.037109
0 0.232910 0.936035 0.163086 0.127930
0 0.695312 0.814941 0.060547 0.043945
0 0.202637 0.043945 0.114258 0.087891
0 0.152832 0.792480 0.088867 0.043945
0 0.116211 0.973633 0.039062 0.050781
