0 0.378418 0.437988 0.041992 0.084961
0 0.161621 0.690918 0.065430 0.065430
0 0.206055 0.083984 0.074219 0.076172
0 0.295898 0.923828 0.091797 0.152344
0 0.366211 0.235840 0.044922 0.069336
0 0.360840 0.856445 0.079102 0.111328
0 0.020020 0.067871 0.040039 0.061523
0 0.232422 0.832520 0.070312 0.053711
0 0.980957 0.092285 0.034180 0.088867
0 0.107422 0.092285 0.115234 0.077148
0 0.688477 0.488281 0.087891 0.066406
0 0.826172 0.111816 0.048828 0.069336
0 0.286133 0.243652 0.052734 0.063477
0 0.272949 0.172363 0.026367 0.069336
0 0.948242 0.776367 0.039062 0.052734
0 0.384766 0.098145 0.093750 0.047852
0 0.620117 0.339355 0.025391 0.094727
0 0.402832 0.815430 0.069336 0.076172
0 0.025879 0.195312 0.051758 0.044922
0 0.229980 0.638672 0.104492 0.093750
0 0.007324 0.386230 0.014648 0.075195
0 0.242188 0.480957 0.044922 0.061523
0 0.175293 0.193848 0.034180 0.047852
0 0.290039 0.562988 0.044922 0.057617
0 0.110352 0.453125 0.056641 0.072266
0 0.085938 0.541504 0.074219 0.063477
0 0.765625 0.138184 0.025391 0.071289
0 0.905273 0.113281 0.025391 0.058594
0 0.207520 0.593262 0.059570 0.043945
0 0.406738 0.719727 0.047852 0.064453
0 0.022949 0.773926 0.045898 0.051758
0 0.867188 0.266602 0.035156 0.072266
0 0.931152 0.479004 0.036133 0.061523
0 0.934082 0.257812 0.077148 0.046875
0 0.858398 0.493164 0.080078 0.058594
0 0.220703 0.973145 0.115234 0.053711
0 0.671875 0.239258 0.037109 0.103516
0 0.055176 0.859375 0.057617 0.044922
0 0.746582 0.387695 0.067383 0.048828
0 0.897949 0.765137 0.083008 0.040039
0 0.089844 0.586426 0.052734 0.069336
0 0.298828 0.089844 0.056641 0.062500
0 0.704102 0.553223 0.070312 0.041992
0 0.572266 0.279297 0.037109 0.046875
0 0.022949 0.937500 0.045898 0.050781
0 0.687012 0.926758 0.086914 0.041016
0 0.068848 0.392578 0.032227 0.062500
0 0.817871 0.989746 0.061523 0.020508
0 0.436035 0.225586 0.081055 0.041016
0 0.133301 0.412598 0.081055 0.047852
0 0.716992 0.305469 0.052344 0.043359
0 0.320801 0.527344 0.040039 0.044922
0 0.285645 0.618652 0.065430 0.030273
0 0.400391 0.700195 0.080078 0.035156
0 0.523438 0.819336 0.058594 0.037109
0 0.671875 0.823242 0.072266 0.050781
0 0.837402 0.791016 0.041992 0.083984
0 0.919922 0.815430 0.064453 0.054688
0 0.012207 0.835449 0.024414 0.053711
0 0.051270 0.891113 0.067383 0.041992
0 0.368164 0.173828 0.076172 0.068359
0 0.324707 0.134766 0.073242 0.046875
0 0.402832 0.099121 0.051758 0.081055
