0 0.508789 0.088379 0.074219 0.094727
0 0.754395 0.290039 0.083008 0.144531
0 0.015137 0.395508 0.030273 0.087891
0 0.801270 0.810547 0.059570 0.087891
0 0.386230 0.863281 0.141602 0.058594
0 0.131348 0.104980 0.084961 0.096680
0 0.702148 0.711426 0.074219 0.063477
0 0.503906 0.761230 0.033203 0.116211
0 0.572266 0.502930 0.083984 0.070312
0 0.223145 0.547363 0.120117 0.061523
0 0.926758 0.451660 0.039062 0.083008
0 0.907227 0.538574 0.037109 0.065430
0 0.656738 0.732422 0.075195 0.050781
0 0.923828 0.194824 0.083984 0.051758
0 0.750488 0.554199 0.090820 0.049805
0 0.421875 0.137207 0.095703 0.061523
0 0.127441 0.354492 0.127930 0.107422
0 0.639648 0.426758 0.074219 0.054688
0 0.666992 0.398926 0.046875 0.071289
0 0.019043 0.479004 0.038086 0.049805
0 0.044434 0.734863 0.088867 0.038086
0 0.094727 0.368164 0.078125 0.068359
0 0.316895 0.196777 0.061523 0.061523
0 0.120605 0.675781 0.061523 0.072266
0 0.082031 0.913086 0.087891 0.044922
0 0.461914 0.702637 0.080078 0.081055
0 0.416504 0.632812 0.053711 0.080078
0 0.173828 0.625000 0.076172 0.037109
0 0.737793 0.858887 0.061523 0.049805
0 0.690918 0.050781 0.073242 0.052734
0 0.130859 0.036133 0.074219 0.033203
0 0.275391 0.863281 0.056641 0.044922
0 0.560059 0.460938 0.096680 0.035156
0 0.371094 0.523438 0.105469 0.037109
0 0.617188 0.364746 0.066406 0.069336
0 0.846191 0.607422 0.083008 0.035156
0 0.453125 0.502930 0.062500 0.025391
0 0.051270 0.463379 0.024414 0.069336
0 0.762695 0.634766 0.048828 0.031250
0 0.496094 0.564453 0.056641 0.041016
0 0.428223 0.217773 0.045898 0.080078
0 0.226562 0.911133 0.099609 0.033203
0 0.377441 0.583008 0.081055 0.035156
0 0.461914 0.974121 0.093750 0.026367
0 0.850098 0.027344 0.086914 0.044922
0 0.426758 0.007324 0.068359 0.014648
0 0.660645 0.660156 0.061523 0.041016
0 0.393066 0.784668 0.114258 0.106445
0 0.044434 0.458008 0.028320 0.066406
0 0.431152 0.086426 0.131836 0.084961
0 0.505859 0.431152 0.046875 0.069336
0 0.301270 0.724121 0.139648 0.088867
0 0.955078 0.647461 0.080078 0.052734
0 0.024902 0.874023 0.049805 0.041016
0 0.457520 0.097168 0.073242 0.069336
0 0.905762 0.643555 0.116211 0.029297
0 0.702637 0.007812 0.083008 0.015625
