0 0.199219 0.014648 0.089844 0.029297
0 0.900879 0.030273 0.090820 0.058594
0 0.966309 0.031250 0.067383 0.056641
0 0.447266 0.046387 0.080078 0.090820
0 0.566406 0.091309 0.054688 0.055664
0 0.397949 0.225098 0.084961 0.118164
0 0.168457 0.157715 0.088867 0.071289
0 0.589355 0.234375 0.135742 0.064453
0 0.603516 0.178223 0.097656 0.053711
0 0.759766 0.205566 0.154297 0.122070
0 0.827148 0.289062 0.105469 0.064453
0 0.608887 0.415039 0.077148 0.066406
0 0.519531 0.432129 0.095703 0.067383
0 0.147949 0.443848 0.065430 0.055664
0 0.253418 0.600586 0.069336 0.050781
0 0.453613 0.585938 0.151367 0.240234
0 0.549805 0.677246 0.076172 0.075195
0 0.478027 0.500977 0.186523 0.253906
0 0.185059 0.863281 0.077148 0.058594
0 0.153320 0.904297 0.119141 0.169922
0 0.041016 0.900879 0.076172 0.077148
0 0.289551 0.918457 0.069336 0.065430
0 0.423828 0.925781 0.089844 0.109375
0 0.857910 0.969238 0.059570 0.061523
0 0.689453 0.925781 0.054688 0.056641
0 0.755859 0.880371 0.080078 0.075195
0 0.711426 0.800293 0.114258 0.116211
0 0.835938 0.811523 0.134766 0.074219
0 0.950195 0.223145 0.072266 0.090820
0 0.979004 0.186523 0.041992 0.070312
0 0.940918 0.868164 0.065430 0.064453
0 0.967773 0.837402 0.064453 0.124023
0 0.825684 0.933105 0.055664 0.063477
0 0.317871 0.770508 0.081055 0.054688
0 0.775879 0.578125 0.051758 0.060547
0 0.101074 0.330078 0.053711 0.052734
0 0.990723 0.366211 0.018555 0.054688
0 0.033691 0.797363 0.065430 0.055664
0 0.017090 0.854980 0.034180 0.049805
0 0.021973 0.443848 0.043945 0.057617
