0 0.541504 0.156738 0.057617 0.096680
0 0.579590 0.133301 0.034180 0.041992
0 0.520508 0.274902 0.054688 0.057617
0 0.345703 0.033691 0.085938 0.067383
0 0.155273 0.052246 0.076172 0.104492
0 0.068848 0.113770 0.073242 0.059570
0 0.072754 0.019531 0.059570 0.039062
0 0.070312 0.306641 0.140625 0.082031
0 0.090820 0.407227 0.111328 0.058594
0 0.155273 0.457031 0.080078 0.085938
0 0.345703 0.492188 0.066406 0.076172
0 0.318848 0.344727 0.043945 0.052734
0 0.476562 0.514160 0.080078 0.131836
0 0.546875 0.483887 0.070312 0.071289
0 0.609863 0.520996 0.036133 0.045898
0 0.659180 0.470215 0.054688 0.090820
0 0.685547 0.548828 0.060547 0.070312
0 0.756836 0.621094 0.058594 0.119141
0 0.507324 0.734863 0.065430 0.090820
0 0.369141 0.698730 0.089844 0.067383
0 0.240723 0.717773 0.067383 0.083984
0 0.290039 0.723145 0.095703 0.067383
0 0.097656 0.880859 0.125000 0.148438
0 0.017578 0.639160 0.035156 0.124023
0 0.216309 0.987793 0.069336 0.024414
0 0.224121 0.916992 0.098633 0.052734
0 0.246094 0.854492 0.068359 0.054688
0 0.428223 0.822754 0.086914 0.065430
0 0.371094 0.863770 0.068359 0.081055
0 0.466309 0.939941 0.098633 0.065430
0 0.539062 0.883301 0.050781 0.088867
0 0.607422 0.903809 0.074219 0.077148
0 0.590332 0.797852 0.061523 0.058594
0 0.647949 0.993164 0.094727 0.013672
0 0.959473 0.928223 0.045898 0.063477
0 0.961914 0.979980 0.054688 0.040039
0 0.851562 0.787109 0.083984 0.089844
0 0.925293 0.847168 0.053711 0.088867
0 0.945801 0.806152 0.067383 0.051758
0 0.535645 0.981445 0.084961 0.037109
0 0.603027 0.552734 0.084961 0.066406
