0 0.030273 0.135254 0.060547 0.137695
0 0.058105 0.249512 0.116211 0.038086
0 0.099609 0.462402 0.140625 0.086914
0 0.092285 0.338379 0.061523 0.057617
0 0.365723 0.320801 0.114258 0.063477
0 0.301758 0.223145 0.093750 0.161133
0 0.362305 0.071289 0.126953 0.142578
0 0.501465 0.077637 0.192383 0.125977
0 0.840332 0.028809 0.069336 0.057617
0 0.890137 0.075195 0.051758 0.097656
0 0.905273 0.297852 0.074219 0.173828
0 0.976562 0.419434 0.046875 0.155273
0 0.812988 0.225098 0.086914 0.061523
0 0.710449 0.242188 0.067383 0.070312
0 0.582031 0.303711 0.136719 0.134766
0 0.740723 0.465332 0.145508 0.083008
0 0.470215 0.199707 0.094727 0.124023
0 0.042969 0.904785 0.085938 0.073242
0 0.091309 0.844238 0.081055 0.096680
0 0.187012 0.774902 0.098633 0.194336
0 0.300781 0.932129 0.070312 0.106445
0 0.343262 0.810059 0.079102 0.051758
0 0.261230 0.716797 0.069336 0.156250
0 0.328613 0.714355 0.073242 0.116211
0 0.566406 0.683105 0.201172 0.090820
0 0.428711 0.522461 0.083984 0.091797
0 0.350586 0.562012 0.072266 0.120117
0 0.235352 0.440918 0.083984 0.063477
0 0.250977 0.568359 0.095703 0.173828
0 0.209961 0.562988 0.062500 0.114258
0 0.653809 0.914062 0.102539 0.107422
0 0.798340 0.761230 0.124023 0.073242
0 0.916016 0.642090 0.138672 0.073242
0 0.905273 0.879883 0.093750 0.058594
0 0.891602 0.954102 0.068359 0.091797
0 0.790527 0.974121 0.067383 0.051758
0 0.583984 0.966309 0.117188 0.067383
0 0.097168 0.963379 0.098633 0.073242
0 0.513672 0.370117 0.093750 0.054688
0 0.513672 0.525391 0.062500 0.089844
0 0.168945 0.035645 0.062500 0.059570
0 0.755371 0.036133 0.088867 0.060547
