0 0.027344 0.155273 0.054688 0.068359
0 0.128418 0.089844 0.098633 0.062500
0 0.196777 0.145020 0.075195 0.088867
0 0.108398 0.194824 0.087891 0.073242
0 0.198730 0.224609 0.096680 0.058594
0 0.529297 0.064453 0.058594 0.074219
0 0.037109 0.627930 0.074219 0.054688
0 0.172363 0.629883 0.075195 0.068359
0 0.227539 0.583496 0.064453 0.073242
0 0.111328 0.758301 0.078125 0.065430
0 0.267578 0.786133 0.089844 0.107422
0 0.363770 0.742676 0.081055 0.084961
0 0.429199 0.620605 0.053711 0.092773
0 0.556641 0.599609 0.070312 0.054688
0 0.678711 0.651367 0.080078 0.099609
0 0.570801 0.791504 0.114258 0.073242
0 0.540527 0.670410 0.077148 0.051758
0 0.568848 0.719238 0.057617 0.057617
0 0.715820 0.756348 0.070312 0.055664
0 0.761719 0.671387 0.054688 0.077148
0 0.857422 0.679199 0.050781 0.065430
0 0.926270 0.698730 0.108398 0.071289
0 0.935547 0.776855 0.076172 0.075195
0 0.846680 0.764648 0.066406 0.070312
0 0.795410 0.746582 0.049805 0.077148
0 0.611816 0.852051 0.077148 0.041992
0 0.663086 0.898926 0.113281 0.063477
0 0.729492 0.880371 0.078125 0.053711
0 0.586426 0.080078 0.125977 0.074219
0 0.627930 0.104980 0.083984 0.081055
0 0.773438 0.078613 0.064453 0.077148
0 0.706543 0.090332 0.083008 0.067383
0 0.832031 0.188477 0.064453 0.076172
0 0.867676 0.247070 0.086914 0.074219
0 0.875488 0.312988 0.071289 0.059570
0 0.744629 0.255371 0.102539 0.073242
0 0.659668 0.259766 0.065430 0.076172
0 0.555176 0.327637 0.125977 0.079102
0 0.647461 0.203613 0.113281 0.057617
0 0.554199 0.229004 0.038086 0.067383
0 0.147949 0.184570 0.055664 0.054688
0 0.600098 0.237793 0.075195 0.047852
