0 0.856934 0.020996 0.057617 0.041992
0 0.538086 0.026367 0.093750 0.052734
0 0.334473 0.026367 0.073242 0.052734
0 0.280762 0.063965 0.084961 0.051758
0 0.121094 0.017090 0.085938 0.032227
0 0.110840 0.401367 0.100586 0.060547
0 0.084961 0.397949 0.085938 0.083008
0 0.049805 0.256348 0.080078 0.057617
0 0.016602 0.178223 0.033203 0.057617
0 0.181641 0.267090 0.050781 0.055664
0 0.251465 0.138184 0.061523 0.041992
0 0.226074 0.143066 0.043945 0.043945
0 0.373535 0.276855 0.079102 0.047852
0 0.232910 0.406250 0.063477 0.082031
0 0.361816 0.431152 0.049805 0.055664
0 0.464844 0.319824 0.093750 0.079102
0 0.474609 0.377441 0.058594 0.071289
0 0.521484 0.427734 0.074219 0.062500
0 0.618652 0.267578 0.112305 0.060547
0 0.560059 0.244629 0.055664 0.057617
0 0.418945 0.106934 0.062500 0.075195
0 0.547852 0.121094 0.074219 0.054688
0 0.740234 0.254395 0.050781 0.063477
0 0.755371 0.348145 0.055664 0.049805
0 0.822754 0.446777 0.053711 0.069336
0 0.818359 0.283691 0.083984 0.057617
0 0.847168 0.264160 0.069336 0.108398
0 0.931152 0.267090 0.088867 0.047852
0 0.959961 0.177734 0.080078 0.068359
0 0.986328 0.154785 0.027344 0.051758
0 0.847168 0.541992 0.133789 0.093750
0 0.910645 0.566406 0.079102 0.097656
0 0.928711 0.680176 0.064453 0.067383
0 0.974121 0.865234 0.051758 0.050781
0 0.910156 0.932129 0.064453 0.088867
0 0.824219 0.893066 0.042969 0.083008
0 0.734375 0.824707 0.042969 0.038086
0 0.669434 0.745117 0.053711 0.056641
0 0.655762 0.817383 0.043945 0.054688
0 0.610352 0.852539 0.103516 0.062500
0 0.627441 0.634277 0.077148 0.063477
0 0.597168 0.673828 0.086914 0.080078
0 0.463379 0.668457 0.049805 0.061523
0 0.404785 0.715820 0.063477 0.046875
0 0.377441 0.846680 0.067383 0.103516
0 0.496582 0.915527 0.057617 0.088867
0 0.416504 0.964844 0.077148 0.060547
0 0.351562 0.542969 0.076172 0.039062
0 0.240723 0.581055 0.106445 0.074219
0 0.196777 0.723633 0.059570 0.066406
0 0.162598 0.726562 0.051758 0.044922
0 0.279297 0.677734 0.072266 0.072266
0 0.299316 0.733887 0.079102 0.055664
0 0.150879 0.574707 0.069336 0.061523
