0 0.027344 0.218750 0.054688 0.064453
0 0.032227 0.270996 0.064453 0.063477
0 0.114258 0.187988 0.080078 0.110352
0 0.043457 0.133301 0.069336 0.083008
0 0.141602 0.398926 0.072266 0.067383
0 0.179199 0.453125 0.086914 0.074219
0 0.213867 0.372070 0.072266 0.072266
0 0.149414 0.779785 0.085938 0.073242
0 0.198730 0.667480 0.077148 0.081055
0 0.075195 0.793457 0.087891 0.067383
0 0.331543 0.466797 0.071289 0.087891
0 0.436035 0.441895 0.086914 0.063477
0 0.573242 0.478516 0.078125 0.078125
0 0.566895 0.328125 0.086914 0.072266
0 0.459473 0.284668 0.086914 0.104492
0 0.356934 0.261719 0.083008 0.074219
0 0.530762 0.416992 0.065430 0.072266
0 0.710938 0.566895 0.066406 0.102539
0 0.632812 0.552246 0.064453 0.079102
0 0.536621 0.561035 0.081055 0.071289
0 0.449707 0.712891 0.073242 0.068359
0 0.358398 0.775391 0.095703 0.083984
0 0.489746 0.792969 0.094727 0.068359
0 0.594238 0.714355 0.071289 0.088867
0 0.603027 0.634766 0.077148 0.074219
0 0.527344 0.627441 0.054688 0.063477
0 0.041504 0.567871 0.071289 0.075195
0 0.378418 0.675293 0.055664 0.051758
0 0.713379 0.873535 0.092773 0.061523
0 0.703613 0.930176 0.090820 0.063477
0 0.881836 0.833984 0.085938 0.070312
0 0.661621 0.812988 0.077148 0.083008
0 0.644531 0.900879 0.070312 0.067383
0 0.728516 0.725586 0.089844 0.064453
0 0.837402 0.718750 0.100586 0.082031
0 0.800293 0.608887 0.086914 0.081055
0 0.971191 0.738770 0.057617 0.071289
0 0.787598 0.833984 0.063477 0.082031
0 0.958496 0.310547 0.083008 0.107422
0 0.973145 0.372070 0.053711 0.064453
0 0.706543 0.290527 0.075195 0.061523
0 0.857422 0.184082 0.103516 0.118164
0 0.941406 0.151367 0.078125 0.099609
0 0.485840 0.050293 0.065430 0.069336
0 0.934570 0.909180 0.072266 0.064453
0 0.758301 0.971191 0.096680 0.057617
0 0.399414 0.921387 0.068359 0.073242
0 0.775879 0.339844 0.083008 0.062500
0 0.246582 0.475098 0.065430 0.071289
0 0.875977 0.937988 0.080078 0.073242
0 0.231445 0.225586 0.074219 0.070312
0 0.802734 0.029785 0.085938 0.059570
0 0.417969 0.028320 0.066406 0.056641
0 0.880371 0.765137 0.088867 0.077148
0 0.657227 0.958496 0.068359 0.040039
0 0.687988 0.768555 0.088867 0.064453
0 0.634277 0.700195 0.063477 0.050781
0 0.511230 0.468262 0.057617 0.043945
0 0.110352 0.394531 0.052734 0.070312
0 0.012695 0.402344 0.025391 0.052734
0 0.729980 0.227051 0.067383 0.059570
0 0.896484 0.220703 0.076172 0.076172
0 0.956055 0.275391 0.070312 0.074219
0 0.322266 0.028320 0.058594 0.056641
0 0.454590 0.209961 0.053711 0.041016
