0 0.531250 0.514160 0.072266 0.090820
0 0.385254 0.718750 0.065430 0.099609
0 0.502441 0.707031 0.069336 0.083984
0 0.518555 0.416016 0.083984 0.089844
0 0.485352 0.753418 0.070312 0.067383
0 0.749512 0.931152 0.118164 0.065430
0 0.551270 0.483887 0.073242 0.081055
0 0.080566 0.068359 0.065430 0.070312
0 0.263672 0.284668 0.072266 0.086914
0 0.466309 0.279297 0.098633 0.052734
0 0.901855 0.793945 0.073242 0.070312
0 0.841309 0.326172 0.030273 0.089844
0 0.120605 0.383789 0.100586 0.093750
0 0.187500 0.676270 0.078125 0.059570
0 0.576172 0.060547 0.103516 0.052734
0 0.900391 0.618652 0.083984 0.069336
0 0.949219 0.976562 0.050781 0.046875
0 0.356934 0.144043 0.100586 0.083008
0 0.022461 0.205566 0.044922 0.092773
0 0.295898 0.145508 0.068359 0.044922
0 0.457520 0.454102 0.057617 0.072266
0 0.770508 0.288574 0.072266 0.090820
0 0.088379 0.386230 0.034180 0.073242
0 0.583984 0.393555 0.105469 0.046875
0 0.369141 0.197754 0.093750 0.063477
0 0.236816 0.464355 0.061523 0.106445
0 0.384766 0.377441 0.115234 0.088867
0 0.089844 0.847168 0.082031 0.049805
0 0.294922 0.038574 0.095703 0.075195
0 0.477539 0.120117 0.048828 0.064453
0 0.895996 0.389160 0.057617 0.065430
0 0.411133 0.083496 0.080078 0.063477
0 0.557129 0.782715 0.043945 0.075195
0 0.815430 0.234863 0.064453 0.051758
0 0.209473 0.730957 0.086914 0.038086
0 0.218262 0.168457 0.059570 0.077148
0 0.381836 0.264648 0.066406 0.042969
0 0.596680 0.754883 0.062500 0.123047
0 0.502930 0.265625 0.097656 0.046875
0 0.625488 0.154785 0.065430 0.049805
0 0.560547 0.602539 0.089844 0.039062
0 0.699707 0.083008 0.067383 0.087891
0 0.519043 0.670898 0.051758 0.044922
0 0.543457 0.499512 0.071289 0.096680
0 0.757324 0.570801 0.073242 0.041992
0 0.291016 0.687988 0.121094 0.053711
0 0.630371 0.800293 0.053711 0.053711
0 0.626953 0.251953 0.101562 0.048828
0 0.214844 0.835449 0.082031 0.041992
0 0.972656 0.286621 0.054688 0.166992
0 0.207520 0.294922 0.096680 0.054688
0 0.720215 0.459961 0.090820 0.048828
0 0.040527 0.019531 0.040039 0.039062
0 0.180664 0.485352 0.050781 0.046875
0 0.832520 0.461426 0.096680 0.040039
0 0.681641 0.477051 0.087891 0.040039
0 0.360840 0.632324 0.090820 0.038086
0 0.797852 0.205566 0.076172 0.034180
0 0.288086 0.811523 0.076172 0.037109
0 0.694336 0.866699 0.070312 0.028320
0 0.312500 0.223145 0.052734 0.061523
0 0.523438 0.648926 0.076172 0.026367
0 0.727051 0.536133 0.049805 0.035156
0 0.030762 0.843262 0.061523 0.049805
0 0.262207 0.268066 0.096680 0.043945
0 0.432129 0.394531 0.075195 0.072266
0 0.371094 0.807129 0.111328 0.059570
0 0.234375 0.086426 0.160156 0.077148
0 0.204590 0.752930 0.069336 0.044922
0 0.740723 0.980957 0.059570 0.038086
0 0.416504 0.119141 0.069336 0.039062
0 0.121582 0.036621 0.090820 0.071289
0 0.703613 0.828613 0.045898 0.047852
0 0.037109 0.707031 0.074219 0.041016
0 0.718262 0.384277 0.045898 0.043945
0 0.765137 0.887207 0.073242 0.049805
0 0.899902 0.873535 0.090820 0.045898
0 0.018555 0.650391 0.035156 0.041016
0 0.009277 0.565918 0.018555 0.038086
0 0.195801 0.448242 0.061523 0.044922
0 0.519531 0.061523 0.048828 0.058594
0 0.041016 0.951172 0.082031 0.039062
