0 0.817383 0.409180 0.078125 0.091797
0 0.273926 0.512695 0.069336 0.072266
0 0.089844 0.136719 0.066406 0.082031
0 0.829590 0.711914 0.073242 0.109375
0 0.239258 0.301270 0.066406 0.073242
0 0.719238 0.444824 0.065430 0.100586
0 0.219238 0.405273 0.102539 0.109375
0 0.809082 0.823730 0.055664 0.098633
0 0.311523 0.118652 0.074219 0.086914
0 0.128418 0.100586 0.049805 0.093750
0 0.629395 0.510742 0.057617 0.070312
0 0.627441 0.774902 0.053711 0.079102
0 0.468750 0.072266 0.044922 0.105469
0 0.170898 0.533691 0.041016 0.086914
0 0.090332 0.956543 0.075195 0.055664
0 0.441406 0.533203 0.078125 0.083984
0 0.419922 0.034180 0.060547 0.068359
0 0.455078 0.307129 0.062500 0.065430
0 0.334961 0.614746 0.054688 0.071289
0 0.645996 0.204590 0.034180 0.069336
0 0.710938 0.125977 0.054688 0.132812
0 0.108887 0.578613 0.063477 0.059570
0 0.624023 0.387695 0.062500 0.130859
0 0.223633 0.954102 0.056641 0.087891
0 0.340820 0.403320 0.056641 0.146484
0 0.222168 0.639160 0.063477 0.065430
0 0.553223 0.610840 0.061523 0.065430
0 0.024902 0.777344 0.049805 0.136719
0 0.019531 0.505371 0.039062 0.057617
0 0.047363 0.978516 0.040039 0.042969
0 0.703613 0.676270 0.053711 0.065430
0 0.292480 0.212891 0.059570 0.099609
0 0.436035 0.588867 0.071289 0.095703
0 0.974121 0.565918 0.051758 0.069336
0 0.595215 0.028809 0.040039 0.053711
0 0.699707 0.502930 0.034180 0.070312
0 0.229004 0.207031 0.024414 0.091797
0 0.868164 0.634766 0.039062 0.056641
0 0.110840 0.482910 0.088867 0.041992
0 0.427734 0.632324 0.064453 0.073242
0 0.811523 0.237305 0.060547 0.046875
0 0.027344 0.273438 0.054688 0.130859
0 0.428711 0.709473 0.050781 0.049805
0 0.680664 0.606445 0.044922 0.066406
0 0.156250 0.654785 0.046875 0.063477
0 0.535645 0.267090 0.026367 0.049805
0 0.425293 0.464844 0.051758 0.060547
0 0.145508 0.883301 0.113281 0.090820
0 0.187012 0.215820 0.071289 0.062500
0 0.495605 0.600098 0.034180 0.065430
0 0.304199 0.975098 0.028320 0.049805
0 0.204102 0.191895 0.025391 0.094727
0 0.977051 0.020020 0.034180 0.038086
0 0.397461 0.323242 0.041016 0.044922
0 0.072266 0.895508 0.052734 0.044922
0 0.989746 0.437500 0.020508 0.091797
0 0.971680 0.872070 0.050781 0.060547
0 0.522461 0.452637 0.089844 0.102539
