0 0.117676 0.174316 0.053711 0.088867
0 0.186523 0.265625 0.046875 0.066406
0 0.133301 0.345215 0.069336 0.055664
0 0.213379 0.317383 0.053711 0.050781
0 0.249512 0.374512 0.059570 0.081055
0 0.290039 0.319336 0.089844 0.091797
0 0.285645 0.277832 0.077148 0.069336
0 0.291016 0.223633 0.080078 0.070312
0 0.355469 0.305176 0.041016 0.038086
0 0.331055 0.390625 0.058594 0.044922
0 0.406250 0.426758 0.078125 0.082031
0 0.520020 0.372070 0.114258 0.060547
0 0.520508 0.338867 0.083984 0.058594
0 0.562500 0.327148 0.046875 0.066406
0 0.633301 0.271484 0.053711 0.062500
0 0.642090 0.344238 0.043945 0.059570
0 0.722656 0.365723 0.066406 0.061523
0 0.777344 0.335938 0.080078 0.058594
0 0.799805 0.193848 0.111328 0.063477
0 0.884277 0.302246 0.067383 0.075195
0 0.943359 0.352539 0.113281 0.044922
0 0.791016 0.410156 0.072266 0.074219
0 0.890137 0.442871 0.063477 0.049805
0 0.720215 0.516602 0.063477 0.042969
0 0.705078 0.448242 0.068359 0.052734
0 0.163574 0.458008 0.057617 0.062500
0 0.206055 0.465332 0.062500 0.065430
0 0.030762 0.405273 0.061523 0.044922
0 0.791992 0.049316 0.074219 0.047852
0 0.881348 0.082031 0.071289 0.042969
0 0.928711 0.029297 0.082031 0.050781
0 0.013184 0.645508 0.026367 0.078125
0 0.049316 0.673828 0.047852 0.072266
0 0.109375 0.734863 0.082031 0.075195
0 0.069336 0.861816 0.064453 0.055664
0 0.171387 0.786133 0.067383 0.052734
0 0.223145 0.754883 0.090820 0.052734
0 0.251953 0.711426 0.132812 0.049805
0 0.328613 0.686523 0.088867 0.050781
0 0.296387 0.619141 0.063477 0.062500
0 0.442383 0.660156 0.054688 0.044922
0 0.500488 0.658691 0.069336 0.055664
0 0.400879 0.669922 0.038086 0.046875
0 0.321777 0.772461 0.065430 0.054688
0 0.390137 0.773926 0.059570 0.040039
0 0.439453 0.789551 0.056641 0.038086
0 0.378418 0.824219 0.065430 0.056641
0 0.430664 0.822266 0.052734 0.046875
0 0.281738 0.889648 0.077148 0.052734
0 0.305176 0.954590 0.067383 0.090820
0 0.491211 0.875000 0.054688 0.050781
0 0.493652 0.774414 0.045898 0.054688
0 0.634277 0.809082 0.071289 0.043945
0 0.623535 0.895020 0.086914 0.047852
0 0.721680 0.888184 0.058594 0.063477
0 0.794922 0.875000 0.093750 0.074219
0 0.873535 0.978516 0.112305 0.042969
0 0.953125 0.905762 0.087891 0.079102
0 0.851562 0.814941 0.078125 0.053711
0 0.915039 0.814453 0.080078 0.046875
0 0.738281 0.738770 0.062500 0.071289
0 0.801270 0.763672 0.090820 0.041016
0 0.664062 0.728027 0.087891 0.069336
0 0.810059 0.725586 0.049805 0.029297
0 0.836914 0.350586 0.044922 0.039062
0 0.923340 0.466797 0.030273 0.035156
0 0.341797 0.354004 0.064453 0.057617
0 0.798340 0.834961 0.043945 0.044922
0 0.263184 0.808594 0.067383 0.066406
0 0.572754 0.361328 0.065430 0.044922
