0 0.191895 0.127441 0.077148 0.079102
0 0.067383 0.185059 0.134766 0.043945
0 0.431641 0.096680 0.136719 0.062500
0 0.490234 0.041504 0.054688 0.053711
0 0.387695 0.028809 0.083984 0.057617
0 0.235840 0.016602 0.084961 0.033203
0 0.639648 0.190918 0.068359 0.104492
0 0.752930 0.235840 0.105469 0.065430
0 0.834473 0.204590 0.081055 0.057617
0 0.902832 0.235352 0.079102 0.068359
0 0.802246 0.145020 0.059570 0.059570
0 0.844727 0.099609 0.082031 0.041016
0 0.690918 0.175781 0.084961 0.050781
0 0.550293 0.281250 0.094727 0.066406
0 0.625977 0.279785 0.070312 0.051758
0 0.497559 0.313965 0.118164 0.069336
0 0.448242 0.336426 0.109375 0.043945
0 0.367188 0.396973 0.158203 0.043945
0 0.198730 0.396973 0.049805 0.043945
0 0.112793 0.458496 0.153320 0.061523
0 0.143066 0.382324 0.069336 0.049805
0 0.021973 0.324219 0.043945 0.044922
0 0.085449 0.350098 0.038086 0.049805
0 0.142090 0.311523 0.049805 0.060547
0 0.218262 0.295410 0.088867 0.081055
0 0.301270 0.293945 0.040039 0.058594
0 0.099609 0.252930 0.052734 0.056641
0 0.675293 0.483398 0.059570 0.056641
0 0.784180 0.520508 0.064453 0.068359
0 0.825195 0.475586 0.066406 0.060547
0 0.895020 0.445312 0.053711 0.058594
0 0.827148 0.366211 0.083984 0.048828
0 0.831055 0.322266 0.050781 0.054688
0 0.918945 0.026367 0.064453 0.052734
0 0.425781 0.502441 0.052734 0.081055
0 0.341309 0.499023 0.083008 0.046875
0 0.205566 0.598633 0.090820 0.080078
0 0.079102 0.572754 0.093750 0.045898
0 0.573242 0.637695 0.167969 0.074219
0 0.738770 0.562500 0.092773 0.050781
0 0.814941 0.642090 0.084961 0.049805
0 0.885254 0.637695 0.170898 0.087891
0 0.983887 0.739258 0.032227 0.054688
0 0.370605 0.703613 0.065430 0.079102
0 0.339355 0.724121 0.057617 0.067383
0 0.444824 0.754883 0.110352 0.056641
0 0.518555 0.735352 0.058594 0.046875
0 0.575684 0.768066 0.131836 0.071289
0 0.701172 0.787109 0.066406 0.074219
0 0.791016 0.800293 0.074219 0.077148
0 0.764648 0.856934 0.119141 0.051758
0 0.854492 0.799316 0.083984 0.069336
0 0.867188 0.854980 0.046875 0.112305
0 0.982910 0.867188 0.034180 0.062500
0 0.972168 0.886230 0.055664 0.075195
0 0.221680 0.729980 0.109375 0.051758
0 0.226562 0.834473 0.105469 0.040039
0 0.396973 0.833008 0.049805 0.070312
0 0.428711 0.843262 0.070312 0.059570
0 0.445312 0.934082 0.050781 0.110352
0 0.529785 0.899414 0.069336 0.089844
0 0.646484 0.946289 0.066406 0.091797
0 0.676270 0.978516 0.086914 0.042969
0 0.777344 0.935059 0.080078 0.069336
0 0.238770 0.916504 0.041992 0.090820
0 0.328125 0.969727 0.103516 0.058594
0 0.231934 0.979004 0.088867 0.041992
0 0.140625 0.837891 0.097656 0.039062
0 0.135254 0.894043 0.090820 0.071289
0 0.056641 0.872559 0.046875 0.077148
0 0.052246 0.802734 0.061523 0.042969
0 0.086914 0.952148 0.103516 0.056641
0 0.198242 0.937012 0.060547 0.071289
0 0.970215 0.805664 0.045898 0.066406
0 0.331543 0.820312 0.071289 0.064453
0 0.337891 0.769531 0.091797 0.042969
0 0.197266 0.767090 0.064453 0.047852
0 0.397949 0.517578 0.104492 0.058594
0 0.226074 0.706543 0.088867 0.043945
0 0.670410 0.522461 0.061523 0.060547
0 0.844238 0.390625 0.034180 0.042969
