0 0.079102 0.093262 0.107422 0.118164
0 0.867188 0.200684 0.060547 0.059570
0 0.733887 0.168945 0.055664 0.064453
0 0.350586 0.353516 0.205078 0.242188
0 0.124512 0.073730 0.116211 0.116211
0 0.223633 0.105957 0.103516 0.147461
0 0.127441 0.038086 0.120117 0.074219
0 0.369141 0.174805 0.164062 0.076172
0 0.130371 0.693848 0.260742 0.102539
0 0.850586 0.087891 0.117188 0.169922
0 0.644043 0.175293 0.178711 0.161133
0 0.135742 0.532227 0.109375 0.228516
0 0.396973 0.748047 0.196289 0.087891
0 0.607422 0.620117 0.136719 0.087891
0 0.369141 0.586426 0.251953 0.172852
0 0.773926 0.846680 0.061523 0.054688
0 0.601074 0.592773 0.153320 0.097656
0 0.481934 0.166504 0.124023 0.084961
0 0.438477 0.417969 0.195312 0.111328
0 0.709961 0.673828 0.103516 0.044922
