0 0.087402 0.415039 0.098633 0.076172
0 0.278320 0.863281 0.085938 0.095703
0 0.108887 0.168945 0.061523 0.107422
0 0.827637 0.239258 0.040039 0.105469
0 0.524902 0.145020 0.047852 0.077148
0 0.891113 0.384766 0.043945 0.109375
0 0.462891 0.448242 0.115234 0.052734
0 0.351074 0.882812 0.094727 0.132812
0 0.742676 0.492188 0.043945 0.156250
0 0.636719 0.235840 0.109375 0.036133
0 0.760254 0.654297 0.067383 0.056641
0 0.472168 0.859863 0.129883 0.127930
0 0.421875 0.104980 0.113281 0.094727
0 0.901367 0.781738 0.062500 0.043945
0 0.980957 0.516113 0.038086 0.075195
0 0.833496 0.360840 0.063477 0.104492
0 0.432520 0.778369 0.154492 0.052637
0 0.968262 0.245117 0.057617 0.072266
0 0.765625 0.400879 0.082031 0.157227
0 0.155762 0.094727 0.083008 0.083984
0 0.277344 0.393066 0.046875 0.143555
0 0.095703 0.267090 0.064453 0.065430
0 0.238770 0.146973 0.094727 0.047852
0 0.437012 0.232910 0.084961 0.084961
0 0.105469 0.695801 0.056641 0.065430
0 0.726074 0.595703 0.045898 0.072266
0 0.883301 0.210449 0.063477 0.098633
0 0.383789 0.174805 0.062500 0.074219
0 0.035156 0.606445 0.070312 0.080078
0 0.590820 0.357422 0.046875 0.056641
0 0.806641 0.972656 0.033203 0.054688
0 0.636230 0.456055 0.030273 0.068359
0 0.878418 0.294922 0.077148 0.033203
0 0.577148 0.021484 0.050781 0.041016
0 0.912109 0.054688 0.089844 0.109375
0 0.642578 0.603516 0.050781 0.107422
0 0.048828 0.081055 0.078125 0.103516
0 0.622070 0.291504 0.087891 0.077148
0 0.123535 0.987305 0.040039 0.025391
0 0.809082 0.934570 0.067383 0.041016
0 0.662598 0.577637 0.036133 0.079102
0 0.142090 0.853516 0.092773 0.044922
0 0.334961 0.616699 0.076172 0.151367
0 0.858887 0.046387 0.055664 0.092773
0 0.346191 0.189941 0.032227 0.106445
0 0.952637 0.717773 0.053711 0.058594
0 0.359863 0.112305 0.110352 0.113281
0 0.022949 0.924805 0.043945 0.050781
0 0.232422 0.025879 0.058594 0.051758
0 0.087402 0.858887 0.063477 0.067383
0 0.712402 0.357910 0.083008 0.083008
0 0.047363 0.216309 0.094727 0.049805
0 0.464844 0.741699 0.074219 0.116211
0 0.035156 0.174316 0.070312 0.102539
