0 0.341309 0.516113 0.084961 0.084961
0 0.303223 0.347656 0.100586 0.083984
0 0.495117 0.900391 0.060547 0.078125
0 0.294922 0.281250 0.074219 0.046875
0 0.222168 0.282715 0.083008 0.077148
0 0.023438 0.869141 0.046875 0.087891
0 0.964355 0.326660 0.067383 0.092773
0 0.292480 0.974121 0.133789 0.051758
0 0.658203 0.561035 0.066406 0.059570
0 0.556152 0.062500 0.069336 0.085938
0 0.145996 0.566406 0.094727 0.064453
0 0.496094 0.060547 0.080078 0.121094
0 0.277832 0.231445 0.077148 0.056641
0 0.281738 0.433105 0.084961 0.143555
0 0.076660 0.327637 0.096680 0.073242
0 0.028320 0.580566 0.056641 0.084961
0 0.330078 0.714844 0.167969 0.148438
0 0.475586 0.554688 0.103516 0.097656
0 0.542969 0.930664 0.056641 0.076172
0 0.132812 0.965332 0.146484 0.069336
0 0.969238 0.815430 0.061523 0.072266
0 0.977051 0.871094 0.045898 0.056641
0 0.912598 0.274414 0.075195 0.074219
0 0.828613 0.425781 0.088867 0.064453
0 0.599609 0.534668 0.041016 0.065430
0 0.642578 0.520996 0.058594 0.096680
0 0.680664 0.415527 0.126953 0.075195
0 0.656738 0.457520 0.057617 0.120117
0 0.579102 0.397461 0.060547 0.072266
0 0.447266 0.671387 0.074219 0.057617
0 0.298340 0.171875 0.081055 0.070312
