0 0.008789 0.857422 0.017578 0.066406
0 0.115234 0.831543 0.083984 0.083008
0 0.226074 0.749023 0.122070 0.085938
0 0.149414 0.630371 0.052734 0.061523
0 0.029785 0.973633 0.059570 0.052734
0 0.115234 0.978027 0.103516 0.043945
0 0.674805 0.978027 0.080078 0.043945
0 0.795898 0.979980 0.068359 0.040039
0 0.848633 0.956055 0.052734 0.087891
0 0.921875 0.980469 0.048828 0.039062
0 0.980469 0.866699 0.039062 0.075195
0 0.824707 0.825195 0.065430 0.064453
0 0.731445 0.841309 0.097656 0.084961
0 0.688477 0.708008 0.072266 0.068359
0 0.553711 0.802246 0.091797 0.081055
0 0.300781 0.890137 0.109375 0.088867
0 0.340332 0.656250 0.092773 0.070312
0 0.327148 0.586914 0.070312 0.054688
0 0.240234 0.569824 0.068359 0.071289
0 0.471680 0.558105 0.101562 0.102539
0 0.602539 0.566406 0.078125 0.068359
0 0.631836 0.497559 0.070312 0.073242
0 0.721191 0.525391 0.077148 0.066406
0 0.858398 0.616699 0.054688 0.059570
0 0.981445 0.679199 0.037109 0.065430
0 0.918457 0.638184 0.067383 0.108398
0 0.694336 0.335938 0.117188 0.058594
0 0.679199 0.328125 0.051758 0.107422
0 0.566406 0.329102 0.107422 0.070312
0 0.580078 0.253906 0.082031 0.058594
0 0.941406 0.345215 0.117188 0.124023
0 0.981445 0.237305 0.037109 0.099609
0 0.822266 0.210938 0.082031 0.068359
0 0.664551 0.143555 0.061523 0.054688
0 0.419434 0.423828 0.108398 0.062500
0 0.369629 0.455078 0.108398 0.070312
0 0.225098 0.457031 0.086914 0.078125
0 0.292480 0.333008 0.104492 0.056641
0 0.398926 0.335938 0.100586 0.050781
0 0.287109 0.191895 0.111328 0.067383
0 0.208008 0.104492 0.076172 0.125000
0 0.041992 0.250977 0.083984 0.070312
0 0.014160 0.170898 0.028320 0.048828
0 0.235352 0.018066 0.046875 0.036133
0 0.310547 0.020996 0.050781 0.041992
0 0.489258 0.052734 0.097656 0.068359
0 0.516602 0.136719 0.099609 0.093750
0 0.845215 0.097168 0.092773 0.077148
0 0.026367 0.583496 0.052734 0.127930
0 0.970703 0.433105 0.058594 0.100586
