0 0.663574 0.334961 0.061523 0.091797
0 0.709961 0.034668 0.080078 0.059570
0 0.853027 0.321777 0.079102 0.102539
0 0.937012 0.435547 0.108398 0.082031
0 0.459473 0.266602 0.125977 0.080078
0 0.302246 0.213379 0.075195 0.081055
0 0.826660 0.143555 0.086914 0.066406
0 0.933594 0.651855 0.068359 0.069336
0 0.875977 0.768066 0.041016 0.073242
0 0.174805 0.306641 0.078125 0.095703
0 0.781738 0.876953 0.073242 0.109375
0 0.708984 0.104492 0.037109 0.091797
0 0.477539 0.340820 0.134766 0.062500
0 0.309570 0.650391 0.068359 0.064453
0 0.080078 0.863281 0.082031 0.085938
0 0.208008 0.388184 0.107422 0.073242
0 0.311523 0.407715 0.072266 0.061523
0 0.160156 0.195801 0.074219 0.053711
0 0.220703 0.435547 0.117188 0.064453
0 0.704590 0.319336 0.077148 0.060547
0 0.402832 0.706055 0.106445 0.058594
0 0.883301 0.068359 0.079102 0.080078
0 0.300781 0.312988 0.058594 0.086914
0 0.044434 0.982422 0.088867 0.035156
0 0.426758 0.848145 0.173828 0.106445
0 0.611816 0.832031 0.086914 0.056641
0 0.831543 0.465820 0.086914 0.074219
0 0.364746 0.981934 0.133789 0.036133
0 0.127930 0.425781 0.050781 0.058594
0 0.250977 0.316406 0.091797 0.058594
0 0.145020 0.982910 0.053711 0.034180
0 0.459473 0.293457 0.088867 0.065430
0 0.788574 0.965820 0.073242 0.054688
0 0.243164 0.984375 0.111328 0.031250
0 0.561523 0.979004 0.140625 0.041992
0 0.946289 0.772461 0.052734 0.064453
0 0.308594 0.055176 0.123047 0.047852
0 0.744629 0.896973 0.071289 0.057617
0 0.926270 0.042969 0.059570 0.082031
0 0.338867 0.945312 0.125000 0.037109
0 0.694336 0.828613 0.068359 0.127930
0 0.610840 0.884277 0.067383 0.049805
0 0.988770 0.131348 0.022461 0.071289
0 0.083008 0.263184 0.089844 0.112305
0 0.953125 0.905762 0.091797 0.069336
0 0.588867 0.731445 0.152344 0.058594
0 0.520996 0.674805 0.137695 0.054688
0 0.474609 0.869629 0.105469 0.075195
0 0.356445 0.919434 0.068359 0.028320
0 0.176758 0.896484 0.150391 0.050781
0 0.035645 0.229492 0.071289 0.091797
0 0.110840 0.419922 0.049805 0.058594
0 0.687988 0.907715 0.090820 0.040039
0 0.418945 0.674316 0.173828 0.102539
0 0.356445 0.768555 0.068359 0.050781
0 0.666992 0.696777 0.101562 0.110352
0 0.098145 0.493652 0.069336 0.047852
0 0.517578 0.956543 0.087891 0.079102
