0 0.214844 0.180664 0.115234 0.158203
0 0.597168 0.683594 0.094727 0.097656
0 0.479492 0.362305 0.160156 0.093750
0 0.210449 0.564941 0.112305 0.120117
0 0.942871 0.077148 0.102539 0.109375
0 0.584473 0.823242 0.219727 0.072266
0 0.316406 0.442871 0.097656 0.106445
0 0.484375 0.956055 0.113281 0.078125
0 0.940918 0.161133 0.112305 0.097656
0 0.919434 0.366211 0.114258 0.113281
0 0.349609 0.039551 0.134766 0.077148
0 0.628418 0.869629 0.243164 0.075195
0 0.962891 0.642578 0.074219 0.103516
0 0.079102 0.508301 0.056641 0.081055
0 0.059570 0.168457 0.080078 0.127930
0 0.622070 0.143066 0.205078 0.102539
0 0.971191 0.217285 0.057617 0.049805
0 0.937500 0.912109 0.125000 0.070312
