0 0.062012 0.023438 0.063477 0.046875
0 0.124512 0.218262 0.065430 0.104492
0 0.130859 0.332520 0.052734 0.086914
0 0.054688 0.329102 0.072266 0.083984
0 0.016602 0.381836 0.033203 0.080078
0 0.446777 0.372070 0.083008 0.085938
0 0.255371 0.368652 0.071289 0.043945
0 0.249512 0.445312 0.059570 0.066406
0 0.130371 0.420898 0.086914 0.056641
0 0.041992 0.516113 0.068359 0.075195
0 0.583984 0.349609 0.066406 0.074219
0 0.615723 0.237305 0.061523 0.056641
0 0.283691 0.023438 0.059570 0.044922
0 0.355469 0.021973 0.089844 0.043945
0 0.669434 0.030762 0.114258 0.061523
0 0.794922 0.025879 0.085938 0.051758
0 0.876465 0.020996 0.069336 0.041992
0 0.812988 0.106934 0.043945 0.040039
0 0.875488 0.329102 0.067383 0.083984
0 0.953613 0.316406 0.084961 0.074219
0 0.810059 0.367676 0.065430 0.049805
0 0.672852 0.392578 0.062500 0.050781
0 0.650391 0.445801 0.060547 0.036133
0 0.639160 0.477539 0.061523 0.048828
0 0.615723 0.518066 0.118164 0.059570
0 0.712402 0.533203 0.090820 0.046875
0 0.723633 0.560059 0.060547 0.067383
0 0.764160 0.606445 0.108398 0.058594
0 0.834961 0.453613 0.082031 0.045898
0 0.963867 0.467773 0.072266 0.074219
0 0.697754 0.670898 0.077148 0.056641
0 0.764160 0.676758 0.071289 0.048828
0 0.500977 0.514160 0.070312 0.086914
0 0.312500 0.807129 0.062500 0.053711
0 0.098633 0.945312 0.080078 0.066406
0 0.148438 0.765137 0.050781 0.047852
0 0.030273 0.875488 0.052734 0.094727
0 0.020996 0.937500 0.041992 0.044922
0 0.064941 0.789062 0.073242 0.078125
0 0.706055 0.804199 0.070312 0.083008
0 0.952637 0.772949 0.094727 0.092773
0 0.831055 0.963867 0.070312 0.072266
0 0.917969 0.941406 0.060547 0.058594
0 0.806152 0.778809 0.079102 0.063477
0 0.870117 0.805176 0.060547 0.061523
0 0.795898 0.844238 0.072266 0.077148
0 0.750000 0.859863 0.054688 0.051758
0 0.688477 0.859375 0.058594 0.056641
0 0.608398 0.885254 0.087891 0.059570
0 0.671387 0.944824 0.118164 0.094727
0 0.703125 0.925293 0.066406 0.047852
0 0.931152 0.363281 0.059570 0.041016
0 0.700195 0.120605 0.033203 0.028320
0 0.517578 0.019531 0.052734 0.035156
0 0.329590 0.384766 0.034180 0.033203
0 0.159180 0.261719 0.056641 0.050781
