0 0.395020 0.683594 0.057617 0.074219
0 0.306152 0.727051 0.071289 0.069336
0 0.486328 0.302734 0.050781 0.085938
0 0.300781 0.845703 0.082031 0.060547
0 0.804199 0.959961 0.041992 0.080078
0 0.858887 0.036621 0.041992 0.073242
0 0.475098 0.585449 0.051758 0.075195
0 0.940430 0.665039 0.050781 0.072266
0 0.709473 0.630859 0.096680 0.048828
0 0.894531 0.041504 0.062500 0.081055
0 0.557129 0.359375 0.040039 0.080078
0 0.708984 0.029785 0.044922 0.057617
0 0.044434 0.122559 0.065430 0.069336
0 0.621582 0.229004 0.071289 0.055664
0 0.178223 0.966797 0.071289 0.060547
0 0.878906 0.648926 0.046875 0.092773
0 0.781738 0.124512 0.079102 0.112305
0 0.279297 0.357422 0.074219 0.085938
0 0.714844 0.310547 0.052734 0.093750
0 0.482910 0.097656 0.073242 0.048828
0 0.242285 0.386426 0.100586 0.098633
0 0.279297 0.175293 0.066406 0.069336
0 0.885254 0.408203 0.059570 0.078125
0 0.833008 0.724609 0.085938 0.058594
0 0.576660 0.064453 0.061523 0.039062
0 0.969238 0.108887 0.043945 0.077148
0 0.135254 0.771484 0.120117 0.078125
0 0.020996 0.657227 0.041992 0.050781
0 0.160645 0.278320 0.077148 0.035156
0 0.216309 0.892090 0.081055 0.030273
0 0.592773 0.654297 0.035156 0.074219
0 0.909180 0.966797 0.037109 0.060547
0 0.948730 0.412109 0.067383 0.056641
0 0.855957 0.534180 0.036133 0.066406
0 0.195801 0.326172 0.069336 0.066406
0 0.698730 0.692383 0.051758 0.025391
0 0.545410 0.478027 0.086914 0.041992
0 0.030273 0.616211 0.060547 0.023438
0 0.175293 0.128418 0.047852 0.088867
0 0.246094 0.585449 0.056641 0.034180
0 0.018555 0.928711 0.037109 0.027344
0 0.026367 0.837891 0.052734 0.050781
0 0.430664 0.589355 0.056641 0.030273
0 0.401855 0.981934 0.043945 0.032227
0 0.045410 0.739258 0.065430 0.050781
0 0.852051 0.391602 0.041992 0.064453
0 0.766602 0.183105 0.050781 0.047852
0 0.843262 0.534180 0.036133 0.064453
0 0.362793 0.936035 0.067383 0.034180
0 0.561035 0.903320 0.053711 0.037109
0 0.584473 0.514648 0.065430 0.029297
0 0.334961 0.008301 0.068359 0.016602
0 0.533691 0.856445 0.043945 0.039062
0 0.157227 0.568359 0.048828 0.042969
0 0.296875 0.135254 0.085938 0.041992
0 0.219727 0.026367 0.062500 0.029297
0 0.020996 0.704102 0.041992 0.025391
0 0.895508 0.415039 0.052734 0.076172
0 0.819336 0.683105 0.076172 0.083008
0 0.557617 0.817871 0.056641 0.045898
0 0.599121 0.843262 0.063477 0.051758
0 0.982422 0.026855 0.035156 0.036133
0 0.409668 0.922363 0.057617 0.040039
0 0.046875 0.881348 0.093750 0.065430
0 0.036133 0.401855 0.072266 0.104492
