0 0.178223 0.176270 0.104492 0.075195
0 0.191895 0.260254 0.065430 0.053711
0 0.242188 0.304688 0.062500 0.062500
0 0.312988 0.259766 0.057617 0.062500
0 0.270508 0.193359 0.054688 0.058594
0 0.385742 0.076172 0.054688 0.064453
0 0.465820 0.027344 0.066406 0.054688
0 0.449707 0.099121 0.077148 0.098633
0 0.524902 0.106934 0.071289 0.061523
0 0.681152 0.145508 0.098633 0.087891
0 0.815430 0.050293 0.070312 0.067383
0 0.964844 0.056152 0.070312 0.075195
0 0.894531 0.148926 0.091797 0.063477
0 0.824707 0.122559 0.071289 0.053711
0 0.088867 0.305176 0.083984 0.057617
0 0.064941 0.221191 0.059570 0.057617
0 0.157227 0.391602 0.062500 0.078125
0 0.212402 0.392090 0.061523 0.067383
0 0.170410 0.583984 0.073242 0.101562
0 0.095215 0.568848 0.069336 0.075195
0 0.123535 0.697754 0.067383 0.065430
0 0.043457 0.742188 0.069336 0.041016
0 0.049805 0.790039 0.082031 0.064453
0 0.163086 0.733887 0.058594 0.047852
0 0.228516 0.735352 0.076172 0.076172
0 0.348633 0.707031 0.076172 0.066406
0 0.322754 0.781738 0.071289 0.077148
0 0.262207 0.826172 0.081055 0.107422
0 0.222168 0.976074 0.079102 0.047852
0 0.525391 0.888672 0.056641 0.070312
0 0.565430 0.787598 0.058594 0.079102
0 0.630859 0.754883 0.072266 0.093750
0 0.652832 0.848633 0.071289 0.068359
0 0.796875 0.933105 0.083984 0.059570
0 0.694824 0.966309 0.067383 0.067383
0 0.800781 0.979492 0.078125 0.041016
0 0.948242 0.829590 0.072266 0.084961
0 0.745605 0.646973 0.075195 0.055664
0 0.765625 0.705078 0.082031 0.062500
0 0.610840 0.660645 0.067383 0.069336
0 0.509766 0.638184 0.058594 0.059570
0 0.416992 0.653809 0.060547 0.055664
0 0.448730 0.719238 0.067383 0.061523
0 0.423340 0.531738 0.094727 0.116211
0 0.532715 0.474609 0.073242 0.074219
0 0.618164 0.476562 0.064453 0.076172
0 0.681152 0.420410 0.077148 0.065430
0 0.691406 0.498047 0.070312 0.056641
0 0.692383 0.554199 0.080078 0.059570
0 0.889160 0.393555 0.073242 0.095703
0 0.977539 0.450195 0.044922 0.082031
0 0.919922 0.558105 0.054688 0.063477
0 0.510742 0.307129 0.072266 0.069336
0 0.561035 0.085449 0.065430 0.045898
0 0.804688 0.609375 0.048828 0.064453
0 0.571777 0.581543 0.069336 0.055664
0 0.494629 0.159180 0.077148 0.109375
0 0.564453 0.196777 0.082031 0.057617
0 0.687500 0.689453 0.054688 0.052734
0 0.066895 0.042480 0.057617 0.061523
