0 0.050293 0.062500 0.100586 0.089844
0 0.041504 0.921875 0.083008 0.091797
0 0.272461 0.952148 0.072266 0.095703
0 0.170410 0.914062 0.057617 0.078125
0 0.054688 0.694824 0.087891 0.165039
0 0.200195 0.739258 0.087891 0.099609
0 0.247559 0.576660 0.131836 0.073242
0 0.291992 0.626953 0.080078 0.072266
0 0.115723 0.508789 0.073242 0.048828
0 0.079590 0.585449 0.067383 0.047852
0 0.042969 0.363281 0.085938 0.083984
0 0.191406 0.389160 0.076172 0.090820
0 0.277344 0.396973 0.085938 0.088867
0 0.369141 0.449707 0.080078 0.084961
0 0.467773 0.486816 0.091797 0.075195
0 0.498047 0.572266 0.056641 0.109375
0 0.623535 0.681152 0.116211 0.102539
0 0.481445 0.765625 0.095703 0.136719
0 0.368164 0.864746 0.095703 0.073242
0 0.245117 0.859375 0.058594 0.060547
0 0.372070 0.673340 0.123047 0.061523
0 0.122559 0.176758 0.124023 0.070312
0 0.240723 0.100586 0.118164 0.134766
0 0.318848 0.204590 0.077148 0.116211
0 0.441406 0.162109 0.132812 0.068359
0 0.539062 0.067871 0.054688 0.098633
0 0.636230 0.193359 0.141602 0.074219
0 0.622070 0.256836 0.078125 0.060547
0 0.460449 0.360352 0.069336 0.095703
0 0.728516 0.362305 0.080078 0.158203
0 0.806641 0.389160 0.103516 0.057617
0 0.731445 0.573730 0.060547 0.069336
0 0.813477 0.551270 0.064453 0.049805
0 0.889160 0.519531 0.081055 0.039062
0 0.308105 0.023926 0.075195 0.047852
0 0.421875 0.076660 0.054688 0.065430
0 0.449219 0.018555 0.087891 0.037109
0 0.585449 0.093262 0.040039 0.055664
0 0.946289 0.304199 0.105469 0.151367
0 0.850098 0.175293 0.092773 0.069336
0 0.919434 0.039551 0.067383 0.079102
0 0.965332 0.038086 0.069336 0.076172
0 0.828613 0.733398 0.081055 0.082031
0 0.705078 0.784668 0.126953 0.051758
0 0.695801 0.838867 0.120117 0.082031
0 0.687500 0.891602 0.064453 0.056641
0 0.551758 0.972168 0.119141 0.055664
0 0.901855 0.940918 0.069336 0.073242
0 0.805176 0.837891 0.057617 0.062500
0 0.933105 0.636719 0.081055 0.083984
0 0.960938 0.580078 0.078125 0.052734
0 0.354492 0.798340 0.082031 0.075195
