0 0.919434 0.098145 0.120117 0.122070
0 0.759277 0.440918 0.110352 0.102539
0 0.093262 0.872070 0.141602 0.095703
0 0.793457 0.293457 0.098633 0.086914
0 0.528320 0.408691 0.134766 0.102539
0 0.265625 0.489746 0.113281 0.084961
0 0.526855 0.634766 0.094727 0.099609
0 0.680176 0.136719 0.090820 0.099609
0 0.095703 0.679688 0.158203 0.115234
0 0.972168 0.202148 0.055664 0.099609
0 0.330078 0.310059 0.087891 0.084961
0 0.844238 0.632324 0.084961 0.094727
0 0.294434 0.883301 0.190430 0.108398
0 0.794922 0.782715 0.080078 0.090820
0 0.532227 0.718750 0.078125 0.070312
0 0.321289 0.072754 0.097656 0.145508
0 0.976074 0.487305 0.047852 0.083984
0 0.971191 0.922363 0.057617 0.094727
0 0.946289 0.882324 0.082031 0.084961
0 0.963379 0.690918 0.067383 0.083008
0 0.379883 0.126953 0.105469 0.105469
0 0.041992 0.118164 0.080078 0.091797
0 0.311035 0.964844 0.092773 0.070312
0 0.030762 0.957520 0.061523 0.079102
