0 0.976074 0.184570 0.047852 0.035156
0 0.939941 0.130859 0.063477 0.074219
0 0.928223 0.234375 0.034180 0.037109
0 0.812012 0.060059 0.051758 0.065430
0 0.748047 0.117676 0.046875 0.053711
0 0.914062 0.012695 0.093750 0.025391
0 0.781250 0.304199 0.041016 0.040039
0 0.764648 0.309570 0.070312 0.052734
0 0.823730 0.280273 0.067383 0.111328
0 0.750977 0.342773 0.041016 0.031250
0 0.493652 0.324707 0.040039 0.051758
0 0.604004 0.302246 0.069336 0.041992
0 0.608398 0.278809 0.068359 0.057617
0 0.512695 0.101562 0.080078 0.042969
0 0.455078 0.056641 0.099609 0.050781
0 0.300781 0.253906 0.087891 0.048828
0 0.334961 0.259277 0.080078 0.063477
0 0.170410 0.288086 0.077148 0.039062
0 0.100586 0.305176 0.050781 0.049805
0 0.222168 0.008301 0.069336 0.016602
0 0.067383 0.016113 0.080078 0.028320
0 0.060547 0.396973 0.074219 0.041992
0 0.020996 0.345703 0.041992 0.044922
0 0.098633 0.884766 0.091797 0.035156
0 0.809082 0.402344 0.071289 0.041016
0 0.653320 0.427734 0.058594 0.041016
0 0.484375 0.389160 0.052734 0.040039
0 0.790039 0.497070 0.083984 0.054688
0 0.784668 0.513184 0.086914 0.047852
0 0.602051 0.535645 0.067383 0.034180
0 0.820801 0.588379 0.059570 0.049805
0 0.937012 0.881836 0.055664 0.041016
0 0.759766 0.847656 0.060547 0.041016
0 0.741699 0.790527 0.083008 0.034180
0 0.613770 0.823242 0.079102 0.039062
0 0.542969 0.801270 0.080078 0.051758
0 0.574219 0.892578 0.064453 0.037109
0 0.459961 0.833984 0.054688 0.058594
0 0.505859 0.921875 0.093750 0.042969
0 0.758789 0.947266 0.041016 0.060547
0 0.932617 0.978516 0.058594 0.042969
0 0.137207 0.449219 0.040039 0.058594
0 0.204102 0.902832 0.105469 0.043945
0 0.348145 0.812988 0.043945 0.038086
0 0.410645 0.877930 0.055664 0.037109
0 0.377441 0.981445 0.069336 0.035156
