0 0.883301 0.024902 0.159180 0.049805
0 0.780273 0.167969 0.097656 0.068359
0 0.747070 0.691895 0.140625 0.133789
0 0.902344 0.690918 0.195312 0.168945
0 0.814453 0.259766 0.095703 0.093750
0 0.308594 0.512695 0.220703 0.066406
0 0.424805 0.303711 0.083984 0.074219
0 0.341797 0.021973 0.083984 0.043945
0 0.053223 0.131836 0.106445 0.091797
0 0.148926 0.677246 0.098633 0.075195
0 0.849121 0.824219 0.098633 0.134766
0 0.015137 0.708496 0.030273 0.063477
0 0.035645 0.645020 0.071289 0.061523
0 0.015625 0.003418 0.031250 0.006836
0 0.132324 0.313477 0.125977 0.083984
0 0.289062 0.406738 0.070312 0.083008
0 0.280762 0.041992 0.092773 0.083984
0 0.244629 0.115234 0.053711 0.044922
0 0.044434 0.856934 0.088867 0.120117
0 0.030762 0.973145 0.061523 0.053711
0 0.187012 0.866211 0.069336 0.097656
0 0.101562 0.920898 0.054688 0.048828
0 0.299805 0.771484 0.070312 0.091797
0 0.241211 0.937500 0.068359 0.058594
0 0.155762 0.944824 0.073242 0.049805
0 0.091797 0.384277 0.085938 0.059570
0 0.372559 0.701660 0.069336 0.063477
0 0.353516 0.758301 0.107422 0.116211
0 0.545410 0.832520 0.081055 0.081055
0 0.434082 0.962891 0.067383 0.074219
0 0.532715 0.924805 0.090820 0.146484
0 0.497070 0.120605 0.074219 0.073242
0 0.619629 0.037109 0.067383 0.074219
0 0.505371 0.018555 0.055664 0.037109
0 0.598145 0.206055 0.069336 0.072266
0 0.861816 0.091797 0.106445 0.080078
0 0.372070 0.576660 0.089844 0.059570
0 0.480957 0.573730 0.135742 0.069336
0 0.515137 0.674805 0.108398 0.068359
0 0.521484 0.716797 0.111328 0.058594
0 0.768066 0.918457 0.088867 0.125977
0 0.903320 0.916992 0.091797 0.058594
0 0.959473 0.500977 0.081055 0.054688
0 0.415527 0.477539 0.069336 0.076172
0 0.009277 0.073730 0.018555 0.041992
