0 0.838379 0.308105 0.079102 0.083008
0 0.916992 0.303711 0.060547 0.062500
0 0.978027 0.269531 0.043945 0.103516
0 0.828613 0.054688 0.069336 0.074219
0 0.609863 0.018066 0.077148 0.036133
0 0.555176 0.027344 0.047852 0.054688
0 0.750488 0.189453 0.090820 0.080078
0 0.658203 0.237793 0.097656 0.069336
0 0.534668 0.271484 0.112305 0.083984
0 0.527344 0.368164 0.062500 0.056641
0 0.483887 0.382812 0.065430 0.078125
0 0.501953 0.432129 0.046875 0.061523
0 0.565430 0.430176 0.052734 0.065430
0 0.741699 0.476562 0.069336 0.068359
0 0.750977 0.357422 0.082031 0.060547
0 0.925781 0.466797 0.083984 0.072266
0 0.948730 0.510742 0.065430 0.042969
0 0.350586 0.262207 0.072266 0.049805
0 0.286133 0.206543 0.064453 0.069336
0 0.206543 0.224121 0.086914 0.104492
0 0.182129 0.062500 0.045898 0.050781
0 0.233887 0.066406 0.051758 0.054688
0 0.420898 0.009766 0.076172 0.019531
0 0.081055 0.062988 0.070312 0.092773
0 0.142090 0.032715 0.045898 0.065430
0 0.076660 0.207520 0.081055 0.094727
0 0.089844 0.295898 0.080078 0.072266
0 0.103027 0.387207 0.122070 0.073242
0 0.267578 0.354980 0.099609 0.069336
0 0.295410 0.455566 0.108398 0.063477
0 0.500000 0.527344 0.085938 0.062500
0 0.098145 0.502930 0.063477 0.052734
0 0.788086 0.562988 0.082031 0.055664
0 0.960938 0.832031 0.054688 0.052734
0 0.941406 0.902344 0.074219 0.076172
0 0.988281 0.767090 0.023438 0.069336
0 0.855469 0.781250 0.082031 0.058594
0 0.570312 0.734375 0.062500 0.060547
0 0.399902 0.717285 0.084961 0.061523
0 0.362305 0.782715 0.091797 0.063477
0 0.413574 0.903320 0.092773 0.083984
0 0.513184 0.895508 0.065430 0.064453
0 0.666504 0.939941 0.047852 0.055664
0 0.262695 0.910645 0.080078 0.075195
0 0.026855 0.783691 0.053711 0.100586
0 0.136719 0.529785 0.064453 0.040039
0 0.038086 0.912598 0.070312 0.045898
0 0.555664 0.892090 0.048828 0.040039
0 0.277344 0.021973 0.060547 0.043945
0 0.946777 0.399902 0.051758 0.051758
0 0.904297 0.916504 0.058594 0.049805
0 0.680664 0.372070 0.052734 0.048828
0 0.162109 0.420410 0.060547 0.043945
