0 0.649902 0.969238 0.098633 0.061523
0 0.554199 0.512695 0.088867 0.056641
0 0.546729 0.707080 0.127637 0.075879
0 0.305664 0.044922 0.111328 0.056641
0 0.073730 0.674805 0.081055 0.054688
0 0.468750 0.057617 0.082031 0.111328
0 0.334961 0.412109 0.125000 0.064453
0 0.198242 0.086914 0.162109 0.082031
0 0.491211 0.409180 0.109375 0.066406
0 0.392578 0.683594 0.087891 0.064453
0 0.417480 0.789551 0.104492 0.055664
0 0.192871 0.360840 0.092773 0.041992
0 0.455078 0.522461 0.099609 0.050781
0 0.092285 0.751953 0.143555 0.048828
0 0.202637 0.028320 0.098633 0.056641
0 0.430176 0.129883 0.096680 0.050781
0 0.763184 0.388672 0.077148 0.052734
0 0.479492 0.442871 0.097656 0.038086
0 0.899414 0.705078 0.154297 0.095703
0 0.240234 0.413086 0.121094 0.064453
0 0.268066 0.341309 0.086914 0.053711
0 0.443848 0.678223 0.112305 0.075195
0 0.968262 0.680664 0.063477 0.035156
0 0.741211 0.518555 0.109375 0.046875
0 0.723145 0.196289 0.069336 0.046875
0 0.687500 0.080078 0.056641 0.041016
0 0.291992 0.554688 0.105469 0.037109
0 0.979004 0.771484 0.041992 0.060547
0 0.703125 0.479980 0.119141 0.069336
0 0.876953 0.481934 0.099609 0.043945
0 0.254395 0.145996 0.096680 0.061523
0 0.104004 0.518555 0.147461 0.033203
0 0.949219 0.806152 0.091797 0.040039
0 0.041016 0.130371 0.080078 0.045898
0 0.921387 0.210449 0.065430 0.043945
0 0.065430 0.834961 0.070312 0.052734
0 0.982910 0.864746 0.034180 0.024414
0 0.815430 0.138184 0.107422 0.041992
0 0.116699 0.813477 0.118164 0.044922
0 0.475586 0.852539 0.164062 0.052734
0 0.155273 0.449219 0.121094 0.037109
0 0.052734 0.431641 0.095703 0.050781
0 0.171387 0.138184 0.166992 0.071289
0 0.526367 0.183105 0.068359 0.041992
0 0.329102 0.468262 0.083984 0.043945
0 0.399902 0.398438 0.116211 0.056641
0 0.977051 0.475098 0.045898 0.038086
0 0.265625 0.491699 0.060547 0.032227
0 0.348145 0.024414 0.036133 0.048828
0 0.119629 0.408203 0.168945 0.046875
0 0.048340 0.524902 0.096680 0.034180
0 0.041992 0.880371 0.083984 0.041992
0 0.770020 0.500000 0.075195 0.031250
0 0.441895 0.483887 0.120117 0.034180
0 0.066895 0.174805 0.133789 0.046875
0 0.374023 0.528809 0.058594 0.041992
0 0.029297 0.199707 0.058594 0.032227
0 0.926758 0.793457 0.132812 0.059570
0 0.342285 0.512207 0.239258 0.049805
0 0.094238 0.471680 0.104492 0.027344
0 0.083008 0.491211 0.126953 0.044922
0 0.066406 0.467773 0.132812 0.046875
0 0.093262 0.376953 0.112305 0.048828
0 0.082520 0.066895 0.165039 0.122070
0 0.917480 0.681152 0.133789 0.073242
