0 0.408203 0.145508 0.117188 0.087891
0 0.424316 0.453125 0.145508 0.117188
0 0.703125 0.466797 0.142578 0.070312
0 0.584473 0.162109 0.114258 0.089844
0 0.587891 0.485840 0.152344 0.067383
0 0.353027 0.624512 0.122070 0.075195
0 0.323242 0.457031 0.091797 0.095703
0 0.546875 0.371582 0.140625 0.084961
0 0.693359 0.631836 0.152344 0.070312
0 0.436523 0.848145 0.119141 0.065430
0 0.457031 0.735352 0.117188 0.070312
0 0.742188 0.343750 0.195312 0.134766
0 0.844238 0.137207 0.174805 0.065430
0 0.249512 0.861816 0.094727 0.075195
0 0.791992 0.090820 0.154297 0.056641
0 0.705566 0.145508 0.166992 0.062500
0 0.620605 0.314453 0.163086 0.080078
0 0.725586 0.708008 0.177734 0.052734
0 0.485840 0.650879 0.092773 0.067383
0 0.593262 0.707031 0.131836 0.054688
0 0.655762 0.343750 0.118164 0.062500
0 0.460449 0.268555 0.112305 0.062500
0 0.883789 0.258789 0.097656 0.064453
0 0.685547 0.204590 0.072266 0.049805
0 0.459961 0.085449 0.125000 0.067383
0 0.597656 0.081543 0.162109 0.049805
0 0.724609 0.029297 0.115234 0.054688
0 0.142090 0.614746 0.065430 0.057617
0 0.631348 0.543945 0.139648 0.044922
