0 0.805664 0.807129 0.167969 0.094727
0 0.450684 0.159668 0.102539 0.120117
0 0.105957 0.827148 0.083008 0.095703
0 0.617188 0.824707 0.115234 0.145508
0 0.443359 0.039551 0.091797 0.079102
0 0.887207 0.067383 0.137695 0.083984
0 0.048340 0.103516 0.092773 0.107422
0 0.518066 0.298340 0.127930 0.127930
0 0.774902 0.650879 0.084961 0.073242
0 0.224609 0.683105 0.089844 0.086914
0 0.539551 0.594727 0.090820 0.089844
0 0.646973 0.219727 0.094727 0.080078
0 0.201172 0.281738 0.107422 0.094727
0 0.164551 0.028320 0.075195 0.056641
0 0.053223 0.022461 0.067383 0.044922
0 0.428223 0.702148 0.067383 0.089844
0 0.098633 0.316895 0.097656 0.110352
0 0.501953 0.715820 0.089844 0.068359
0 0.312012 0.513184 0.145508 0.227539
0 0.119141 0.613281 0.089844 0.123047
0 0.013184 0.167969 0.026367 0.105469
0 0.314941 0.854492 0.165039 0.195312
0 0.209473 0.808105 0.094727 0.067383
0 0.110840 0.448730 0.192383 0.102539
0 0.817871 0.374512 0.192383 0.114258
0 0.019531 0.479492 0.039062 0.089844
0 0.950684 0.689453 0.083008 0.109375
0 0.823242 0.520508 0.162109 0.107422
0 0.604492 0.308594 0.074219 0.097656
0 0.180664 0.168457 0.082031 0.067383
0 0.194336 0.374512 0.115234 0.120117
0 0.963867 0.222656 0.072266 0.095703
0 0.025879 0.839355 0.051758 0.065430
0 0.863281 0.949707 0.078125 0.049805
0 0.797363 0.443359 0.165039 0.091797
0 0.222168 0.226074 0.065430 0.067383
0 0.166016 0.541992 0.082031 0.109375
0 0.703125 0.893555 0.097656 0.097656
0 0.074707 0.264648 0.059570 0.060547
0 0.082031 0.645508 0.085938 0.142578
0 0.505859 0.629395 0.078125 0.055664
0 0.676758 0.085938 0.070312 0.062500
0 0.642090 0.040527 0.104492 0.057617
0 0.605469 0.023926 0.148438 0.047852
0 0.301270 0.023926 0.188477 0.047852
