0 0.088379 0.320801 0.081055 0.084961
0 0.018066 0.271484 0.036133 0.093750
0 0.164551 0.187988 0.092773 0.100586
0 0.242676 0.093750 0.079102 0.080078
0 0.353516 0.164062 0.103516 0.074219
0 0.299805 0.257324 0.119141 0.088867
0 0.279297 0.337402 0.121094 0.083008
0 0.402832 0.093750 0.071289 0.103516
0 0.447754 0.035156 0.045898 0.070312
0 0.750488 0.266602 0.094727 0.115234
0 0.859863 0.169922 0.075195 0.082031
0 0.082031 0.912109 0.070312 0.058594
0 0.026855 0.973145 0.053711 0.053711
0 0.150391 0.985840 0.066406 0.028320
0 0.198730 0.912109 0.112305 0.082031
0 0.075195 0.783691 0.076172 0.086914
0 0.174316 0.756348 0.114258 0.057617
0 0.199707 0.797363 0.147461 0.092773
0 0.267090 0.972656 0.098633 0.054688
0 0.416992 0.929688 0.076172 0.062500
0 0.532227 0.842285 0.121094 0.088867
0 0.843750 0.930176 0.177734 0.067383
0 0.907227 0.801270 0.082031 0.059570
0 0.976074 0.682617 0.047852 0.085938
0 0.997559 0.992188 0.004883 0.015625
0 0.883301 0.976074 0.075195 0.047852
0 0.760742 0.033691 0.072266 0.067383
0 0.877930 0.066406 0.068359 0.095703
0 0.947754 0.038574 0.059570 0.077148
0 0.853027 0.240723 0.079102 0.084961
