0 0.109375 0.709473 0.076172 0.110352
0 0.652344 0.051758 0.080078 0.103516
0 0.768066 0.514648 0.049805 0.097656
0 0.384766 0.528320 0.037109 0.078125
0 0.107910 0.047852 0.073242 0.083984
0 0.042480 0.479980 0.061523 0.079102
0 0.079590 0.089844 0.057617 0.128906
0 0.946289 0.385254 0.085938 0.108398
0 0.793945 0.341309 0.064453 0.147461
0 0.778320 0.761230 0.085938 0.116211
0 0.290039 0.125488 0.078125 0.098633
0 0.539062 0.539062 0.089844 0.054688
0 0.495117 0.054199 0.097656 0.108398
0 0.479004 0.812988 0.036133 0.077148
0 0.945801 0.682617 0.061523 0.134766
0 0.848145 0.694824 0.096680 0.088867
0 0.291016 0.751953 0.072266 0.080078
0 0.548828 0.324707 0.089844 0.098633
0 0.353516 0.885742 0.097656 0.052734
0 0.687500 0.575195 0.041016 0.078125
0 0.333496 0.243652 0.043945 0.094727
0 0.938965 0.500977 0.069336 0.107422
0 0.829590 0.377930 0.043945 0.101562
0 0.942871 0.785645 0.067383 0.081055
0 0.530273 0.437500 0.042969 0.101562
0 0.046875 0.799316 0.054688 0.086914
0 0.797852 0.682617 0.025391 0.119141
0 0.258301 0.810059 0.178711 0.059570
0 0.088379 0.347168 0.049805 0.125977
0 0.152832 0.489746 0.063477 0.040039
0 0.289551 0.435547 0.043945 0.064453
0 0.037598 0.758301 0.075195 0.045898
0 0.408203 0.032227 0.044922 0.064453
0 0.193359 0.355957 0.050781 0.153320
0 0.286133 0.499512 0.048828 0.059570
0 0.491211 0.727051 0.029297 0.057617
0 0.067383 0.458984 0.056641 0.062500
0 0.758301 0.097656 0.073242 0.033203
0 0.349121 0.704590 0.114258 0.114258
0 0.122070 0.040039 0.060547 0.076172
0 0.445312 0.470215 0.041016 0.069336
0 0.224121 0.392578 0.079102 0.125000
0 0.979004 0.876953 0.041992 0.091797
0 0.646973 0.468262 0.086914 0.038086
0 0.716309 0.375977 0.088867 0.039062
0 0.891602 0.454590 0.044922 0.084961
0 0.955078 0.965820 0.033203 0.066406
0 0.968750 0.989258 0.050781 0.021484
0 0.794922 0.017090 0.037109 0.034180
0 0.713867 0.947266 0.072266 0.033203
0 0.687012 0.910156 0.073242 0.035156
0 0.328125 0.733398 0.048828 0.068359
0 0.869629 0.416016 0.053711 0.128906
0 0.585938 0.988281 0.058594 0.023438
0 0.650391 0.269531 0.160156 0.056641
0 0.737305 0.804688 0.033203 0.052734
0 0.545410 0.564453 0.045898 0.041016
0 0.980957 0.803223 0.038086 0.051758
