0 0.173828 0.137207 0.066406 0.065430
0 0.225098 0.186523 0.075195 0.068359
0 0.163574 0.219727 0.063477 0.072266
0 0.090820 0.191406 0.089844 0.111328
0 0.430664 0.185059 0.091797 0.069336
0 0.785645 0.164551 0.094727 0.098633
0 0.707031 0.379883 0.082031 0.072266
0 0.652832 0.298828 0.063477 0.068359
0 0.715332 0.286133 0.063477 0.066406
0 0.333496 0.453613 0.086914 0.129883
0 0.265137 0.457031 0.055664 0.109375
0 0.313477 0.601562 0.072266 0.078125
0 0.114746 0.654297 0.081055 0.138672
0 0.205566 0.754395 0.065430 0.083008
0 0.133789 0.776855 0.113281 0.088867
0 0.327148 0.698242 0.070312 0.078125
0 0.441406 0.685059 0.097656 0.065430
0 0.474121 0.748535 0.071289 0.069336
0 0.617188 0.718262 0.103516 0.067383
0 0.572266 0.806152 0.062500 0.075195
0 0.737305 0.750977 0.068359 0.054688
0 0.832031 0.670898 0.085938 0.146484
0 0.642578 0.824707 0.062500 0.059570
0 0.669922 0.868652 0.064453 0.063477
0 0.201172 0.864258 0.078125 0.080078
0 0.267090 0.934570 0.083008 0.085938
0 0.567871 0.931152 0.110352 0.127930
0 0.744141 0.927246 0.085938 0.084961
0 0.893555 0.924316 0.085938 0.079102
0 0.906250 0.484863 0.091797 0.077148
0 0.909668 0.322266 0.065430 0.064453
0 0.285645 0.375000 0.112305 0.074219
