0 0.502930 0.600586 0.091797 0.050781
0 0.096191 0.589355 0.088867 0.038086
0 0.841797 0.353027 0.087891 0.063477
0 0.162109 0.242676 0.095703 0.067383
0 0.265137 0.440918 0.053711 0.075195
0 0.219727 0.371582 0.080078 0.041992
0 0.966309 0.052734 0.067383 0.052734
0 0.538086 0.287598 0.123047 0.040039
0 0.901367 0.210449 0.113281 0.120117
0 0.458008 0.235840 0.074219 0.065430
0 0.635254 0.078613 0.124023 0.059570
0 0.314941 0.574219 0.088867 0.037109
0 0.977051 0.153320 0.045898 0.083984
0 0.743652 0.433105 0.112305 0.038086
0 0.069336 0.791992 0.097656 0.046875
0 0.888672 0.660645 0.058594 0.045898
0 0.345215 0.633789 0.077148 0.046875
0 0.619141 0.021484 0.068359 0.041016
0 0.157227 0.441406 0.101562 0.041016
0 0.061523 0.855957 0.119141 0.073242
0 0.076172 0.164062 0.097656 0.085938
0 0.689941 0.500000 0.151367 0.048828
0 0.241699 0.145020 0.129883 0.075195
0 0.773438 0.937012 0.091797 0.063477
0 0.803223 0.600586 0.065430 0.054688
0 0.465820 0.924316 0.111328 0.043945
0 0.677734 0.159180 0.076172 0.109375
0 0.251465 0.202637 0.143555 0.079102
0 0.322266 0.330078 0.072266 0.107422
0 0.807129 0.791504 0.125977 0.065430
0 0.231934 0.587891 0.081055 0.039062
0 0.936523 0.631836 0.050781 0.050781
0 0.987305 0.325195 0.025391 0.058594
0 0.837402 0.707520 0.137695 0.030273
0 0.067871 0.427246 0.090820 0.053711
0 0.568848 0.505859 0.125977 0.046875
0 0.711426 0.971680 0.040039 0.052734
0 0.722168 0.020020 0.098633 0.040039
0 0.651367 0.671875 0.109375 0.033203
0 0.553223 0.872559 0.098633 0.047852
0 0.325684 0.263184 0.149414 0.045898
0 0.353027 0.882812 0.104492 0.054688
0 0.640625 0.469727 0.216797 0.039062
0 0.604004 0.158203 0.133789 0.083984
0 0.366699 0.018555 0.041992 0.037109
0 0.384277 0.983398 0.045898 0.029297
0 0.414062 0.829590 0.134766 0.040039
0 0.639160 0.711426 0.151367 0.071289
0 0.483398 0.670898 0.087891 0.050781
0 0.333008 0.947266 0.056641 0.058594
0 0.069824 0.948242 0.131836 0.062500
0 0.860840 0.313477 0.040039 0.076172
0 0.503906 0.207520 0.107422 0.038086
0 0.082031 0.679688 0.101562 0.066406
0 0.515625 0.120605 0.117188 0.063477
0 0.753906 0.311523 0.095703 0.027344
0 0.138672 0.672363 0.113281 0.040039
0 0.714355 0.788086 0.075195 0.033203
0 0.536621 0.972168 0.168945 0.040039
0 0.532715 0.172363 0.092773 0.038086
0 0.028809 0.993652 0.055664 0.012695
0 0.402344 0.199707 0.095703 0.038086
0 0.651367 0.637695 0.105469 0.031250
0 0.068359 0.470703 0.068359 0.031250
0 0.124023 0.398926 0.089844 0.045898
0 0.509277 0.801758 0.110352 0.033203
0 0.710352 0.847217 0.150195 0.046973
0 0.514160 0.847168 0.067383 0.018555
0 0.309082 0.648926 0.083008 0.047852
0 0.737793 0.836426 0.069336 0.036133
0 0.168457 0.988281 0.118164 0.023438
0 0.061035 0.383301 0.077148 0.034180
0 0.612793 0.537598 0.063477 0.020508
0 0.092773 0.761230 0.140625 0.034180
0 0.017090 0.200195 0.034180 0.064453
0 0.929199 0.147461 0.067383 0.027344
0 0.763184 0.345215 0.047852 0.059570
0 0.271484 0.339844 0.125000 0.076172
0 0.786621 0.976562 0.065430 0.033203
0 0.068848 0.460938 0.067383 0.021484
0 0.645996 0.854492 0.081055 0.054688
0 0.425781 0.850098 0.134766 0.024414
0 0.163574 0.803711 0.102539 0.039062
0 0.237793 0.796875 0.040039 0.039062
0 0.200684 0.762207 0.090820 0.034180
0 0.066406 0.752930 0.132812 0.037109
0 0.785645 0.263672 0.065430 0.062500
