0 0.126465 0.050781 0.061523 0.091797
0 0.112305 0.554199 0.062500 0.077148
0 0.860352 0.662109 0.060547 0.085938
0 0.770996 0.166016 0.041992 0.085938
0 0.457031 0.351562 0.037109 0.093750
0 0.770996 0.478516 0.059570 0.113281
0 0.870117 0.307129 0.052734 0.120117
0 0.726562 0.032227 0.070312 0.056641
0 0.071289 0.626465 0.066406 0.055664
0 0.932617 0.205566 0.058594 0.071289
0 0.750488 0.256836 0.032227 0.089844
0 0.631348 0.330566 0.055664 0.069336
0 0.905762 0.613281 0.051758 0.080078
0 0.452637 0.925781 0.083008 0.046875
0 0.369629 0.640137 0.059570 0.116211
0 0.822754 0.321777 0.041992 0.079102
0 0.344238 0.381836 0.036133 0.062500
0 0.352539 0.906738 0.029297 0.116211
0 0.697266 0.568359 0.050781 0.083984
0 0.280273 0.214844 0.070312 0.046875
0 0.910645 0.313965 0.040039 0.077148
0 0.577637 0.645508 0.065430 0.068359
0 0.224609 0.543457 0.054688 0.061523
0 0.396973 0.322266 0.026367 0.082031
0 0.538574 0.383301 0.051758 0.053711
0 0.328613 0.190430 0.026367 0.113281
0 0.583008 0.815430 0.060547 0.044922
0 0.111328 0.729492 0.052734 0.048828
0 0.290039 0.026855 0.023438 0.051758
0 0.926270 0.021973 0.026367 0.043945
0 0.916016 0.701660 0.033203 0.059570
0 0.886719 0.095215 0.031250 0.083008
0 0.514648 0.600586 0.056641 0.029297
0 0.917480 0.149902 0.034180 0.077148
0 0.609863 0.858887 0.040039 0.063477
0 0.279297 0.039062 0.025391 0.054688
0 0.199219 0.628418 0.062500 0.055664
0 0.544434 0.284180 0.069336 0.097656
0 0.366699 0.284180 0.049805 0.078125
0 0.159180 0.363770 0.046875 0.073242
0 0.017090 0.603516 0.034180 0.048828
0 0.320801 0.608887 0.034180 0.061523
0 0.716309 0.970703 0.030273 0.046875
0 0.616699 0.937500 0.075195 0.041016
0 0.742188 0.684082 0.078125 0.043945
0 0.515625 0.989746 0.035156 0.020508
0 0.548340 0.155273 0.030273 0.058594
0 0.584473 0.321289 0.028320 0.048828
0 0.600098 0.856445 0.041992 0.058594
0 0.591309 0.012207 0.069336 0.022461
0 0.968262 0.988281 0.036133 0.023438
0 0.509277 0.794434 0.036133 0.077148
0 0.790039 0.967773 0.054688 0.052734
