0 0.174805 0.141113 0.185547 0.120117
0 0.342285 0.125488 0.176758 0.141602
0 0.049316 0.102539 0.084961 0.089844
0 0.196777 0.299316 0.153320 0.075195
0 0.034668 0.303711 0.069336 0.058594
0 0.313477 0.392578 0.046875 0.097656
0 0.354004 0.408691 0.051758 0.110352
0 0.482910 0.359375 0.063477 0.080078
0 0.547852 0.281250 0.089844 0.070312
0 0.612305 0.216797 0.068359 0.056641
0 0.438965 0.212891 0.086914 0.082031
0 0.528809 0.150879 0.141602 0.174805
0 0.709473 0.259277 0.077148 0.055664
0 0.619629 0.336914 0.067383 0.085938
0 0.733887 0.316895 0.063477 0.071289
0 0.801270 0.166016 0.088867 0.152344
0 0.835938 0.029297 0.091797 0.058594
0 0.793945 0.042969 0.044922 0.056641
0 0.899902 0.165527 0.129883 0.163086
0 0.820312 0.266113 0.080078 0.063477
0 0.872559 0.348145 0.079102 0.104492
0 0.759277 0.474121 0.086914 0.106445
0 0.824219 0.447266 0.093750 0.132812
0 0.871582 0.549805 0.125977 0.082031
0 0.587891 0.502930 0.070312 0.064453
0 0.568359 0.436523 0.070312 0.054688
0 0.331055 0.571289 0.173828 0.107422
0 0.148438 0.519043 0.105469 0.086914
0 0.042969 0.379395 0.085938 0.071289
0 0.426758 0.482422 0.121094 0.062500
0 0.571289 0.585449 0.136719 0.075195
0 0.604492 0.697266 0.148438 0.076172
0 0.748047 0.641113 0.115234 0.137695
0 0.637695 0.819824 0.095703 0.073242
0 0.430664 0.839355 0.207031 0.096680
0 0.090820 0.832520 0.095703 0.073242
0 0.454590 0.974609 0.131836 0.050781
0 0.616699 0.929199 0.143555 0.077148
0 0.947266 0.851074 0.082031 0.161133
0 0.989258 0.691406 0.021484 0.097656
0 0.058594 0.912598 0.109375 0.086914
0 0.017578 0.532715 0.035156 0.081055
0 0.470215 0.047852 0.088867 0.095703
0 0.291504 0.421875 0.041992 0.060547
0 0.470215 0.699219 0.112305 0.111328
0 0.029297 0.705566 0.058594 0.083008
0 0.648438 0.753418 0.087891 0.092773
0 0.532227 0.492188 0.068359 0.062500
