0 0.729492 0.680176 0.140625 0.084961
0 0.402344 0.085449 0.160156 0.147461
0 0.707031 0.418457 0.134766 0.127930
0 0.610840 0.894531 0.083008 0.099609
0 0.468262 0.220703 0.118164 0.117188
0 0.793457 0.885742 0.102539 0.152344
0 0.531738 0.720215 0.120117 0.067383
0 0.189453 0.801758 0.080078 0.134766
0 0.924316 0.501953 0.083008 0.107422
0 0.743164 0.123535 0.072266 0.077148
0 0.270508 0.113770 0.074219 0.065430
0 0.365723 0.279297 0.112305 0.080078
0 0.573730 0.439453 0.075195 0.105469
0 0.363281 0.934082 0.082031 0.120117
0 0.968750 0.102051 0.062500 0.114258
0 0.529297 0.934570 0.070312 0.080078
0 0.724609 0.878418 0.060547 0.127930
0 0.954590 0.662109 0.090820 0.064453
0 0.659180 0.571777 0.080078 0.065430
0 0.491211 0.043457 0.062500 0.077148
0 0.864258 0.913086 0.070312 0.117188
0 0.429688 0.642090 0.099609 0.129883
0 0.430664 0.340820 0.091797 0.136719
0 0.315430 0.490234 0.062500 0.097656
0 0.950684 0.715820 0.083008 0.062500
0 0.063477 0.638184 0.123047 0.112305
0 0.931152 0.836914 0.137695 0.195312
0 0.931641 0.074707 0.089844 0.100586
0 0.378906 0.480957 0.072266 0.086914
0 0.580078 0.092285 0.062500 0.059570
0 0.434082 0.740723 0.084961 0.073242
0 0.234863 0.905762 0.084961 0.067383
0 0.356934 0.369629 0.065430 0.065430
0 0.631836 0.142090 0.070312 0.065430
0 0.519531 0.459961 0.054688 0.080078
0 0.256348 0.245605 0.065430 0.073242
0 0.412109 0.428223 0.080078 0.073242
0 0.059570 0.941895 0.115234 0.104492
0 0.590820 0.182129 0.087891 0.065430
0 0.965820 0.947266 0.068359 0.099609
0 0.035645 0.454590 0.067383 0.075195
0 0.403809 0.973145 0.059570 0.053711
0 0.225586 0.926758 0.097656 0.115234
0 0.943359 0.088379 0.113281 0.122070
0 0.019531 0.230469 0.035156 0.062500
0 0.599609 0.018555 0.070312 0.037109
0 0.666992 0.119629 0.054688 0.049805
0 0.634277 0.096680 0.059570 0.044922
0 0.169434 0.814941 0.139648 0.084961
0 0.683105 0.392090 0.057617 0.069336
0 0.344238 0.145508 0.057617 0.037109
0 0.053223 0.618164 0.102539 0.097656
