0 0.015137 0.110840 0.030273 0.096680
0 0.600098 0.451172 0.049805 0.091797
0 0.704102 0.421387 0.041016 0.094727
0 0.698730 0.657715 0.067383 0.073242
0 0.714355 0.520020 0.069336 0.059570
0 0.776855 0.175293 0.059570 0.075195
0 0.205566 0.115723 0.028320 0.090820
0 0.621582 0.630859 0.028320 0.091797
0 0.131836 0.018555 0.054688 0.037109
0 0.321289 0.177734 0.076172 0.070312
0 0.450195 0.655762 0.103516 0.065430
0 0.429199 0.059570 0.065430 0.050781
0 0.892578 0.268555 0.029297 0.083984
0 0.495117 0.207031 0.083984 0.078125
0 0.253906 0.403809 0.152344 0.110352
0 0.594727 0.055176 0.052734 0.057617
0 0.981934 0.964355 0.036133 0.067383
0 0.140137 0.589355 0.059570 0.067383
0 0.546387 0.437012 0.032227 0.075195
0 0.061523 0.023926 0.068359 0.043945
0 0.307617 0.128906 0.050781 0.072266
0 0.689453 0.301758 0.060547 0.076172
0 0.858398 0.973633 0.029297 0.052734
0 0.688477 0.088867 0.070312 0.066406
0 0.394531 0.797852 0.126953 0.052734
0 0.276367 0.615723 0.068359 0.043945
0 0.975098 0.852051 0.040039 0.096680
0 0.899902 0.671875 0.057617 0.054688
0 0.496094 0.012207 0.046875 0.024414
0 0.090820 0.672852 0.056641 0.048828
0 0.587891 0.743652 0.070312 0.041992
0 0.204102 0.616211 0.046875 0.041016
0 0.244629 0.870117 0.063477 0.050781
0 0.385742 0.283203 0.029297 0.062500
0 0.737305 0.305664 0.070312 0.046875
0 0.140625 0.452148 0.058594 0.064453
0 0.477539 0.105469 0.048828 0.027344
0 0.259766 0.107910 0.058594 0.051758
0 0.491211 0.154297 0.054688 0.058594
0 0.981445 0.500488 0.031250 0.073242
0 0.291504 0.043457 0.059570 0.053711
0 0.666992 0.835449 0.025391 0.090820
0 0.651367 0.829590 0.023438 0.086914
0 0.022949 0.522949 0.045898 0.041992
0 0.931641 0.428223 0.050781 0.094727
0 0.277344 0.626953 0.068359 0.046875
0 0.895508 0.042480 0.058594 0.036133
0 0.982910 0.574219 0.030273 0.044922
0 0.566406 0.289062 0.037109 0.029297
0 0.964844 0.349609 0.056641 0.031250
0 0.656738 0.119141 0.045898 0.066406
0 0.266602 0.475098 0.070312 0.149414
0 0.764160 0.458984 0.024414 0.082031
0 0.304199 0.550293 0.059570 0.051758
0 0.543457 0.577148 0.161133 0.126953
0 0.351562 0.013672 0.046875 0.027344
