0 0.017090 0.458008 0.034180 0.080078
0 0.017578 0.574707 0.035156 0.094727
0 0.386230 0.761230 0.069336 0.098633
0 0.042480 0.084473 0.061523 0.102539
0 0.606934 0.067871 0.051758 0.120117
0 0.780273 0.944336 0.046875 0.105469
0 0.432617 0.050293 0.066406 0.098633
0 0.561035 0.282227 0.075195 0.140625
0 0.336426 0.060547 0.043945 0.091797
0 0.755371 0.562988 0.061523 0.071289
0 0.055176 0.679688 0.040039 0.101562
0 0.463379 0.506836 0.053711 0.076172
0 0.126953 0.490234 0.060547 0.093750
0 0.216797 0.456543 0.042969 0.112305
0 0.210938 0.597168 0.039062 0.077148
0 0.564941 0.860840 0.047852 0.075195
0 0.925781 0.348145 0.033203 0.118164
0 0.173828 0.217773 0.062500 0.080078
0 0.328613 0.739746 0.084961 0.090820
0 0.953613 0.145508 0.028320 0.099609
0 0.062012 0.553223 0.047852 0.073242
0 0.364258 0.839355 0.068359 0.069336
0 0.537109 0.092773 0.042969 0.144531
0 0.886719 0.454590 0.076172 0.120117
0 0.038086 0.841797 0.037109 0.083984
0 0.850098 0.496582 0.063477 0.122070
0 0.717285 0.844727 0.043945 0.082031
0 0.600098 0.212891 0.049805 0.115234
0 0.661133 0.388184 0.109375 0.122070
0 0.037598 0.195312 0.071289 0.093750
0 0.543945 0.726562 0.054688 0.076172
0 0.250977 0.326660 0.136719 0.110352
0 0.393066 0.474121 0.040039 0.098633
0 0.815918 0.891602 0.057617 0.082031
0 0.431641 0.442383 0.074219 0.074219
0 0.858398 0.217285 0.083984 0.088867
0 0.309082 0.854492 0.083008 0.050781
0 0.820801 0.872070 0.067383 0.060547
0 0.616211 0.151855 0.054688 0.073242
0 0.168457 0.853516 0.043945 0.062500
0 0.812988 0.051270 0.034180 0.102539
0 0.362793 0.411133 0.028320 0.113281
0 0.582520 0.721191 0.057617 0.157227
0 0.769043 0.367188 0.024414 0.101562
0 0.740723 0.212402 0.026367 0.168945
0 0.197266 0.110352 0.068359 0.095703
0 0.939453 0.037109 0.048828 0.074219
0 0.339355 0.411133 0.026367 0.083984
0 0.437988 0.785645 0.036133 0.112305
0 0.227051 0.532715 0.073242 0.045898
0 0.771484 0.028320 0.042969 0.056641
0 0.919922 0.806152 0.025391 0.090820
0 0.336426 0.196777 0.049805 0.084961
0 0.907227 0.072266 0.072266 0.136719
0 0.835449 0.817383 0.063477 0.056641
0 0.202148 0.066895 0.085938 0.071289
0 0.514648 0.894043 0.025391 0.069336
0 0.628906 0.425293 0.027344 0.127930
0 0.620605 0.730957 0.053711 0.110352
0 0.637207 0.650391 0.028320 0.123047
0 0.770996 0.833008 0.065430 0.066406
0 0.294434 0.113770 0.032227 0.131836
0 0.654785 0.744629 0.094727 0.120117
0 0.082520 0.247559 0.040039 0.067383
0 0.410645 0.210449 0.051758 0.112305
0 0.205566 0.034180 0.030273 0.068359
0 0.145020 0.919922 0.055664 0.068359
0 0.561523 0.250977 0.078125 0.097656
0 0.015137 0.230469 0.030273 0.134766
0 0.272949 0.091309 0.045898 0.065430
0 0.121094 0.886719 0.042969 0.083984
0 0.082520 0.497559 0.051758 0.049805
0 0.244141 0.116211 0.085938 0.070312
0 0.467773 0.892578 0.044922 0.054688
0 0.254883 0.527832 0.044922 0.055664
0 0.704590 0.293457 0.032227 0.057617
0 0.816895 0.042480 0.032227 0.059570
0 0.474121 0.850098 0.043945 0.043945
