0 0.030762 0.875488 0.061523 0.057617
0 0.011230 0.177246 0.022461 0.145508
0 0.063965 0.080078 0.069336 0.066406
0 0.066895 0.241211 0.065430 0.060547
0 0.168457 0.133301 0.079102 0.145508
0 0.270020 0.051758 0.073242 0.087891
0 0.348145 0.088379 0.106445 0.090820
0 0.465820 0.199219 0.089844 0.080078
0 0.187012 0.024902 0.092773 0.049805
0 0.599609 0.278320 0.089844 0.097656
0 0.684082 0.149414 0.057617 0.042969
0 0.719727 0.039551 0.085938 0.071289
0 0.478516 0.326660 0.058594 0.069336
0 0.335449 0.414062 0.084961 0.052734
0 0.276855 0.486816 0.057617 0.049805
0 0.312500 0.530273 0.154297 0.152344
0 0.465332 0.474609 0.098633 0.117188
0 0.538574 0.439453 0.047852 0.052734
0 0.623047 0.451172 0.083984 0.087891
0 0.491699 0.574219 0.094727 0.087891
0 0.557129 0.673340 0.081055 0.083008
0 0.728516 0.788574 0.050781 0.065430
0 0.888672 0.839355 0.115234 0.053711
0 0.821777 0.663086 0.059570 0.093750
0 0.891602 0.605957 0.060547 0.088867
0 0.812988 0.484375 0.096680 0.115234
0 0.795410 0.555664 0.053711 0.117188
0 0.941895 0.437012 0.116211 0.086914
0 0.790527 0.381836 0.069336 0.089844
0 0.741211 0.282715 0.052734 0.104492
0 0.931641 0.173828 0.074219 0.107422
0 0.904785 0.028809 0.061523 0.057617
0 0.984863 0.119141 0.030273 0.062500
0 0.052734 0.368652 0.070312 0.055664
0 0.589355 0.686523 0.065430 0.193359
0 0.615234 0.831543 0.111328 0.153320
