0 0.619629 0.229004 0.053711 0.092773
0 0.398438 0.915527 0.080078 0.075195
0 0.432129 0.064941 0.059570 0.083008
0 0.281738 0.801270 0.094727 0.051758
0 0.769043 0.369629 0.061523 0.081055
0 0.444336 0.708496 0.080078 0.075195
0 0.663574 0.346191 0.040039 0.077148
0 0.040527 0.722168 0.081055 0.077148
0 0.458984 0.231445 0.107422 0.136719
0 0.298340 0.365234 0.061523 0.076172
0 0.016602 0.243652 0.033203 0.069336
0 0.796875 0.969727 0.115234 0.058594
0 0.187500 0.433594 0.074219 0.048828
0 0.084961 0.312500 0.050781 0.087891
0 0.690234 0.865088 0.039453 0.092090
0 0.183594 0.096191 0.044922 0.094727
0 0.976074 0.242676 0.041992 0.131836
0 0.171387 0.527344 0.077148 0.072266
0 0.827148 0.237305 0.050781 0.099609
0 0.675781 0.957031 0.056641 0.054688
0 0.197266 0.271484 0.039062 0.066406
0 0.032227 0.204102 0.064453 0.078125
0 0.135742 0.953613 0.044922 0.073242
0 0.568848 0.365723 0.040039 0.088867
0 0.238281 0.046875 0.078125 0.066406
0 0.168701 0.831104 0.146777 0.070020
0 0.051758 0.597656 0.103516 0.078125
0 0.124512 0.627441 0.032227 0.135742
0 0.687500 0.426270 0.031250 0.084961
0 0.477930 0.465576 0.094922 0.044629
0 0.788574 0.082031 0.077148 0.052734
0 0.428223 0.402832 0.041992 0.108398
0 0.083496 0.704590 0.055664 0.055664
0 0.248047 0.105469 0.039062 0.062500
0 0.385742 0.678223 0.039062 0.083008
0 0.274902 0.975586 0.041992 0.048828
0 0.014160 0.772949 0.028320 0.063477
0 0.182617 0.963867 0.078125 0.072266
0 0.415039 0.434082 0.048828 0.077148
0 0.880371 0.140625 0.036133 0.064453
0 0.533691 0.118164 0.049805 0.080078
0 0.848633 0.071777 0.044922 0.069336
0 0.511719 0.944824 0.044922 0.079102
0 0.256836 0.435547 0.037109 0.074219
0 0.140137 0.033691 0.073242 0.067383
0 0.339355 0.737305 0.045898 0.062500
0 0.951660 0.551758 0.053711 0.042969
0 0.011230 0.979004 0.022461 0.041992
0 0.049316 0.345215 0.043945 0.077148
0 0.755859 0.193848 0.033203 0.057617
0 0.037109 0.947754 0.074219 0.055664
0 0.329736 0.875635 0.059277 0.076855
0 0.036621 0.313477 0.073242 0.046875
0 0.837402 0.787598 0.059570 0.071289
0 0.530762 0.912598 0.065430 0.043945
0 0.383301 0.214844 0.094727 0.027344
0 0.979980 0.786133 0.030273 0.056641
0 0.476562 0.868652 0.054688 0.055664
0 0.778809 0.763672 0.041992 0.064453
0 0.899902 0.022949 0.028320 0.045898
0 0.325684 0.360840 0.038086 0.053711
0 0.344727 0.682129 0.050781 0.041992
0 0.532715 0.294434 0.053711 0.038086
0 0.823242 0.451660 0.037109 0.053711
0 0.663574 0.152344 0.038086 0.060547
0 0.038623 0.428076 0.072949 0.043262
0 0.294922 0.072266 0.056641 0.050781
0 0.494141 0.687500 0.037109 0.083984
0 0.394043 0.582031 0.047852 0.056641
0 0.639648 0.464844 0.029297 0.056641
0 0.550293 0.154785 0.047852 0.034180
0 0.419922 0.882324 0.050781 0.061523
0 0.733398 0.490234 0.031250 0.050781
0 0.731445 0.600586 0.041016 0.042969
