0 0.490723 0.270996 0.112305 0.092773
0 0.473145 0.589355 0.124023 0.106445
0 0.720215 0.556152 0.108398 0.102539
0 0.630859 0.412109 0.091797 0.054688
0 0.787109 0.159668 0.125000 0.100586
0 0.609375 0.324707 0.080078 0.084961
0 0.938965 0.502930 0.057617 0.066406
0 0.343262 0.319336 0.059570 0.058594
0 0.503418 0.155762 0.122070 0.073242
0 0.506836 0.098633 0.080078 0.062500
0 0.520996 0.918457 0.083008 0.086914
0 0.651855 0.198242 0.065430 0.136719
0 0.391113 0.077148 0.137695 0.060547
0 0.533203 0.868652 0.062500 0.057617
0 0.592773 0.916504 0.095703 0.036133
0 0.396973 0.129395 0.100586 0.100586
0 0.948242 0.043457 0.087891 0.083008
0 0.806152 0.048340 0.057617 0.092773
0 0.570312 0.033203 0.068359 0.062500
0 0.682129 0.256836 0.055664 0.070312
0 0.951660 0.226074 0.049805 0.051758
