0 0.006348 0.300293 0.012695 0.051758
0 0.042969 0.342773 0.085938 0.064453
0 0.009277 0.417480 0.018555 0.114258
0 0.205566 0.403320 0.092773 0.099609
0 0.191895 0.043945 0.180664 0.083984
0 0.548340 0.148438 0.143555 0.093750
0 0.558105 0.034180 0.067383 0.068359
0 0.365723 0.297363 0.110352 0.104492
0 0.431152 0.360840 0.075195 0.081055
0 0.606445 0.377441 0.082031 0.094727
0 0.505371 0.436035 0.081055 0.114258
0 0.639160 0.475098 0.106445 0.083008
0 0.349609 0.459473 0.095703 0.092773
0 0.258301 0.530273 0.094727 0.095703
0 0.817871 0.387207 0.153320 0.143555
0 0.623535 0.583984 0.155273 0.111328
0 0.499512 0.684082 0.137695 0.104492
0 0.352539 0.673828 0.109375 0.121094
0 0.021973 0.699707 0.043945 0.069336
0 0.390137 0.878418 0.104492 0.065430
0 0.172363 0.925781 0.081055 0.093750
0 0.097168 0.803223 0.063477 0.088867
0 0.495117 0.821777 0.123047 0.083008
0 0.668945 0.885254 0.087891 0.166992
0 0.752441 0.748535 0.075195 0.086914
0 0.816895 0.676270 0.065430 0.077148
0 0.935059 0.904297 0.108398 0.132812
0 0.958496 0.665527 0.083008 0.090820
0 0.969238 0.472656 0.061523 0.103516
0 0.977539 0.069824 0.044922 0.090820
0 0.915527 0.197754 0.086914 0.053711
0 0.895996 0.257324 0.092773 0.073242
0 0.987793 0.212402 0.024414 0.086914
0 0.042480 0.026855 0.079102 0.053711
0 0.841797 0.363281 0.095703 0.083984
