0 0.848145 0.614746 0.131836 0.165039
0 0.889160 0.018555 0.129883 0.037109
0 0.949707 0.541992 0.100586 0.074219
0 0.526855 0.381836 0.104492 0.105469
0 0.447266 0.449219 0.080078 0.134766
0 0.597656 0.937012 0.150391 0.104492
0 0.579590 0.702148 0.145508 0.115234
0 0.062012 0.289551 0.084961 0.055664
0 0.357422 0.242188 0.115234 0.101562
0 0.379883 0.638672 0.126953 0.099609
0 0.750000 0.302246 0.125000 0.094727
0 0.310547 0.084961 0.091797 0.082031
0 0.771973 0.689453 0.059570 0.054688
0 0.380371 0.167480 0.079102 0.081055
