0 0.649414 0.962402 0.066406 0.075195
0 0.380371 0.917480 0.075195 0.067383
0 0.078613 0.964355 0.069336 0.071289
0 0.027832 0.635742 0.055664 0.062500
0 0.032227 0.688965 0.064453 0.081055
0 0.215820 0.698730 0.091797 0.071289
0 0.212891 0.804688 0.056641 0.076172
0 0.329590 0.787598 0.084961 0.057617
0 0.292969 0.857910 0.080078 0.069336
0 0.363770 0.844238 0.067383 0.055664
0 0.651367 0.833984 0.105469 0.060547
0 0.393555 0.592773 0.080078 0.089844
0 0.329102 0.673340 0.052734 0.063477
0 0.377441 0.700684 0.069336 0.053711
0 0.244141 0.440430 0.064453 0.078125
0 0.035645 0.197266 0.071289 0.093750
0 0.099609 0.233398 0.070312 0.078125
0 0.299316 0.168945 0.063477 0.089844
0 0.399902 0.221191 0.094727 0.059570
0 0.551758 0.267578 0.097656 0.064453
0 0.552246 0.417969 0.090820 0.089844
0 0.585449 0.546387 0.084961 0.086914
0 0.625977 0.579590 0.074219 0.073242
0 0.576660 0.649414 0.075195 0.076172
0 0.704102 0.667480 0.082031 0.084961
0 0.683105 0.750977 0.075195 0.060547
0 0.979004 0.741211 0.041992 0.064453
0 0.825684 0.635742 0.059570 0.072266
0 0.912109 0.658691 0.074219 0.075195
0 0.850586 0.590332 0.052734 0.049805
0 0.870605 0.504395 0.088867 0.055664
0 0.967773 0.479004 0.062500 0.065430
0 0.782227 0.387695 0.101562 0.076172
0 0.762695 0.299805 0.058594 0.058594
0 0.924805 0.334473 0.123047 0.071289
0 0.950195 0.218750 0.099609 0.066406
0 0.728027 0.217773 0.077148 0.091797
0 0.538574 0.050293 0.102539 0.094727
0 0.698730 0.060059 0.071289 0.096680
0 0.770996 0.047852 0.088867 0.089844
0 0.644043 0.918457 0.079102 0.057617
0 0.953125 0.382812 0.074219 0.050781
0 0.012207 0.036133 0.024414 0.072266
