0 0.597656 0.638184 0.074219 0.116211
0 0.687012 0.461914 0.043945 0.083984
0 0.409668 0.115723 0.071289 0.081055
0 0.323242 0.699707 0.044922 0.106445
0 0.438965 0.439941 0.041992 0.102539
0 0.424316 0.700195 0.081055 0.121094
0 0.760742 0.169922 0.058594 0.117188
0 0.482910 0.203613 0.137695 0.059570
0 0.552246 0.813965 0.051758 0.124023
0 0.977539 0.407715 0.044922 0.133789
0 0.681152 0.971680 0.083008 0.056641
0 0.568359 0.777832 0.048828 0.077148
0 0.036621 0.666504 0.073242 0.067383
0 0.498535 0.242188 0.036133 0.072266
0 0.150391 0.036621 0.046875 0.073242
0 0.661621 0.069336 0.075195 0.107422
0 0.071289 0.396973 0.113281 0.098633
0 0.027344 0.490234 0.048828 0.091797
0 0.832520 0.351074 0.102539 0.084961
0 0.442383 0.021484 0.041016 0.042969
0 0.378906 0.280273 0.056641 0.134766
0 0.626465 0.221680 0.053711 0.056641
0 0.266602 0.598145 0.109375 0.063477
0 0.449219 0.870605 0.064453 0.083008
0 0.194824 0.512695 0.055664 0.087891
0 0.843750 0.758301 0.136719 0.127930
0 0.748047 0.977539 0.031250 0.044922
0 0.472656 0.659668 0.082031 0.038086
0 0.595703 0.976562 0.066406 0.046875
0 0.910645 0.581543 0.125977 0.098633
0 0.928711 0.447266 0.039062 0.072266
0 0.816895 0.978027 0.034180 0.043945
0 0.134277 0.362305 0.071289 0.175781
0 0.909668 0.237793 0.073242 0.045898
0 0.672852 0.911133 0.097656 0.058594
0 0.048340 0.409668 0.059570 0.057617
0 0.109375 0.460449 0.029297 0.065430
0 0.174316 0.026367 0.059570 0.052734
0 0.681641 0.557617 0.039062 0.060547
0 0.224609 0.254883 0.039062 0.052734
0 0.480469 0.825195 0.070312 0.041016
0 0.190918 0.569824 0.065430 0.047852
0 0.222168 0.650391 0.139648 0.054688
0 0.170410 0.471680 0.049805 0.119141
0 0.532227 0.394531 0.042969 0.089844
0 0.744629 0.630371 0.047852 0.071289
0 0.466309 0.776855 0.041992 0.059570
0 0.971191 0.021973 0.051758 0.043945
0 0.884766 0.878906 0.031250 0.039062
0 0.311035 0.215332 0.051758 0.059570
0 0.194824 0.233887 0.036133 0.063477
0 0.347656 0.196777 0.044922 0.041992
0 0.897461 0.851074 0.056641 0.083008
0 0.837891 0.824219 0.052734 0.035156
0 0.248047 0.216797 0.064453 0.105469
0 0.349121 0.264160 0.049805 0.036133
0 0.684570 0.455566 0.056641 0.071289
0 0.314941 0.535156 0.043945 0.083984
0 0.378906 0.466797 0.082031 0.085938
0 0.420410 0.561523 0.036133 0.144531
0 0.875977 0.910156 0.056641 0.029297
0 0.948730 0.888672 0.084961 0.042969
0 0.981934 0.213867 0.036133 0.041016
