0 0.018555 0.365234 0.037109 0.068359
0 0.042480 0.543457 0.084961 0.157227
0 0.071289 0.645508 0.095703 0.064453
0 0.055176 0.846191 0.057617 0.098633
0 0.040527 0.027344 0.081055 0.054688
0 0.557617 0.027344 0.091797 0.054688
0 0.698242 0.154785 0.087891 0.096680
0 0.578125 0.270996 0.085938 0.110352
0 0.399902 0.275879 0.161133 0.073242
0 0.322266 0.232910 0.128906 0.084961
0 0.170410 0.239746 0.094727 0.081055
0 0.158203 0.374023 0.125000 0.105469
0 0.282715 0.324219 0.096680 0.101562
0 0.357422 0.458008 0.072266 0.091797
0 0.267090 0.424316 0.083008 0.075195
0 0.122559 0.545410 0.122070 0.159180
0 0.274902 0.549316 0.088867 0.067383
0 0.352051 0.563477 0.094727 0.107422
0 0.437500 0.499512 0.111328 0.188477
0 0.525879 0.537598 0.061523 0.116211
0 0.604004 0.622559 0.069336 0.084961
0 0.691895 0.597656 0.084961 0.115234
0 0.737793 0.470703 0.084961 0.089844
0 0.963379 0.416992 0.073242 0.076172
0 0.846191 0.598633 0.084961 0.080078
0 0.786621 0.731934 0.118164 0.157227
0 0.911621 0.729004 0.143555 0.198242
0 0.438477 0.665039 0.113281 0.097656
0 0.288574 0.630371 0.084961 0.075195
0 0.283203 0.703613 0.095703 0.114258
0 0.168457 0.751465 0.098633 0.112305
0 0.234863 0.770020 0.170898 0.155273
0 0.379883 0.820312 0.107422 0.132812
0 0.195312 0.950684 0.085938 0.098633
0 0.301758 0.967773 0.085938 0.064453
0 0.314453 0.897949 0.091797 0.069336
0 0.789062 0.970215 0.076172 0.059570
