0 0.102539 0.599121 0.205078 0.073242
0 0.048828 0.629395 0.082031 0.170898
0 0.040527 0.836426 0.053711 0.065430
0 0.101074 0.918457 0.067383 0.065430
0 0.397461 0.829102 0.068359 0.062500
0 0.190430 0.836914 0.080078 0.089844
0 0.195801 0.759766 0.063477 0.083984
0 0.251953 0.757812 0.109375 0.121094
0 0.272949 0.696777 0.106445 0.063477
0 0.400391 0.640625 0.115234 0.144531
0 0.653809 0.693848 0.083008 0.073242
0 0.681152 0.750000 0.163086 0.126953
0 0.612793 0.894043 0.073242 0.129883
0 0.673340 0.872070 0.057617 0.148438
0 0.797363 0.705078 0.094727 0.101562
0 0.859863 0.794434 0.075195 0.061523
0 0.869141 0.618652 0.085938 0.083008
0 0.771484 0.529297 0.062500 0.125000
0 0.593262 0.438965 0.112305 0.098633
0 0.216309 0.474121 0.081055 0.073242
0 0.504883 0.415527 0.126953 0.141602
0 0.294434 0.279785 0.084961 0.098633
0 0.104980 0.100098 0.100586 0.108398
0 0.140137 0.145508 0.250977 0.158203
0 0.140137 0.221680 0.168945 0.171875
0 0.454590 0.171387 0.186523 0.342773
0 0.555664 0.226562 0.066406 0.105469
0 0.963867 0.256348 0.072266 0.116211
0 0.932129 0.349609 0.135742 0.119141
0 0.870117 0.419922 0.083984 0.085938
0 0.755859 0.361816 0.089844 0.094727
0 0.886230 0.966309 0.139648 0.067383
0 0.620117 0.288086 0.072266 0.072266
0 0.308105 0.166992 0.137695 0.232422
0 0.719238 0.574219 0.092773 0.083984
0 0.062012 0.794434 0.047852 0.069336
0 0.317383 0.429688 0.062500 0.062500
0 0.647949 0.438477 0.073242 0.064453
0 0.458496 0.398438 0.069336 0.125000
0 0.016602 0.820801 0.033203 0.061523
0 0.022461 0.341309 0.044922 0.106445
0 0.115723 0.454590 0.067383 0.075195
