0 0.216309 0.029785 0.077148 0.059570
0 0.109375 0.125488 0.072266 0.077148
0 0.229980 0.111328 0.053711 0.074219
0 0.284668 0.123535 0.063477 0.084961
0 0.290527 0.275391 0.086914 0.070312
0 0.320312 0.333984 0.082031 0.058594
0 0.030762 0.376465 0.055664 0.063477
0 0.088867 0.439453 0.093750 0.078125
0 0.224609 0.493652 0.058594 0.077148
0 0.455078 0.427734 0.125000 0.056641
0 0.513184 0.368164 0.104492 0.056641
0 0.551270 0.267578 0.083008 0.056641
0 0.533691 0.203613 0.077148 0.053711
0 0.388184 0.607910 0.067383 0.063477
0 0.205078 0.764648 0.095703 0.062500
0 0.025879 0.852539 0.049805 0.123047
0 0.064453 0.846191 0.062500 0.073242
0 0.083496 0.955078 0.096680 0.062500
0 0.153809 0.958984 0.057617 0.072266
0 0.627930 0.974609 0.083984 0.050781
0 0.732422 0.960938 0.052734 0.078125
0 0.788086 0.944336 0.068359 0.066406
0 0.908203 0.946777 0.058594 0.059570
0 0.972168 0.909668 0.055664 0.079102
0 0.618164 0.862305 0.095703 0.060547
0 0.644531 0.790039 0.105469 0.072266
0 0.428711 0.768066 0.085938 0.051758
0 0.481445 0.808594 0.078125 0.039062
0 0.518555 0.766602 0.089844 0.062500
0 0.631348 0.710449 0.131836 0.059570
0 0.673340 0.686523 0.071289 0.060547
0 0.959473 0.842773 0.073242 0.066406
0 0.981934 0.788086 0.036133 0.066406
0 0.854980 0.588379 0.061523 0.057617
0 0.718750 0.598145 0.080078 0.114258
0 0.885254 0.536621 0.079102 0.059570
0 0.985840 0.515137 0.028320 0.098633
0 0.721680 0.448242 0.072266 0.056641
0 0.753906 0.405762 0.052734 0.040039
0 0.734863 0.324707 0.069336 0.075195
0 0.853027 0.397949 0.075195 0.065430
0 0.928223 0.415039 0.053711 0.064453
0 0.889160 0.199219 0.075195 0.070312
0 0.805664 0.223633 0.058594 0.068359
0 0.817383 0.016113 0.068359 0.032227
0 0.685059 0.023926 0.057617 0.047852
0 0.574219 0.037109 0.099609 0.074219
0 0.513672 0.032715 0.062500 0.065430
0 0.612305 0.757324 0.082031 0.077148
