0 0.795898 0.847168 0.087891 0.139648
0 0.698730 0.780762 0.102539 0.127930
0 0.252930 0.096680 0.117188 0.140625
0 0.348145 0.506348 0.120117 0.127930
0 0.451660 0.292480 0.102539 0.118164
0 0.398438 0.875977 0.105469 0.140625
0 0.735352 0.166504 0.142578 0.077148
0 0.655762 0.238770 0.102539 0.102539
0 0.261719 0.241211 0.107422 0.078125
0 0.892090 0.470703 0.104492 0.087891
0 0.143555 0.443359 0.070312 0.062500
0 0.574707 0.327148 0.084961 0.087891
0 0.556641 0.138184 0.089844 0.077148
0 0.886719 0.303223 0.099609 0.090820
0 0.564453 0.708496 0.105469 0.092773
0 0.342285 0.629883 0.174805 0.125000
0 0.806641 0.354980 0.097656 0.086914
0 0.422363 0.709473 0.165039 0.145508
0 0.085449 0.629395 0.137695 0.129883
0 0.473145 0.039551 0.131836 0.079102
0 0.477051 0.957520 0.112305 0.084961
0 0.811035 0.595703 0.067383 0.072266
0 0.384277 0.031250 0.094727 0.062500
0 0.088379 0.963379 0.083008 0.073242
0 0.024414 0.429688 0.044922 0.140625
0 0.048340 0.215820 0.092773 0.123047
