0 0.020996 0.680664 0.041992 0.132812
0 0.504395 0.513184 0.120117 0.112305
0 0.040039 0.463379 0.080078 0.268555
0 0.400391 0.662598 0.111328 0.161133
0 0.183594 0.402344 0.097656 0.134766
0 0.731934 0.971191 0.110352 0.057617
0 0.291992 0.882324 0.095703 0.084961
0 0.359375 0.445801 0.160156 0.192383
0 0.689453 0.490723 0.087891 0.100586
0 0.786133 0.062988 0.123047 0.122070
0 0.925781 0.572266 0.148438 0.240234
0 0.222168 0.699219 0.174805 0.214844
0 0.161621 0.939941 0.120117 0.120117
0 0.184570 0.052734 0.121094 0.095703
0 0.929688 0.351074 0.140625 0.186523
0 0.942383 0.090332 0.115234 0.176758
0 0.793457 0.883301 0.157227 0.137695
0 0.111816 0.283203 0.084961 0.097656
0 0.893066 0.742188 0.088867 0.093750
0 0.156250 0.483398 0.062500 0.082031
0 0.894531 0.910645 0.210938 0.122070
0 0.328125 0.690918 0.082031 0.102539
0 0.972656 0.598145 0.054688 0.081055
0 0.119629 0.356445 0.071289 0.080078
0 0.026855 0.960938 0.053711 0.066406
