0 0.209473 0.019531 0.061523 0.039062
0 0.562012 0.005859 0.051758 0.011719
0 0.181152 0.146973 0.061523 0.061523
0 0.119141 0.171387 0.054688 0.038086
0 0.118652 0.219238 0.075195 0.047852
0 0.305664 0.343262 0.072266 0.065430
0 0.505371 0.289062 0.092773 0.070312
0 0.434082 0.274902 0.081055 0.053711
0 0.550781 0.225098 0.087891 0.065430
0 0.581055 0.159180 0.068359 0.083984
0 0.741211 0.124023 0.083984 0.056641
0 0.866699 0.136230 0.090820 0.071289
0 0.907227 0.188965 0.103516 0.067383
0 0.846680 0.976074 0.068359 0.047852
0 0.874023 0.036621 0.062500 0.059570
0 0.768066 0.022461 0.079102 0.044922
0 0.216309 0.424805 0.098633 0.054688
0 0.155762 0.508301 0.079102 0.055664
0 0.208008 0.560059 0.080078 0.053711
0 0.209473 0.732910 0.075195 0.131836
0 0.131348 0.756348 0.065430 0.122070
0 0.026855 0.610840 0.053711 0.067383
0 0.114746 0.607910 0.063477 0.055664
0 0.291504 0.719238 0.053711 0.120117
0 0.457520 0.603027 0.127930 0.135742
0 0.532715 0.434082 0.083008 0.067383
0 0.683594 0.357910 0.054688 0.057617
0 0.696289 0.415527 0.072266 0.059570
0 0.707520 0.489746 0.094727 0.106445
0 0.926758 0.575684 0.117188 0.129883
0 0.916504 0.486328 0.073242 0.076172
0 0.612305 0.685547 0.074219 0.080078
0 0.459961 0.834473 0.072266 0.116211
0 0.479004 0.919434 0.106445 0.073242
0 0.679199 0.774414 0.047852 0.068359
0 0.739258 0.770508 0.054688 0.066406
0 0.828613 0.750000 0.059570 0.070312
0 0.915527 0.777344 0.071289 0.087891
0 0.956543 0.700195 0.086914 0.082031
0 0.882812 0.886719 0.064453 0.085938
0 0.823242 0.879883 0.062500 0.091797
0 0.979492 0.893066 0.041016 0.071289
0 0.981934 0.813965 0.036133 0.073242
0 0.615234 0.859863 0.058594 0.055664
0 0.602051 0.814941 0.059570 0.053711
0 0.640137 0.788574 0.047852 0.059570
0 0.633789 0.977051 0.066406 0.045898
0 0.353027 0.951172 0.084961 0.074219
0 0.282227 0.952637 0.056641 0.094727
0 0.250488 0.895508 0.081055 0.115234
0 0.146973 0.893555 0.067383 0.111328
0 0.060059 0.868164 0.063477 0.095703
0 0.046387 0.762695 0.057617 0.080078
0 0.004883 0.992676 0.009766 0.014648
0 0.186523 0.969238 0.058594 0.061523
0 0.045410 0.307617 0.045898 0.052734
0 0.057129 0.961914 0.049805 0.062500
0 0.343262 0.742188 0.041992 0.044922
0 0.454590 0.692383 0.067383 0.054688
0 0.485352 0.457520 0.074219 0.059570
0 0.563477 0.023926 0.076172 0.047852
0 0.233887 0.044434 0.041992 0.067383
0 0.700195 0.864746 0.041016 0.053711
