0 0.446289 0.112793 0.074219 0.096680
0 0.723633 0.716797 0.082031 0.072266
0 0.773926 0.676270 0.067383 0.102539
0 0.232910 0.380371 0.100586 0.073242
0 0.305176 0.487793 0.112305 0.043945
0 0.980957 0.206543 0.038086 0.081055
0 0.749512 0.517090 0.071289 0.065430
0 0.756348 0.276855 0.088867 0.047852
0 0.073730 0.405273 0.124023 0.054688
0 0.138672 0.080078 0.105469 0.068359
0 0.581055 0.240234 0.109375 0.062500
0 0.702637 0.023926 0.086914 0.047852
0 0.606445 0.603027 0.105469 0.051758
0 0.973633 0.494629 0.052734 0.059570
0 0.514160 0.034668 0.088867 0.040039
0 0.469092 0.281787 0.104199 0.055762
0 0.960449 0.037598 0.079102 0.036133
0 0.718262 0.150879 0.120117 0.088867
0 0.581543 0.128906 0.075195 0.056641
0 0.207520 0.252441 0.075195 0.047852
0 0.288086 0.340820 0.068359 0.060547
0 0.162109 0.964844 0.146484 0.048828
0 0.715332 0.103516 0.098633 0.048828
0 0.785645 0.641113 0.084961 0.047852
0 0.378906 0.605469 0.076172 0.035156
0 0.318848 0.796387 0.098633 0.077148
0 0.339355 0.032715 0.047852 0.063477
0 0.901855 0.204590 0.102539 0.083008
0 0.054688 0.843750 0.105469 0.042969
0 0.325684 0.861328 0.100586 0.041016
0 0.629883 0.126953 0.025391 0.089844
0 0.215820 0.796875 0.080078 0.027344
0 0.965332 0.976074 0.069336 0.043945
0 0.031738 0.102051 0.063477 0.032227
0 0.088379 0.340332 0.124023 0.059570
0 0.951172 0.356445 0.062500 0.039062
0 0.070020 0.920117 0.112305 0.041016
0 0.636230 0.720215 0.084961 0.028320
0 0.556152 0.377930 0.034180 0.095703
0 0.194336 0.287598 0.101562 0.051758
0 0.650879 0.780273 0.073242 0.033203
0 0.388184 0.921387 0.137695 0.038086
0 0.716797 0.827148 0.060547 0.037109
0 0.175781 0.406738 0.087891 0.081055
0 0.068848 0.612305 0.137695 0.082031
0 0.525391 0.700195 0.062500 0.039062
0 0.106445 0.088867 0.087891 0.058594
0 0.134277 0.295410 0.084961 0.034180
0 0.110352 0.559082 0.095703 0.043945
0 0.569336 0.869629 0.046875 0.118164
0 0.891602 0.907715 0.074219 0.026367
0 0.057617 0.760254 0.091797 0.094727
0 0.587402 0.317383 0.041992 0.083984
0 0.308594 0.210449 0.064453 0.061523
0 0.356445 0.091309 0.089844 0.141602
0 0.096191 0.710938 0.153320 0.037109
0 0.980469 0.713867 0.039062 0.029297
0 0.538574 0.457520 0.057617 0.024414
0 0.982422 0.597656 0.035156 0.070312
0 0.889648 0.391602 0.148438 0.035156
0 0.891113 0.452148 0.059570 0.027344
0 0.208984 0.870117 0.144531 0.042969
0 0.523926 0.538086 0.069336 0.070312
0 0.269531 0.717285 0.128906 0.040039
0 0.635742 0.912598 0.048828 0.030273
0 0.258789 0.991699 0.041016 0.016602
0 0.698242 0.987793 0.085938 0.024414
0 0.933105 0.431641 0.073242 0.042969
0 0.419922 0.835449 0.078125 0.032227
0 0.783691 0.992188 0.073242 0.015625
0 0.929688 0.580566 0.066406 0.032227
0 0.716309 0.098633 0.102539 0.076172
0 0.894043 0.519531 0.055664 0.019531
0 0.421387 0.238770 0.043945 0.038086
0 0.800781 0.935059 0.117188 0.051758
0 0.698242 0.643555 0.066406 0.052734
0 0.515625 0.115234 0.058594 0.044922
0 0.035645 0.813477 0.071289 0.037109
0 0.152344 0.256348 0.072266 0.036133
