0 0.233887 0.394531 0.075195 0.152344
0 0.736328 0.117676 0.083984 0.100586
0 0.248535 0.660156 0.071289 0.119141
0 0.399902 0.075684 0.122070 0.151367
0 0.023438 0.877441 0.046875 0.143555
0 0.230469 0.219238 0.093750 0.182617
0 0.782715 0.738281 0.143555 0.080078
0 0.880859 0.241211 0.091797 0.078125
0 0.812012 0.947266 0.204102 0.105469
0 0.548340 0.074707 0.120117 0.104492
0 0.087402 0.972168 0.090820 0.055664
0 0.723633 0.682617 0.109375 0.078125
0 0.448242 0.120117 0.105469 0.119141
0 0.308105 0.727051 0.055664 0.112305
0 0.099609 0.318848 0.109375 0.172852
0 0.960449 0.757812 0.079102 0.109375
0 0.071289 0.502441 0.142578 0.225586
0 0.535156 0.480957 0.087891 0.194336
0 0.443848 0.447754 0.073242 0.166992
0 0.650879 0.264160 0.071289 0.073242
0 0.337402 0.283691 0.065430 0.127930
0 0.646973 0.158203 0.084961 0.173828
0 0.775391 0.294434 0.083984 0.131836
0 0.046387 0.617676 0.092773 0.112305
0 0.812500 0.812988 0.185547 0.118164
0 0.974121 0.324219 0.051758 0.083984
0 0.063965 0.056152 0.084961 0.110352
0 0.117188 0.897461 0.123047 0.089844
0 0.302246 0.791992 0.071289 0.066406
0 0.316895 0.650391 0.057617 0.070312
0 0.034180 0.227051 0.068359 0.206055
0 0.409180 0.313477 0.074219 0.105469
0 0.328613 0.398926 0.075195 0.077148
0 0.540039 0.127441 0.054688 0.127930
0 0.562500 0.204590 0.068359 0.112305
