0 0.249023 0.229980 0.121094 0.071289
0 0.115234 0.567871 0.109375 0.069336
0 0.600586 0.038086 0.087891 0.072266
0 0.775391 0.478027 0.101562 0.047852
0 0.315430 0.065430 0.140625 0.062500
0 0.680176 0.766113 0.108398 0.063477
0 0.507324 0.890137 0.135742 0.084961
0 0.053711 0.379883 0.107422 0.054688
0 0.470215 0.211914 0.125977 0.050781
0 0.851074 0.611816 0.110352 0.040039
0 0.836914 0.292480 0.121094 0.075195
0 0.681152 0.686523 0.118164 0.039062
0 0.138672 0.234375 0.097656 0.074219
0 0.547363 0.577637 0.120117 0.038086
0 0.579102 0.388184 0.117188 0.061523
0 0.564941 0.220215 0.092773 0.102539
0 0.210938 0.048828 0.097656 0.048828
0 0.350586 0.956055 0.113281 0.046875
0 0.558105 0.280273 0.090820 0.048828
0 0.297363 0.876465 0.122070 0.043945
0 0.705078 0.018066 0.093750 0.036133
0 0.716309 0.562012 0.108398 0.032227
0 0.213379 0.080078 0.083008 0.054688
0 0.518066 0.632324 0.102539 0.034180
0 0.470703 0.538574 0.085938 0.036133
0 0.461426 0.463379 0.094727 0.036133
0 0.894531 0.272949 0.160156 0.071289
0 0.958008 0.117188 0.083984 0.044922
0 0.072754 0.275879 0.145508 0.055664
0 0.662598 0.291992 0.145508 0.046875
0 0.892090 0.091309 0.071289 0.049805
0 0.066406 0.855469 0.125000 0.037109
0 0.293457 0.736328 0.100586 0.037109
0 0.516602 0.135742 0.160156 0.087891
0 0.308105 0.013672 0.063477 0.027344
0 0.802246 0.566406 0.084961 0.029297
0 0.201660 0.833008 0.084961 0.021484
0 0.807617 0.990234 0.072266 0.019531
0 0.933594 0.395996 0.128906 0.094727
0 0.662109 0.091797 0.164062 0.042969
0 0.519043 0.328125 0.108398 0.060547
0 0.963867 0.749023 0.072266 0.023438
0 0.056641 0.766602 0.113281 0.031250
0 0.891602 0.685547 0.130859 0.039062
0 0.282227 0.640137 0.107422 0.036133
0 0.851562 0.057617 0.066406 0.019531
0 0.488281 0.730957 0.123047 0.034180
0 0.507812 0.601562 0.136719 0.027344
0 0.333008 0.694336 0.125000 0.037109
0 0.720703 0.652344 0.087891 0.029297
0 0.944336 0.718262 0.111328 0.034180
0 0.059570 0.993164 0.082031 0.013672
0 0.589844 0.877930 0.119141 0.044922
0 0.951172 0.012695 0.060547 0.025391
0 0.140625 0.488281 0.103516 0.025391
0 0.326660 0.410645 0.143555 0.026367
0 0.225098 0.666992 0.120117 0.039062
0 0.539062 0.662598 0.117188 0.032227
0 0.887207 0.850586 0.088867 0.025391
0 0.701660 0.947754 0.063477 0.026367
0 0.191406 0.402344 0.099609 0.025391
0 0.782715 0.939453 0.110352 0.042969
0 0.805176 0.301758 0.057617 0.023438
0 0.016113 0.906738 0.030273 0.022461
0 0.208008 0.620117 0.113281 0.029297
0 0.291504 0.983398 0.182617 0.033203
0 0.369629 0.457520 0.112305 0.053711
0 0.227051 0.454590 0.168945 0.045898
0 0.169922 0.354004 0.105469 0.040039
0 0.266602 0.366699 0.103516 0.038086
0 0.370605 0.365723 0.102539 0.036133
0 0.412109 0.293945 0.111328 0.066406
