0 0.100098 0.737793 0.094727 0.145508
0 0.313477 0.830566 0.173828 0.131836
0 0.100586 0.533691 0.169922 0.090820
0 0.182617 0.494629 0.115234 0.104492
0 0.040527 0.403809 0.081055 0.092773
0 0.053711 0.045410 0.107422 0.090820
0 0.075195 0.163574 0.062500 0.071289
0 0.030273 0.214355 0.060547 0.100586
0 0.340332 0.318848 0.102539 0.088867
0 0.391113 0.454102 0.094727 0.082031
0 0.486816 0.349121 0.077148 0.094727
0 0.675293 0.271484 0.100586 0.070312
0 0.707520 0.365723 0.102539 0.086914
0 0.834961 0.353516 0.089844 0.087891
0 0.557617 0.642578 0.099609 0.099609
0 0.958984 0.258789 0.082031 0.109375
0 0.719727 0.071777 0.089844 0.075195
0 0.565918 0.037109 0.065430 0.074219
0 0.493652 0.073730 0.049805 0.084961
0 0.389648 0.052734 0.064453 0.074219
0 0.794922 0.951172 0.060547 0.080078
0 0.843262 0.982422 0.065430 0.035156
0 0.012207 0.843262 0.024414 0.073242
