0 0.669922 0.016113 0.052734 0.032227
0 0.390625 0.585449 0.140625 0.075195
0 0.659668 0.363281 0.200195 0.347656
0 0.961426 0.583496 0.077148 0.084961
0 0.969238 0.321289 0.057617 0.183594
0 0.556641 0.873535 0.140625 0.094727
0 0.977539 0.483398 0.044922 0.080078
0 0.091309 0.945312 0.090820 0.109375
0 0.203613 0.281250 0.120117 0.193359
0 0.520020 0.834961 0.219727 0.083984
0 0.616211 0.127930 0.103516 0.146484
0 0.634766 0.743652 0.107422 0.110352
0 0.684082 0.751953 0.104492 0.087891
0 0.897461 0.744141 0.068359 0.146484
0 0.841797 0.672363 0.097656 0.129883
0 0.731445 0.690918 0.218750 0.129883
0 0.792480 0.305176 0.098633 0.077148
0 0.823242 0.378418 0.052734 0.278320
0 0.744629 0.367188 0.215820 0.376953
