0 0.968262 0.047363 0.061523 0.075195
0 0.948730 0.440918 0.067383 0.096680
0 0.069824 0.655762 0.090820 0.067383
0 0.789551 0.313965 0.075195 0.090820
0 0.760254 0.202148 0.094727 0.072266
0 0.363281 0.946289 0.144531 0.066406
0 0.974609 0.261230 0.050781 0.094727
0 0.974121 0.543457 0.049805 0.065430
0 0.373535 0.264160 0.114258 0.059570
0 0.706543 0.750000 0.125977 0.052734
0 0.990234 0.464844 0.019531 0.058594
0 0.835938 0.099609 0.101562 0.091797
0 0.177246 0.180176 0.110352 0.065430
0 0.097656 0.720215 0.076172 0.063477
0 0.665039 0.768066 0.101562 0.047852
0 0.219727 0.666504 0.107422 0.059570
0 0.717285 0.416504 0.065430 0.081055
0 0.135254 0.399902 0.137695 0.073242
0 0.423828 0.482422 0.083984 0.037109
0 0.518066 0.346680 0.090820 0.060547
0 0.189941 0.529785 0.059570 0.065430
0 0.654297 0.338379 0.136719 0.092773
0 0.981934 0.717285 0.036133 0.030273
0 0.042969 0.452148 0.085938 0.054688
0 0.902344 0.314453 0.074219 0.058594
0 0.208008 0.065918 0.150391 0.075195
0 0.254395 0.870605 0.124023 0.057617
0 0.316406 0.488770 0.080078 0.045898
0 0.624023 0.437012 0.041016 0.075195
0 0.136230 0.188477 0.100586 0.054688
0 0.065430 0.119629 0.070312 0.045898
0 0.560059 0.983887 0.043945 0.030273
0 0.285156 0.210449 0.111328 0.043945
0 0.187988 0.129395 0.122070 0.077148
0 0.136719 0.910645 0.148438 0.049805
0 0.505859 0.620605 0.091797 0.088867
0 0.828613 0.681641 0.079102 0.056641
0 0.486328 0.852539 0.109375 0.039062
0 0.732422 0.858398 0.056641 0.052734
0 0.656250 0.515137 0.216797 0.047852
0 0.818359 0.435547 0.111328 0.039062
0 0.489258 0.590332 0.171875 0.047852
0 0.737793 0.160156 0.094727 0.041016
0 0.596191 0.933594 0.125977 0.037109
0 0.505371 0.462402 0.071289 0.043945
0 0.968262 0.179199 0.063477 0.036133
0 0.517578 0.182617 0.056641 0.029297
0 0.676270 0.667969 0.061523 0.093750
0 0.229492 0.285156 0.087891 0.048828
0 0.984863 0.761719 0.030273 0.021484
0 0.075195 0.837402 0.101562 0.055664
0 0.767090 0.460449 0.047852 0.051758
0 0.586914 0.479980 0.076172 0.038086
0 0.726074 0.006836 0.036133 0.013672
0 0.806641 0.480469 0.099609 0.097656
0 0.028320 0.733398 0.056641 0.039062
0 0.379395 0.585449 0.081055 0.034180
0 0.856934 0.513672 0.069336 0.105469
0 0.397461 0.222168 0.091797 0.026367
0 0.816406 0.502930 0.066406 0.054688
0 0.096680 0.368652 0.093750 0.047852
0 0.529785 0.507812 0.075195 0.042969
0 0.641602 0.377930 0.080078 0.046875
0 0.885742 0.171387 0.099609 0.106445
0 0.471680 0.549805 0.121094 0.058594
0 0.012695 0.377441 0.025391 0.067383
0 0.335449 0.553711 0.088867 0.035156
0 0.178711 0.697266 0.078125 0.029297
0 0.836426 0.174805 0.108398 0.044922
0 0.205566 0.903320 0.090820 0.066406
0 0.014160 0.555176 0.028320 0.038086
