0 0.603516 0.500977 0.080078 0.107422
0 0.471680 0.044434 0.082031 0.088867
0 0.919434 0.168457 0.090820 0.090820
0 0.674316 0.097656 0.053711 0.111328
0 0.956543 0.783203 0.073242 0.091797
0 0.819336 0.455078 0.050781 0.083984
0 0.188965 0.529785 0.077148 0.081055
0 0.990234 0.801270 0.019531 0.065430
0 0.256348 0.191895 0.159180 0.084961
0 0.150391 0.871094 0.072266 0.062500
0 0.922363 0.795410 0.063477 0.092773
0 0.869141 0.822266 0.083984 0.107422
0 0.390137 0.284180 0.092773 0.107422
0 0.670898 0.175781 0.089844 0.134766
0 0.277344 0.347656 0.105469 0.095703
0 0.283203 0.899902 0.089844 0.063477
0 0.463379 0.686035 0.053711 0.090820
0 0.263672 0.954590 0.080078 0.057617
0 0.052734 0.396973 0.101562 0.055664
0 0.313428 0.584229 0.097754 0.099316
0 0.116211 0.236816 0.074219 0.069336
0 0.168457 0.241211 0.081055 0.056641
0 0.805664 0.541992 0.130859 0.085938
0 0.967285 0.597656 0.065430 0.054688
0 0.581543 0.140625 0.116211 0.087891
0 0.764160 0.562988 0.086914 0.065430
0 0.890137 0.427734 0.063477 0.095703
0 0.747559 0.475098 0.127930 0.088867
0 0.044922 0.784668 0.089844 0.069336
0 0.511230 0.176270 0.045898 0.131836
0 0.629395 0.461426 0.073242 0.045898
0 0.741699 0.300781 0.069336 0.082031
0 0.302246 0.325195 0.090820 0.066406
0 0.758789 0.590820 0.078125 0.039062
0 0.769043 0.102051 0.077148 0.061523
0 0.879883 0.619141 0.025391 0.070312
0 0.561035 0.417480 0.053711 0.065430
0 0.036621 0.700684 0.073242 0.061523
0 0.602539 0.672363 0.083984 0.065430
0 0.259277 0.806641 0.124023 0.068359
0 0.586914 0.750977 0.076172 0.046875
0 0.564941 0.793457 0.045898 0.083008
0 0.739258 0.900879 0.064453 0.034180
0 0.373535 0.906250 0.045898 0.058594
0 0.096191 0.636719 0.092773 0.027344
0 0.181641 0.125977 0.076172 0.074219
0 0.626465 0.953125 0.073242 0.093750
0 0.596191 0.080566 0.086914 0.043945
0 0.078613 0.180664 0.065430 0.074219
0 0.039062 0.970703 0.076172 0.054688
0 0.950195 0.024902 0.029297 0.049805
0 0.670410 0.026855 0.055664 0.053711
0 0.553223 0.673828 0.106445 0.037109
0 0.952637 0.543457 0.094727 0.049805
0 0.782227 0.287598 0.095703 0.045898
0 0.681641 0.936523 0.056641 0.037109
0 0.071777 0.682129 0.098633 0.045898
0 0.476562 0.138672 0.054688 0.070312
0 0.384277 0.026855 0.057617 0.049805
0 0.928711 0.975098 0.042969 0.043945
0 0.023926 0.838867 0.047852 0.037109
0 0.763184 0.263184 0.161133 0.047852
0 0.702637 0.658691 0.081055 0.041992
0 0.632812 0.279785 0.072266 0.024414
0 0.702637 0.686523 0.110352 0.044922
0 0.760254 0.342285 0.047852 0.036133
0 0.026367 0.109375 0.052734 0.070312
0 0.017578 0.325684 0.035156 0.038086
0 0.181152 0.039062 0.077148 0.029297
0 0.821289 0.652344 0.111328 0.046875
0 0.209961 0.365723 0.152344 0.051758
0 0.021973 0.476562 0.043945 0.080078
0 0.336914 0.180176 0.101562 0.016602
0 0.989258 0.271484 0.021484 0.048828
0 0.550781 0.217773 0.080078 0.080078
0 0.046875 0.813965 0.085938 0.069336
0 0.309570 0.771484 0.056641 0.042969
0 0.026855 0.143555 0.053711 0.021484
0 0.619629 0.791992 0.041992 0.046875
0 0.916992 0.607422 0.037109 0.074219
0 0.207520 0.985840 0.149414 0.028320
0 0.972168 0.700195 0.043945 0.025391
0 0.778320 0.952148 0.080078 0.041016
0 0.055664 0.593262 0.070312 0.032227
0 0.162598 0.208984 0.051758 0.042969
0 0.672852 0.971680 0.056641 0.037109
0 0.073730 0.695312 0.086914 0.050781
0 0.915527 0.720703 0.026367 0.056641
0 0.770020 0.676270 0.079102 0.041992
0 0.377930 0.614258 0.066406 0.060547
0 0.892090 0.724609 0.092773 0.031250
0 0.877930 0.687012 0.083984 0.063477
0 0.765137 0.980957 0.122070 0.038086
0 0.126465 0.041992 0.081055 0.074219
0 0.252930 0.089355 0.210938 0.063477
0 0.887207 0.793945 0.028320 0.044922
