0 0.131348 0.826172 0.083008 0.095703
0 0.104980 0.752930 0.098633 0.091797
0 0.163086 0.719727 0.054688 0.078125
0 0.286621 0.821289 0.096680 0.091797
0 0.243164 0.603027 0.082031 0.133789
0 0.395020 0.886719 0.118164 0.060547
0 0.371094 0.952148 0.095703 0.068359
0 0.230469 0.901367 0.064453 0.070312
0 0.572266 0.909180 0.074219 0.085938
0 0.566895 0.972656 0.063477 0.054688
0 0.754395 0.912109 0.088867 0.064453
0 0.397461 0.530762 0.083984 0.083008
0 0.408691 0.617188 0.073242 0.087891
0 0.532227 0.601074 0.089844 0.086914
0 0.537109 0.690918 0.068359 0.077148
0 0.460449 0.715332 0.120117 0.059570
0 0.528809 0.776855 0.063477 0.073242
0 0.683105 0.694336 0.110352 0.085938
0 0.649902 0.601562 0.081055 0.140625
0 0.760254 0.784668 0.084961 0.067383
0 0.903320 0.711914 0.082031 0.113281
0 0.861328 0.799805 0.072266 0.072266
0 0.848633 0.970215 0.072266 0.059570
0 0.916992 0.969238 0.066406 0.061523
0 0.976562 0.717773 0.046875 0.058594
0 0.964844 0.625000 0.070312 0.132812
0 0.900391 0.470215 0.095703 0.075195
0 0.763672 0.433105 0.072266 0.075195
0 0.658203 0.431152 0.072266 0.075195
0 0.509766 0.426270 0.087891 0.120117
0 0.403809 0.383789 0.100586 0.066406
0 0.405273 0.308594 0.125000 0.083984
0 0.153809 0.383789 0.137695 0.068359
0 0.185547 0.444336 0.074219 0.056641
0 0.241699 0.277344 0.114258 0.080078
0 0.092285 0.163086 0.065430 0.140625
0 0.142090 0.142578 0.073242 0.099609
0 0.251465 0.177734 0.063477 0.064453
0 0.400879 0.146484 0.086914 0.089844
0 0.596680 0.204102 0.078125 0.099609
0 0.553711 0.013672 0.115234 0.027344
0 0.638184 0.062988 0.065430 0.125977
0 0.574219 0.071289 0.070312 0.089844
0 0.683105 0.033203 0.063477 0.066406
0 0.760254 0.031738 0.088867 0.063477
0 0.880859 0.131836 0.066406 0.091797
0 0.389648 0.029785 0.056641 0.059570
0 0.464844 0.759277 0.130859 0.067383
0 0.235840 0.390137 0.092773 0.063477
0 0.459473 0.878418 0.067383 0.077148
0 0.965820 0.452637 0.050781 0.075195
0 0.218750 0.990234 0.085938 0.019531
0 0.364258 0.988281 0.099609 0.023438
0 0.978027 0.550293 0.040039 0.069336
0 0.008301 0.320312 0.016602 0.089844
