0 0.011230 0.988281 0.022461 0.023438
0 0.698730 0.952637 0.166992 0.094727
0 0.352539 0.956543 0.279297 0.086914
0 0.397461 0.826172 0.103516 0.162109
0 0.286133 0.751465 0.111328 0.077148
0 0.166016 0.879395 0.097656 0.151367
0 0.017090 0.852539 0.034180 0.109375
0 0.022949 0.720703 0.045898 0.119141
0 0.165527 0.691895 0.094727 0.084961
0 0.267090 0.598633 0.153320 0.117188
0 0.672852 0.739258 0.261719 0.121094
0 0.887207 0.745605 0.170898 0.104492
0 0.962402 0.815430 0.075195 0.101562
0 0.071289 0.464844 0.125000 0.226562
0 0.067871 0.064941 0.086914 0.077148
0 0.178711 0.077148 0.126953 0.121094
0 0.149414 0.214844 0.130859 0.119141
0 0.330078 0.191895 0.080078 0.073242
0 0.384766 0.247559 0.093750 0.077148
0 0.256348 0.355957 0.090820 0.063477
0 0.172852 0.359863 0.095703 0.067383
0 0.500488 0.213867 0.102539 0.240234
0 0.460938 0.297852 0.095703 0.138672
0 0.739258 0.208008 0.121094 0.109375
0 0.676758 0.040039 0.099609 0.076172
0 0.566895 0.048828 0.100586 0.097656
0 0.931641 0.195312 0.126953 0.103516
0 0.965820 0.362793 0.068359 0.088867
