0 0.162598 0.158203 0.114258 0.259766
0 0.057129 0.190430 0.112305 0.160156
0 0.057617 0.326660 0.115234 0.077148
0 0.223633 0.335938 0.193359 0.066406
0 0.080078 0.462891 0.140625 0.058594
0 0.372070 0.455566 0.058594 0.067383
0 0.374512 0.232910 0.145508 0.188477
0 0.450195 0.211426 0.083984 0.106445
0 0.641113 0.209473 0.083008 0.096680
0 0.854980 0.137695 0.184570 0.078125
0 0.981934 0.073730 0.036133 0.081055
0 0.922852 0.278809 0.115234 0.118164
0 0.979980 0.174805 0.040039 0.103516
0 0.670898 0.511719 0.082031 0.171875
0 0.854004 0.395996 0.073242 0.071289
0 0.753418 0.618164 0.153320 0.097656
0 0.656250 0.759766 0.085938 0.097656
0 0.662109 0.841309 0.091797 0.069336
0 0.465820 0.793945 0.234375 0.142578
0 0.267578 0.801270 0.126953 0.079102
0 0.252441 0.849121 0.204102 0.100586
0 0.280762 0.929199 0.090820 0.102539
0 0.188477 0.936035 0.089844 0.125977
0 0.060059 0.946777 0.120117 0.098633
0 0.454102 0.968750 0.093750 0.062500
0 0.607910 0.969727 0.083008 0.060547
0 0.772949 0.983887 0.104492 0.032227
0 0.955078 0.937012 0.087891 0.125977
0 0.819336 0.822266 0.136719 0.228516
0 0.947266 0.599609 0.085938 0.087891
0 0.056152 0.127441 0.112305 0.120117
0 0.025391 0.931152 0.050781 0.135742
0 0.947266 0.219727 0.048828 0.044922
0 0.729004 0.786133 0.057617 0.046875
