0 0.150879 0.866699 0.260742 0.108398
0 0.954590 0.707520 0.090820 0.108398
0 0.536621 0.961426 0.161133 0.077148
0 0.046875 0.642578 0.093750 0.093750
0 0.795410 0.906250 0.110352 0.066406
0 0.885254 0.722656 0.100586 0.130859
0 0.124023 0.284668 0.189453 0.090820
0 0.482910 0.925781 0.108398 0.070312
0 0.538086 0.618164 0.150391 0.121094
0 0.520020 0.538574 0.217773 0.129883
0 0.260254 0.943848 0.098633 0.112305
0 0.821777 0.133789 0.135742 0.085938
0 0.408203 0.773438 0.212891 0.113281
0 0.312988 0.295410 0.133789 0.110352
0 0.969727 0.188477 0.060547 0.173828
0 0.061523 0.485352 0.123047 0.177734
0 0.610840 0.092285 0.077148 0.131836
0 0.144043 0.636719 0.102539 0.125000
0 0.683105 0.812012 0.131836 0.073242
