0 0.508301 0.129883 0.055664 0.105469
0 0.562500 0.160645 0.050781 0.057617
0 0.506348 0.267090 0.059570 0.055664
0 0.673340 0.196289 0.075195 0.056641
0 0.658203 0.129395 0.056641 0.053711
0 0.718750 0.133789 0.054688 0.093750
0 0.750000 0.099609 0.083984 0.076172
0 0.765137 0.193848 0.069336 0.077148
0 0.763672 0.284180 0.054688 0.044922
0 0.722656 0.298828 0.064453 0.050781
0 0.589355 0.384277 0.063477 0.061523
0 0.472656 0.397461 0.119141 0.082031
0 0.411133 0.288086 0.167969 0.175781
0 0.298828 0.158691 0.056641 0.114258
0 0.253418 0.162598 0.055664 0.061523
0 0.242188 0.058105 0.074219 0.116211
0 0.366699 0.118164 0.084961 0.132812
0 0.409180 0.125000 0.072266 0.068359
0 0.388672 0.044434 0.060547 0.084961
0 0.134277 0.078613 0.118164 0.090820
0 0.104980 0.089355 0.079102 0.077148
0 0.124512 0.173340 0.073242 0.084961
0 0.129883 0.370117 0.062500 0.126953
0 0.038086 0.172363 0.076172 0.118164
0 0.267578 0.455078 0.070312 0.072266
0 0.228516 0.462891 0.054688 0.085938
0 0.309082 0.409668 0.124023 0.063477
0 0.125977 0.272949 0.113281 0.071289
0 0.082520 0.599609 0.081055 0.039062
0 0.264648 0.628418 0.054688 0.061523
0 0.251465 0.726562 0.067383 0.054688
0 0.314941 0.594238 0.071289 0.038086
0 0.421387 0.578125 0.075195 0.082031
0 0.437012 0.489746 0.059570 0.065430
0 0.523438 0.521484 0.078125 0.048828
0 0.475098 0.552734 0.069336 0.048828
0 0.529785 0.601562 0.061523 0.050781
0 0.591797 0.602539 0.070312 0.066406
0 0.508789 0.643555 0.060547 0.046875
0 0.530273 0.709961 0.062500 0.041016
0 0.607422 0.701660 0.054688 0.055664
0 0.708008 0.613281 0.085938 0.058594
0 0.755859 0.596680 0.062500 0.068359
0 0.873535 0.546875 0.090820 0.074219
0 0.920898 0.481445 0.083984 0.048828
0 0.835449 0.398926 0.059570 0.063477
0 0.832520 0.325684 0.061523 0.063477
0 0.946777 0.624512 0.075195 0.051758
0 0.868164 0.660156 0.042969 0.082031
0 0.913574 0.688965 0.061523 0.036133
0 0.815430 0.690918 0.083984 0.049805
0 0.812500 0.607422 0.058594 0.060547
0 0.981445 0.403809 0.037109 0.077148
0 0.976074 0.157715 0.047852 0.045898
0 0.937500 0.148926 0.082031 0.079102
0 0.842773 0.119629 0.095703 0.100586
0 0.799316 0.033203 0.069336 0.066406
0 0.081055 0.840820 0.099609 0.062500
0 0.470215 0.858398 0.073242 0.046875
0 0.165039 0.974609 0.054688 0.050781
0 0.568359 0.977539 0.064453 0.044922
0 0.694336 0.909180 0.048828 0.062500
0 0.573242 0.760254 0.105469 0.041992
0 0.651367 0.958496 0.074219 0.065430
0 0.802734 0.966797 0.058594 0.066406
0 0.983887 0.846680 0.032227 0.042969
0 0.933105 0.796875 0.051758 0.062500
0 0.974121 0.762207 0.051758 0.053711
0 0.094238 0.221191 0.047852 0.049805
0 0.339844 0.372559 0.046875 0.045898
0 0.256348 0.571777 0.063477 0.047852
0 0.250488 0.512207 0.051758 0.041992
0 0.127930 0.951660 0.050781 0.053711
0 0.656250 0.755371 0.085938 0.053711
0 0.638184 0.198242 0.043945 0.074219
0 0.531738 0.073242 0.061523 0.042969
0 0.973633 0.722168 0.044922 0.036133
0 0.036621 0.125000 0.073242 0.171875
0 0.759277 0.700684 0.045898 0.045898
0 0.326172 0.051270 0.062500 0.069336
