0 0.755859 0.972168 0.082031 0.055664
0 0.074219 0.815430 0.136719 0.113281
0 0.324219 0.622559 0.123047 0.100586
0 0.057617 0.128906 0.082031 0.082031
0 0.155762 0.143066 0.065430 0.094727
0 0.342285 0.247070 0.067383 0.068359
0 0.293945 0.068359 0.070312 0.083984
0 0.446289 0.053223 0.060547 0.055664
0 0.576172 0.080078 0.115234 0.074219
0 0.677246 0.088379 0.077148 0.088867
0 0.688965 0.026367 0.086914 0.048828
0 0.724609 0.625000 0.076172 0.072266
0 0.049316 0.655273 0.057617 0.054688
0 0.306641 0.030762 0.062500 0.057617
0 0.250000 0.006836 0.048828 0.013672
0 0.935547 0.011719 0.052734 0.023438
0 0.982422 0.009766 0.033203 0.019531
0 0.457520 0.985352 0.063477 0.025391
