0 0.178223 0.124512 0.100586 0.170898
0 0.038574 0.137207 0.077148 0.069336
0 0.288574 0.070312 0.108398 0.070312
0 0.255859 0.149902 0.082031 0.069336
0 0.442871 0.209473 0.083008 0.102539
0 0.337402 0.226074 0.061523 0.061523
0 0.422363 0.047852 0.075195 0.050781
0 0.208984 0.390625 0.070312 0.103516
0 0.272461 0.369629 0.093750 0.067383
0 0.158203 0.520996 0.107422 0.112305
0 0.110352 0.569824 0.078125 0.106445
0 0.057617 0.454590 0.056641 0.059570
0 0.037598 0.500977 0.065430 0.054688
0 0.080566 0.612793 0.071289 0.077148
0 0.264648 0.671875 0.123047 0.070312
0 0.423340 0.445312 0.081055 0.109375
0 0.458984 0.356934 0.107422 0.067383
0 0.484863 0.300781 0.065430 0.056641
0 0.654785 0.313477 0.092773 0.091797
0 0.413574 0.625000 0.086914 0.097656
0 0.405762 0.697266 0.086914 0.121094
0 0.508789 0.640625 0.083984 0.060547
0 0.488770 0.588867 0.059570 0.072266
0 0.362305 0.830078 0.085938 0.068359
0 0.292480 0.848145 0.067383 0.065430
0 0.278809 0.917969 0.065430 0.072266
0 0.711426 0.862305 0.067383 0.083984
0 0.553223 0.812988 0.106445 0.077148
0 0.682129 0.671875 0.075195 0.076172
0 0.771973 0.700684 0.071289 0.067383
0 0.740723 0.608887 0.071289 0.071289
0 0.819824 0.538086 0.090820 0.091797
0 0.899414 0.563965 0.078125 0.075195
0 0.810547 0.404297 0.087891 0.056641
0 0.870117 0.343750 0.080078 0.064453
0 0.926270 0.276855 0.071289 0.081055
0 0.968262 0.229980 0.063477 0.081055
0 0.907227 0.047363 0.076172 0.090820
0 0.801758 0.030273 0.095703 0.060547
0 0.959473 0.791016 0.081055 0.082031
0 0.925293 0.944336 0.057617 0.103516
0 0.975098 0.923340 0.049805 0.081055
0 0.667969 0.168945 0.056641 0.056641
0 0.802246 0.243652 0.077148 0.075195
0 0.829590 0.710938 0.083008 0.082031
0 0.074707 0.524902 0.067383 0.073242
0 0.726562 0.558594 0.078125 0.072266
0 0.177246 0.025391 0.092773 0.050781
0 0.868652 0.017090 0.055664 0.034180
0 0.347656 0.788574 0.085938 0.061523
0 0.696289 0.804688 0.050781 0.046875
0 0.525879 0.913086 0.063477 0.074219
0 0.559570 0.986816 0.041016 0.026367
0 0.624023 0.987305 0.044922 0.025391
0 0.629883 0.438965 0.107422 0.059570
0 0.562012 0.314453 0.043945 0.042969
