0 0.782715 0.666504 0.094727 0.106445
0 0.711914 0.307617 0.099609 0.136719
0 0.885742 0.296387 0.054688 0.166992
0 0.958984 0.374512 0.082031 0.084961
0 0.104492 0.255859 0.082031 0.099609
0 0.635742 0.307617 0.068359 0.123047
0 0.779785 0.556152 0.059570 0.071289
0 0.279785 0.957520 0.112305 0.084961
0 0.259277 0.882324 0.129883 0.073242
0 0.184570 0.063965 0.074219 0.098633
0 0.857422 0.943848 0.097656 0.112305
0 0.605957 0.536133 0.125977 0.066406
0 0.441406 0.203613 0.185547 0.182617
0 0.300293 0.768555 0.069336 0.158203
0 0.229004 0.867676 0.139648 0.090820
0 0.712402 0.645020 0.063477 0.100586
0 0.812012 0.334473 0.092773 0.090820
0 0.889160 0.154785 0.055664 0.108398
0 0.767090 0.198242 0.196289 0.078125
0 0.687012 0.398926 0.106445 0.100586
0 0.375977 0.513672 0.105469 0.082031
0 0.591797 0.452637 0.070312 0.067383
0 0.606445 0.496094 0.054688 0.066406
0 0.786133 0.458496 0.072266 0.055664
0 0.798828 0.267090 0.076172 0.083008
0 0.256836 0.325684 0.066406 0.055664
0 0.693848 0.825684 0.069336 0.083008
0 0.713867 0.095215 0.050781 0.041992
