0 0.032715 0.157227 0.065430 0.074219
0 0.099121 0.245117 0.098633 0.070312
0 0.103516 0.092773 0.099609 0.101562
0 0.019531 0.060059 0.039062 0.120117
0 0.223633 0.026855 0.078125 0.053711
0 0.248535 0.088867 0.065430 0.111328
0 0.324707 0.186035 0.069336 0.077148
0 0.846191 0.933105 0.073242 0.057617
0 0.796875 0.979980 0.062500 0.040039
0 0.659180 0.940430 0.164062 0.093750
0 0.737793 0.914062 0.090820 0.062500
0 0.290039 0.947266 0.064453 0.064453
0 0.368164 0.992188 0.048828 0.015625
0 0.174316 0.980469 0.083008 0.039062
0 0.337891 0.888184 0.107422 0.051758
0 0.318359 0.837891 0.068359 0.035156
0 0.333008 0.749023 0.093750 0.048828
0 0.407227 0.774902 0.083984 0.137695
0 0.495117 0.749023 0.064453 0.046875
0 0.512207 0.695801 0.083008 0.061523
0 0.524902 0.624023 0.075195 0.050781
0 0.374512 0.651855 0.100586 0.073242
0 0.384277 0.590820 0.057617 0.042969
0 0.321289 0.555664 0.080078 0.109375
0 0.268066 0.640625 0.057617 0.048828
0 0.076660 0.814453 0.084961 0.054688
0 0.128418 0.885742 0.041992 0.070312
0 0.182617 0.916504 0.082031 0.108398
0 0.219727 0.821289 0.050781 0.062500
0 0.210938 0.585938 0.064453 0.058594
0 0.205078 0.651367 0.056641 0.056641
0 0.163086 0.676270 0.082031 0.073242
0 0.082031 0.625000 0.087891 0.085938
0 0.364258 0.394043 0.078125 0.086914
0 0.512207 0.523926 0.061523 0.112305
0 0.603516 0.614258 0.056641 0.160156
0 0.720215 0.594727 0.077148 0.058594
0 0.799805 0.466797 0.076172 0.085938
0 0.671387 0.412598 0.077148 0.124023
0 0.865723 0.355957 0.127930 0.073242
0 0.885742 0.465820 0.042969 0.048828
0 0.933105 0.546387 0.071289 0.069336
0 0.974121 0.495605 0.051758 0.092773
0 0.990723 0.327637 0.018555 0.061523
0 0.795898 0.159180 0.095703 0.072266
0 0.782715 0.197754 0.065430 0.088867
0 0.460938 0.227051 0.056641 0.061523
0 0.532227 0.180176 0.095703 0.139648
0 0.520020 0.335938 0.075195 0.097656
0 0.635254 0.285645 0.055664 0.096680
0 0.460449 0.104492 0.073242 0.076172
0 0.989746 0.674316 0.020508 0.083008
0 0.985352 0.849121 0.029297 0.077148
0 0.752930 0.021973 0.044922 0.043945
0 0.492188 0.016113 0.074219 0.032227
0 0.633789 0.012695 0.078125 0.025391
0 0.555176 0.210449 0.057617 0.118164
