0 0.099121 0.460938 0.120117 0.126953
0 0.146973 0.762207 0.104492 0.124023
0 0.133789 0.970703 0.132812 0.058594
0 0.657715 0.730469 0.086914 0.046875
0 0.585938 0.361328 0.103516 0.072266
0 0.800781 0.962402 0.113281 0.075195
0 0.579102 0.628418 0.074219 0.118164
0 0.427246 0.556152 0.110352 0.102539
0 0.740234 0.866211 0.093750 0.089844
0 0.242188 0.408691 0.160156 0.102539
0 0.724121 0.237305 0.165039 0.115234
0 0.930664 0.962402 0.123047 0.075195
0 0.224121 0.510742 0.129883 0.082031
0 0.842773 0.376465 0.171875 0.174805
0 0.072754 0.076172 0.084961 0.144531
0 0.079102 0.291016 0.117188 0.195312
0 0.459473 0.798340 0.114258 0.067383
0 0.413086 0.653320 0.052734 0.078125
0 0.605957 0.038574 0.163086 0.073242
0 0.548828 0.267578 0.056641 0.076172
0 0.488281 0.652344 0.087891 0.080078
0 0.967285 0.551758 0.065430 0.070312
