0 0.652344 0.019043 0.068359 0.038086
0 0.484375 0.142578 0.066406 0.103516
0 0.606934 0.202637 0.069336 0.065430
0 0.326660 0.280273 0.065430 0.085938
0 0.242188 0.349609 0.078125 0.062500
0 0.277344 0.444336 0.078125 0.097656
0 0.519043 0.330566 0.069336 0.063477
0 0.245605 0.569824 0.081055 0.059570
0 0.260254 0.623047 0.063477 0.054688
0 0.354004 0.559082 0.049805 0.059570
0 0.377930 0.659180 0.050781 0.056641
0 0.055664 0.773926 0.068359 0.090820
0 0.188965 0.828613 0.059570 0.059570
0 0.248535 0.820312 0.073242 0.074219
0 0.334473 0.768066 0.106445 0.084961
0 0.504883 0.744629 0.093750 0.063477
0 0.559082 0.701660 0.061523 0.059570
0 0.636230 0.591797 0.077148 0.097656
0 0.770996 0.588867 0.069336 0.058594
0 0.735352 0.630859 0.074219 0.056641
0 0.649902 0.734863 0.075195 0.077148
0 0.732910 0.742676 0.077148 0.053711
0 0.734375 0.798340 0.082031 0.059570
0 0.653809 0.803223 0.063477 0.051758
0 0.816895 0.779785 0.077148 0.094727
0 0.577637 0.890625 0.059570 0.056641
0 0.043457 0.962891 0.073242 0.072266
0 0.963379 0.766602 0.073242 0.070312
0 0.894531 0.620605 0.097656 0.065430
0 0.951172 0.128906 0.068359 0.062500
0 0.941895 0.191895 0.067383 0.057617
0 0.981934 0.158691 0.036133 0.065430
0 0.267090 0.689941 0.063477 0.077148
0 0.933105 0.732422 0.086914 0.074219
