0 0.829590 0.739746 0.094727 0.094727
0 0.814453 0.340332 0.113281 0.067383
0 0.648438 0.959961 0.097656 0.080078
0 0.111816 0.845703 0.084961 0.091797
0 0.666504 0.775391 0.112305 0.115234
0 0.095703 0.514648 0.113281 0.080078
0 0.083984 0.749023 0.134766 0.103516
0 0.141113 0.089355 0.137695 0.155273
0 0.560059 0.302246 0.104492 0.094727
0 0.678711 0.660645 0.099609 0.129883
0 0.900879 0.413574 0.067383 0.108398
0 0.822266 0.874023 0.091797 0.091797
0 0.809570 0.079590 0.080078 0.069336
0 0.632324 0.241211 0.075195 0.097656
0 0.554199 0.595703 0.083008 0.072266
0 0.500488 0.618652 0.063477 0.092773
0 0.781738 0.145020 0.084961 0.131836
0 0.815918 0.389648 0.100586 0.070312
0 0.185059 0.315430 0.088867 0.082031
0 0.716797 0.583008 0.080078 0.076172
0 0.968262 0.945801 0.059570 0.083008
0 0.400879 0.767578 0.083008 0.076172
