0 0.086914 0.104004 0.074219 0.096680
0 0.435059 0.375977 0.118164 0.060547
0 0.637695 0.149902 0.111328 0.083008
0 0.258789 0.906738 0.095703 0.061523
0 0.836914 0.089844 0.093750 0.054688
0 0.201172 0.792480 0.109375 0.069336
0 0.440430 0.021484 0.111328 0.039062
0 0.339844 0.391113 0.058594 0.069336
0 0.842285 0.151855 0.075195 0.065430
0 0.237793 0.455078 0.094727 0.048828
0 0.723633 0.125488 0.074219 0.049805
0 0.495605 0.603516 0.055664 0.035156
0 0.393555 0.882324 0.099609 0.049805
0 0.090820 0.401367 0.111328 0.076172
0 0.910156 0.143555 0.093750 0.056641
0 0.833008 0.181152 0.093750 0.065430
0 0.979492 0.799805 0.041016 0.140625
0 0.687012 0.215332 0.088867 0.063477
0 0.787598 0.268066 0.063477 0.067383
0 0.767578 0.171387 0.060547 0.047852
0 0.335938 0.045410 0.068359 0.043945
0 0.037598 0.010742 0.071289 0.019531
0 0.612305 0.432129 0.087891 0.059570
0 0.861328 0.703125 0.068359 0.062500
0 0.302734 0.581543 0.083984 0.022461
0 0.918457 0.393066 0.094727 0.047852
0 0.123047 0.851074 0.083984 0.071289
0 0.054688 0.501465 0.105469 0.092773
0 0.739258 0.200195 0.054688 0.035156
0 0.273926 0.360840 0.077148 0.034180
0 0.196777 0.573242 0.168945 0.064453
0 0.920410 0.442383 0.049805 0.054688
0 0.656738 0.785645 0.079102 0.055664
0 0.838379 0.782715 0.077148 0.043945
0 0.862793 0.847168 0.059570 0.055664
0 0.791016 0.496094 0.048828 0.054688
0 0.840332 0.167969 0.088867 0.076172
0 0.043945 0.805176 0.087891 0.067383
0 0.435059 0.657715 0.081055 0.043945
0 0.150391 0.031250 0.097656 0.037109
0 0.189941 0.668457 0.108398 0.043945
0 0.028320 0.096191 0.054688 0.045898
0 0.479492 0.515625 0.093750 0.064453
0 0.041992 0.395508 0.080078 0.058594
0 0.133301 0.717773 0.086914 0.041016
0 0.789551 0.407227 0.075195 0.054688
0 0.990234 0.523438 0.019531 0.021484
0 0.105957 0.516602 0.096680 0.058594
0 0.143555 0.621094 0.082031 0.050781
0 0.532715 0.073242 0.059570 0.042969
0 0.318848 0.616699 0.092773 0.041992
0 0.070312 0.898926 0.115234 0.045898
0 0.474609 0.872070 0.076172 0.046875
0 0.348633 0.657715 0.074219 0.047852
0 0.739746 0.880859 0.065430 0.048828
0 0.729004 0.787109 0.102539 0.044922
0 0.421387 0.606934 0.059570 0.020508
0 0.059570 0.447754 0.119141 0.043945
0 0.687500 0.744141 0.068359 0.035156
0 0.686523 0.262695 0.070312 0.033203
0 0.433105 0.849609 0.143555 0.054688
0 0.931641 0.775391 0.050781 0.050781
0 0.898438 0.530762 0.058594 0.032227
0 0.772949 0.125977 0.053711 0.042969
0 0.248535 0.297363 0.092773 0.043945
0 0.158691 0.241699 0.081055 0.030273
0 0.486816 0.756836 0.084961 0.048828
0 0.325684 0.735840 0.104492 0.081055
0 0.365234 0.830566 0.093750 0.049805
0 0.872070 0.504395 0.042969 0.032227
0 0.335938 0.515625 0.093750 0.044922
0 0.413574 0.544434 0.096680 0.051758
0 0.139160 0.272461 0.100586 0.076172
0 0.192871 0.277832 0.079102 0.041992
0 0.775391 0.880371 0.054688 0.041992
0 0.944336 0.900391 0.041016 0.033203
0 0.582520 0.536133 0.104492 0.058594
0 0.683594 0.281738 0.037109 0.026367
