0 0.042480 0.036621 0.084961 0.073242
0 0.140137 0.088867 0.059570 0.058594
0 0.268555 0.059570 0.087891 0.119141
0 0.189453 0.019531 0.068359 0.039062
0 0.468750 0.084961 0.095703 0.074219
0 0.688965 0.066895 0.041992 0.063477
0 0.586914 0.189941 0.060547 0.081055
0 0.222656 0.249023 0.207031 0.093750
0 0.040039 0.174805 0.080078 0.080078
0 0.515137 0.291992 0.118164 0.091797
0 0.416504 0.290039 0.057617 0.066406
0 0.680664 0.220703 0.068359 0.062500
0 0.759277 0.260742 0.096680 0.072266
0 0.825684 0.208496 0.053711 0.053711
0 0.699219 0.377441 0.095703 0.094727
0 0.477539 0.418457 0.074219 0.073242
0 0.342773 0.396973 0.152344 0.086914
0 0.119141 0.415039 0.087891 0.066406
0 0.094238 0.580566 0.065430 0.073242
0 0.066895 0.647949 0.133789 0.096680
0 0.093750 0.775391 0.095703 0.128906
0 0.377930 0.579102 0.105469 0.087891
0 0.577637 0.488770 0.075195 0.083008
0 0.680176 0.462891 0.065430 0.068359
0 0.711914 0.602051 0.070312 0.090820
0 0.642090 0.597656 0.073242 0.099609
0 0.555176 0.687500 0.077148 0.154297
0 0.819824 0.516113 0.079102 0.196289
0 0.382324 0.721191 0.069336 0.071289
0 0.194824 0.921875 0.063477 0.156250
0 0.077148 0.906738 0.076172 0.071289
0 0.279297 0.897949 0.089844 0.055664
0 0.361328 0.932129 0.076172 0.081055
0 0.658203 0.882324 0.089844 0.084961
0 0.773438 0.832031 0.066406 0.062500
0 0.768066 0.946777 0.063477 0.102539
0 0.903809 0.887207 0.077148 0.083008
0 0.966797 0.761230 0.066406 0.081055
0 0.985352 0.600586 0.029297 0.156250
0 0.290039 0.167480 0.068359 0.057617
0 0.754883 0.189941 0.048828 0.055664
0 0.644043 0.983398 0.051758 0.033203
0 0.710938 0.049805 0.035156 0.068359
0 0.679199 0.275879 0.065430 0.051758
0 0.790039 0.351074 0.056641 0.045898
