0 0.016602 0.942871 0.033203 0.092773
0 0.086914 0.989258 0.052734 0.021484
0 0.154297 0.855957 0.083984 0.083008
0 0.136230 0.675781 0.096680 0.080078
0 0.131348 0.618652 0.086914 0.063477
0 0.228516 0.580566 0.072266 0.057617
0 0.159180 0.054688 0.080078 0.093750
0 0.022949 0.035156 0.045898 0.062500
0 0.184570 0.970215 0.068359 0.059570
0 0.244629 0.855469 0.079102 0.103516
0 0.304199 0.743164 0.083008 0.076172
0 0.401367 0.703613 0.082031 0.102539
0 0.324707 0.602539 0.071289 0.076172
0 0.561035 0.718262 0.094727 0.122070
0 0.685059 0.683594 0.116211 0.091797
0 0.651367 0.576660 0.068359 0.108398
0 0.738281 0.413086 0.113281 0.105469
0 0.890137 0.525391 0.147461 0.093750
0 0.971191 0.754883 0.057617 0.058594
0 0.974609 0.900391 0.050781 0.087891
0 0.732910 0.894531 0.147461 0.066406
0 0.672852 0.951660 0.107422 0.086914
0 0.706543 0.992676 0.090820 0.014648
0 0.301758 0.161133 0.072266 0.076172
0 0.387695 0.066406 0.091797 0.091797
0 0.580078 0.153809 0.095703 0.083008
0 0.656250 0.095215 0.082031 0.073242
0 0.757324 0.125488 0.104492 0.083008
0 0.766113 0.007324 0.081055 0.014648
0 0.866211 0.025879 0.115234 0.051758
0 0.905273 0.304199 0.113281 0.090820
0 0.974121 0.195801 0.051758 0.081055
0 0.987305 0.288086 0.025391 0.068359
0 0.450195 0.573730 0.064453 0.094727
0 0.334473 0.389160 0.065430 0.135742
0 0.381836 0.274414 0.105469 0.134766
0 0.658203 0.216797 0.060547 0.062500
0 0.211426 0.680176 0.049805 0.069336
0 0.169434 0.514648 0.071289 0.064453
0 0.420898 0.894531 0.089844 0.080078
0 0.441895 0.829590 0.090820 0.063477
0 0.273926 0.255371 0.073242 0.059570
0 0.915039 0.853027 0.064453 0.051758
