0 0.891113 0.775879 0.137695 0.084961
0 0.596680 0.445801 0.113281 0.110352
0 0.798340 0.959473 0.112305 0.081055
0 0.613281 0.713379 0.158203 0.131836
0 0.943359 0.890137 0.113281 0.108398
0 0.844727 0.052246 0.117188 0.059570
0 0.965820 0.592773 0.068359 0.064453
0 0.907227 0.689453 0.150391 0.054688
0 0.365234 0.945801 0.074219 0.092773
0 0.598145 0.060547 0.092773 0.117188
0 0.445801 0.541016 0.077148 0.087891
0 0.908203 0.540527 0.136719 0.102539
0 0.466797 0.759277 0.080078 0.075195
0 0.749023 0.284668 0.101562 0.079102
0 0.505859 0.275879 0.142578 0.131836
0 0.611816 0.311035 0.067383 0.083008
0 0.522461 0.578613 0.080078 0.102539
0 0.912109 0.115723 0.093750 0.067383
0 0.434570 0.133301 0.083984 0.102539
0 0.576172 0.880859 0.097656 0.042969
0 0.562012 0.166504 0.067383 0.071289
0 0.610352 0.664062 0.087891 0.064453
0 0.814453 0.602539 0.052734 0.050781
0 0.334473 0.814453 0.075195 0.074219
0 0.824707 0.275879 0.104492 0.051758
0 0.529297 0.845703 0.080078 0.052734
0 0.597168 0.904297 0.094727 0.080078
0 0.638184 0.816895 0.083008 0.055664
0 0.363281 0.186523 0.062500 0.083984
