0 0.146484 0.916016 0.058594 0.076172
0 0.045410 0.898438 0.045898 0.082031
0 0.030762 0.832520 0.040039 0.045898
0 0.171387 0.747070 0.098633 0.052734
0 0.162598 0.703125 0.075195 0.056641
0 0.198730 0.668457 0.045898 0.051758
0 0.191895 0.811523 0.061523 0.091797
0 0.067383 0.464355 0.066406 0.059570
0 0.132324 0.423340 0.065430 0.063477
0 0.047363 0.255859 0.073242 0.064453
0 0.106934 0.196777 0.073242 0.084961
0 0.195312 0.200684 0.091797 0.063477
0 0.202637 0.259766 0.065430 0.058594
0 0.289551 0.281250 0.059570 0.054688
0 0.269531 0.401855 0.060547 0.059570
0 0.280762 0.459961 0.075195 0.076172
0 0.350098 0.582520 0.047852 0.049805
0 0.460938 0.494629 0.068359 0.045898
0 0.444336 0.448730 0.039062 0.041992
0 0.417969 0.401367 0.050781 0.048828
0 0.507324 0.423340 0.086914 0.088867
0 0.520508 0.636719 0.058594 0.054688
0 0.484375 0.690430 0.076172 0.060547
0 0.350586 0.737793 0.050781 0.061523
0 0.389160 0.748535 0.059570 0.053711
0 0.562012 0.821289 0.057617 0.056641
0 0.582520 0.869629 0.063477 0.077148
0 0.473633 0.919922 0.052734 0.076172
0 0.526855 0.947266 0.053711 0.087891
0 0.569336 0.934570 0.083984 0.056641
0 0.670898 0.762695 0.050781 0.054688
0 0.606445 0.711914 0.062500 0.060547
0 0.807617 0.917480 0.070312 0.053711
0 0.759277 0.861328 0.051758 0.054688
0 0.813477 0.855469 0.062500 0.068359
0 0.859375 0.822754 0.111328 0.104492
0 0.890137 0.758301 0.086914 0.081055
0 0.918457 0.736328 0.053711 0.048828
0 0.947754 0.812988 0.071289 0.063477
0 0.964355 0.918457 0.067383 0.086914
0 0.735352 0.559570 0.060547 0.062500
0 0.958984 0.543457 0.048828 0.073242
0 0.849609 0.416504 0.054688 0.055664
0 0.607910 0.348633 0.059570 0.068359
0 0.363281 0.298828 0.048828 0.052734
0 0.411133 0.294434 0.062500 0.067383
0 0.441895 0.233398 0.065430 0.062500
0 0.559570 0.248047 0.060547 0.054688
0 0.561523 0.299805 0.062500 0.044922
0 0.694824 0.156250 0.071289 0.095703
0 0.540527 0.145020 0.047852 0.055664
0 0.503418 0.086426 0.083008 0.063477
0 0.617676 0.025391 0.075195 0.050781
0 0.970215 0.985352 0.057617 0.029297
0 0.056641 0.619141 0.050781 0.050781
0 0.012207 0.728027 0.024414 0.069336
0 0.546875 0.196777 0.042969 0.041992
0 0.560059 0.394531 0.065430 0.046875
0 0.152344 0.824707 0.046875 0.055664
