0 0.028809 0.194824 0.057617 0.063477
0 0.023438 0.049805 0.044922 0.087891
0 0.102539 0.092773 0.058594 0.070312
0 0.225098 0.206055 0.043945 0.046875
0 0.187500 0.310059 0.103516 0.079102
0 0.182129 0.375488 0.065430 0.067383
0 0.220215 0.431641 0.079102 0.070312
0 0.383789 0.378906 0.091797 0.056641
0 0.382324 0.324707 0.071289 0.059570
0 0.507324 0.222656 0.081055 0.064453
0 0.419434 0.185059 0.065430 0.065430
0 0.598145 0.195312 0.088867 0.083984
0 0.708008 0.258789 0.117188 0.066406
0 0.891602 0.234863 0.107422 0.067383
0 0.869629 0.127441 0.120117 0.063477
0 0.682617 0.020020 0.080078 0.040039
0 0.539062 0.506348 0.072266 0.057617
0 0.729004 0.325195 0.086914 0.076172
0 0.833008 0.302246 0.083984 0.051758
0 0.879395 0.385254 0.071289 0.065430
0 0.923828 0.487305 0.121094 0.105469
0 0.935547 0.602539 0.060547 0.054688
0 0.812500 0.649902 0.101562 0.061523
0 0.805664 0.722168 0.072266 0.075195
0 0.901855 0.755371 0.081055 0.051758
0 0.909180 0.862793 0.113281 0.063477
0 0.814941 0.837891 0.071289 0.062500
0 0.644043 0.789062 0.083008 0.099609
0 0.398926 0.710938 0.071289 0.056641
0 0.340820 0.648926 0.076172 0.073242
0 0.403809 0.614746 0.069336 0.053711
0 0.492676 0.614746 0.102539 0.069336
0 0.307129 0.561523 0.102539 0.066406
0 0.113281 0.578613 0.058594 0.061523
0 0.018066 0.640137 0.036133 0.067383
0 0.087891 0.804688 0.080078 0.062500
0 0.044922 0.849609 0.062500 0.074219
0 0.043945 0.926270 0.087891 0.092773
0 0.201660 0.877441 0.077148 0.067383
0 0.153809 0.807617 0.077148 0.068359
0 0.320801 0.855469 0.086914 0.103516
0 0.476562 0.877441 0.091797 0.077148
0 0.397461 0.959473 0.058594 0.073242
0 0.125488 0.974609 0.067383 0.050781
0 0.046875 0.298828 0.074219 0.103516
0 0.860840 0.546875 0.084961 0.060547
0 0.507324 0.771973 0.081055 0.061523
0 0.145020 0.220703 0.059570 0.068359
0 0.461914 0.059082 0.066406 0.057617
0 0.889160 0.807617 0.073242 0.052734
0 0.973633 0.632812 0.046875 0.076172
0 0.685059 0.313965 0.059570 0.067383
0 0.237305 0.659180 0.054688 0.023438
0 0.903809 0.632324 0.057617 0.036133
