0 0.321777 0.539551 0.110352 0.090820
0 0.874512 0.611816 0.184570 0.075195
0 0.239258 0.418457 0.115234 0.092773
0 0.212891 0.547363 0.097656 0.084961
0 0.845703 0.352051 0.125000 0.079102
0 0.807129 0.699707 0.120117 0.075195
0 0.912109 0.849609 0.095703 0.099609
0 0.208008 0.049316 0.132812 0.094727
0 0.075684 0.751953 0.092773 0.095703
0 0.671875 0.113281 0.080078 0.068359
0 0.326172 0.752930 0.107422 0.072266
0 0.734375 0.017090 0.080078 0.034180
0 0.332031 0.968750 0.130859 0.062500
0 0.165527 0.626953 0.102539 0.080078
0 0.076660 0.447266 0.075195 0.089844
0 0.170898 0.153320 0.097656 0.082031
0 0.088379 0.366699 0.102539 0.084961
0 0.269531 0.337402 0.125000 0.084961
0 0.949707 0.843262 0.100586 0.092773
0 0.350098 0.013184 0.102539 0.020508
