0 0.424316 0.781250 0.084961 0.078125
0 0.275879 0.429199 0.145508 0.077148
0 0.282227 0.506836 0.144531 0.093750
0 0.593750 0.377930 0.078125 0.070312
0 0.748047 0.286621 0.160156 0.094727
0 0.541992 0.262207 0.103516 0.069336
0 0.580566 0.121094 0.096680 0.111328
0 0.246094 0.146484 0.101562 0.173828
0 0.392578 0.073242 0.056641 0.058594
0 0.636230 0.488281 0.124023 0.113281
0 0.698242 0.431641 0.046875 0.041016
0 0.630859 0.641602 0.085938 0.082031
0 0.709961 0.624023 0.082031 0.056641
0 0.856934 0.668457 0.069336 0.084961
0 0.807617 0.740723 0.060547 0.061523
0 0.712891 0.767578 0.113281 0.056641
0 0.781738 0.895020 0.124023 0.094727
0 0.955566 0.828125 0.069336 0.072266
0 0.982910 0.953125 0.034180 0.083984
0 0.892578 0.977051 0.052734 0.045898
0 0.987305 0.406250 0.025391 0.058594
0 0.959961 0.271484 0.080078 0.064453
0 0.952148 0.123535 0.095703 0.075195
0 0.970703 0.011230 0.058594 0.022461
0 0.699707 0.032715 0.104492 0.065430
0 0.513184 0.727539 0.063477 0.066406
