0 0.810059 0.788086 0.206055 0.072266
0 0.885254 0.951172 0.186523 0.052734
0 0.932129 0.700684 0.135742 0.118164
0 0.225586 0.763184 0.314453 0.145508
0 0.881836 0.513672 0.097656 0.050781
0 0.957031 0.779297 0.085938 0.105469
0 0.670898 0.703613 0.085938 0.124023
0 0.171875 0.519531 0.183594 0.085938
0 0.089844 0.421387 0.179688 0.090820
0 0.656738 0.027832 0.086914 0.055664
0 0.292969 0.875000 0.115234 0.083984
0 0.755859 0.826172 0.218750 0.183594
0 0.911133 0.157227 0.177734 0.158203
0 0.426270 0.853027 0.098633 0.092773
0 0.089355 0.348633 0.178711 0.105469
0 0.298828 0.369629 0.183594 0.114258
0 0.357422 0.325684 0.083984 0.153320
0 0.189453 0.246582 0.228516 0.149414
0 0.401367 0.269043 0.109375 0.127930
0 0.583008 0.365723 0.058594 0.055664
0 0.775879 0.059570 0.069336 0.050781
0 0.892578 0.974609 0.162109 0.046875
