0 0.937988 0.286133 0.092773 0.177734
0 0.844727 0.551758 0.080078 0.099609
0 0.943359 0.928223 0.113281 0.127930
0 0.357422 0.326660 0.085938 0.073242
0 0.718262 0.360840 0.092773 0.147461
0 0.148438 0.215820 0.097656 0.136719
0 0.281738 0.969727 0.094727 0.060547
0 0.924805 0.738281 0.150391 0.123047
0 0.710938 0.785645 0.123047 0.092773
0 0.080566 0.933105 0.122070 0.112305
0 0.696777 0.939941 0.129883 0.120117
0 0.082031 0.462402 0.089844 0.139648
0 0.158203 0.395020 0.087891 0.143555
0 0.792480 0.151855 0.084961 0.100586
0 0.844727 0.854980 0.076172 0.081055
0 0.965820 0.490723 0.052734 0.096680
0 0.918457 0.062012 0.083008 0.100586
0 0.774902 0.094238 0.075195 0.120117
0 0.686035 0.176270 0.100586 0.247070
0 0.050781 0.684570 0.097656 0.134766
0 0.820801 0.958496 0.077148 0.077148
0 0.854492 0.396973 0.060547 0.110352
