0 0.206055 0.804688 0.087891 0.099609
0 0.443359 0.329590 0.087891 0.104492
0 0.385742 0.746582 0.078125 0.084961
0 0.998535 0.589355 0.002930 0.075195
0 0.936523 0.452637 0.083984 0.143555
0 0.155762 0.530762 0.086914 0.073242
0 0.588867 0.803711 0.082031 0.080078
0 0.441895 0.953613 0.084961 0.092773
0 0.714844 0.828613 0.070312 0.102539
0 0.882324 0.741699 0.084961 0.075195
0 0.643066 0.952148 0.102539 0.095703
0 0.514160 0.704590 0.120117 0.094727
0 0.774902 0.517090 0.075195 0.100586
0 0.062012 0.578125 0.094727 0.097656
0 0.312500 0.890137 0.113281 0.098633
0 0.190918 0.308105 0.131836 0.083008
0 0.890625 0.605957 0.082031 0.127930
0 0.550781 0.608398 0.078125 0.117188
0 0.334473 0.111816 0.084961 0.120117
0 0.679688 0.453125 0.089844 0.082031
0 0.879395 0.223633 0.094727 0.097656
0 0.847168 0.305664 0.069336 0.097656
0 0.176758 0.129395 0.070312 0.094727
0 0.940918 0.084961 0.083008 0.125000
0 0.698242 0.721680 0.078125 0.125000
0 0.252441 0.189453 0.084961 0.160156
0 0.739746 0.214355 0.084961 0.139648
0 0.491211 0.221191 0.062500 0.102539
0 0.066895 0.833496 0.075195 0.067383
0 0.651855 0.228516 0.063477 0.072266
0 0.689453 0.135742 0.080078 0.097656
0 0.881836 0.113281 0.060547 0.136719
0 0.175293 0.036621 0.067383 0.073242
0 0.171875 0.250977 0.099609 0.087891
0 0.656250 0.041504 0.060547 0.081055
0 0.763184 0.034668 0.049805 0.067383
0 0.775391 0.274414 0.107422 0.134766
0 0.478516 0.569824 0.107422 0.155273
0 0.049316 0.388672 0.094727 0.107422
0 0.586426 0.036133 0.057617 0.070312
