0 0.856445 0.829590 0.091797 0.063477
0 0.865234 0.879883 0.093750 0.048828
0 0.896484 0.663574 0.085938 0.124023
0 0.782715 0.708008 0.088867 0.054688
0 0.833496 0.674805 0.059570 0.076172
0 0.837891 0.594238 0.074219 0.061523
0 0.751465 0.839355 0.090820 0.077148
0 0.721680 0.926270 0.085938 0.100586
0 0.638672 0.913086 0.054688 0.056641
0 0.507812 0.863770 0.050781 0.131836
0 0.596191 0.795898 0.053711 0.070312
0 0.604980 0.729492 0.055664 0.076172
0 0.503906 0.749023 0.128906 0.056641
0 0.305176 0.965332 0.071289 0.069336
0 0.313965 0.922363 0.077148 0.051758
0 0.375977 0.938477 0.062500 0.058594
0 0.161133 0.924805 0.115234 0.095703
0 0.056641 0.879395 0.076172 0.096680
0 0.103516 0.851074 0.068359 0.079102
0 0.360840 0.696289 0.079102 0.103516
0 0.231445 0.708984 0.119141 0.097656
0 0.252441 0.595215 0.053711 0.141602
0 0.403320 0.537598 0.089844 0.102539
0 0.534668 0.539551 0.114258 0.110352
0 0.055664 0.643555 0.072266 0.095703
0 0.111328 0.724609 0.076172 0.070312
0 0.173340 0.504395 0.090820 0.059570
0 0.015137 0.750977 0.030273 0.093750
0 0.458984 0.432617 0.089844 0.076172
0 0.565430 0.411133 0.111328 0.068359
0 0.690918 0.385742 0.086914 0.140625
0 0.396484 0.315430 0.068359 0.062500
0 0.460449 0.310059 0.061523 0.106445
0 0.145020 0.388672 0.065430 0.078125
0 0.143066 0.318848 0.077148 0.069336
0 0.029785 0.464355 0.059570 0.079102
0 0.025879 0.357910 0.051758 0.071289
0 0.019043 0.263672 0.038086 0.056641
0 0.242188 0.152832 0.087891 0.077148
0 0.564453 0.186523 0.087891 0.085938
0 0.671875 0.157715 0.074219 0.094727
0 0.766113 0.133789 0.071289 0.099609
0 0.807617 0.199219 0.074219 0.068359
0 0.066895 0.136230 0.096680 0.090820
0 0.192871 0.050293 0.063477 0.100586
0 0.493652 0.035156 0.057617 0.066406
0 0.820801 0.093750 0.049805 0.064453
0 0.760742 0.062012 0.072266 0.124023
0 0.931152 0.061523 0.073242 0.101562
0 0.843262 0.263672 0.086914 0.203125
0 0.907227 0.194824 0.056641 0.106445
0 0.944824 0.219238 0.073242 0.065430
0 0.620117 0.372070 0.060547 0.076172
0 0.929688 0.442383 0.085938 0.056641
0 0.472656 0.089355 0.062500 0.053711
0 0.391113 0.021973 0.049805 0.043945
0 0.658203 0.542969 0.056641 0.068359
0 0.696289 0.016113 0.066406 0.032227
0 0.152832 0.020020 0.047852 0.040039
0 0.008789 0.101562 0.017578 0.042969
0 0.021973 0.145508 0.043945 0.078125
0 0.931152 0.623535 0.069336 0.038086
