0 0.950195 0.104492 0.099609 0.187500
0 0.971191 0.356445 0.057617 0.128906
0 0.979980 0.742676 0.040039 0.120117
0 0.813477 0.803711 0.089844 0.126953
0 0.318848 0.390137 0.196289 0.174805
0 0.496582 0.100098 0.168945 0.116211
0 0.486816 0.783691 0.223633 0.120117
0 0.612305 0.017090 0.097656 0.034180
0 0.520020 0.012207 0.077148 0.024414
0 0.342285 0.046387 0.163086 0.092773
0 0.172363 0.115234 0.104492 0.070312
0 0.182129 0.064453 0.075195 0.041016
0 0.058594 0.028809 0.117188 0.057617
0 0.166992 0.226562 0.080078 0.089844
0 0.050781 0.198730 0.101562 0.118164
0 0.077637 0.472168 0.133789 0.063477
0 0.071289 0.526855 0.142578 0.051758
0 0.290039 0.540039 0.132812 0.080078
0 0.104980 0.648926 0.143555 0.086914
0 0.157227 0.711914 0.121094 0.064453
0 0.351074 0.679688 0.125977 0.128906
0 0.231445 0.845215 0.167969 0.215820
0 0.106445 0.949219 0.123047 0.101562
0 0.599121 0.863770 0.112305 0.088867
0 0.475098 0.954102 0.092773 0.091797
0 0.723145 0.606934 0.077148 0.083008
0 0.961914 0.480469 0.076172 0.093750
0 0.823242 0.682617 0.117188 0.091797
0 0.150391 0.823242 0.066406 0.080078
0 0.899902 0.752441 0.081055 0.069336
0 0.909668 0.905762 0.122070 0.079102
0 0.852051 0.975098 0.110352 0.049805
0 0.370117 0.840332 0.242188 0.194336
0 0.911621 0.104980 0.110352 0.114258
