0 0.949219 0.044922 0.078125 0.089844
0 0.149414 0.181152 0.076172 0.071289
0 0.240234 0.166504 0.072266 0.063477
0 0.356445 0.254883 0.052734 0.087891
0 0.407227 0.266602 0.066406 0.064453
0 0.447266 0.146973 0.056641 0.063477
0 0.521484 0.172363 0.064453 0.063477
0 0.631836 0.161133 0.066406 0.095703
0 0.693848 0.226562 0.081055 0.066406
0 0.643066 0.347168 0.114258 0.069336
0 0.739746 0.296387 0.067383 0.059570
0 0.797363 0.291992 0.071289 0.085938
0 0.850586 0.291016 0.048828 0.062500
0 0.871582 0.187988 0.055664 0.057617
0 0.813477 0.190918 0.068359 0.063477
0 0.809082 0.144531 0.106445 0.058594
0 0.936035 0.233398 0.075195 0.072266
0 0.933594 0.333008 0.056641 0.068359
0 0.968750 0.271973 0.062500 0.051758
0 0.032715 0.653809 0.049805 0.055664
0 0.081543 0.618164 0.057617 0.044922
0 0.178223 0.556152 0.077148 0.081055
0 0.234863 0.538574 0.057617 0.055664
0 0.271973 0.589844 0.057617 0.056641
0 0.050781 0.797363 0.074219 0.075195
0 0.130371 0.775879 0.047852 0.086914
0 0.169922 0.756348 0.054688 0.063477
0 0.201172 0.713867 0.062500 0.066406
0 0.275391 0.704102 0.064453 0.070312
0 0.336426 0.681152 0.081055 0.059570
0 0.414062 0.638672 0.070312 0.066406
0 0.523926 0.700195 0.067383 0.062500
0 0.451172 0.729980 0.111328 0.069336
0 0.508301 0.765137 0.069336 0.053711
0 0.538574 0.820312 0.053711 0.089844
0 0.352539 0.847168 0.066406 0.063477
0 0.663574 0.754883 0.071289 0.105469
0 0.704102 0.727539 0.066406 0.064453
0 0.735352 0.671387 0.050781 0.059570
0 0.817871 0.755371 0.073242 0.055664
0 0.873535 0.749512 0.055664 0.051758
0 0.573242 0.713379 0.052734 0.051758
