0 0.835449 0.958496 0.041992 0.024414
0 0.972168 0.968750 0.055664 0.039062
0 0.780273 0.764160 0.041016 0.038086
0 0.907715 0.709961 0.104492 0.042969
0 0.477051 0.719727 0.047852 0.076172
0 0.418457 0.629883 0.043945 0.039062
0 0.441406 0.550293 0.044922 0.110352
0 0.530273 0.500488 0.035156 0.038086
0 0.694824 0.553711 0.057617 0.035156
0 0.845703 0.550781 0.076172 0.058594
0 0.971191 0.420410 0.057617 0.071289
0 0.461914 0.166016 0.070312 0.029297
0 0.545898 0.090332 0.035156 0.063477
0 0.214844 0.129883 0.046875 0.041016
0 0.123047 0.064941 0.070312 0.045898
0 0.136230 0.188477 0.038086 0.087891
0 0.269531 0.372070 0.037109 0.054688
0 0.111328 0.343750 0.039062 0.037109
0 0.101562 0.404297 0.046875 0.041016
0 0.058594 0.425781 0.050781 0.033203
0 0.041016 0.486328 0.060547 0.046875
0 0.052734 0.572754 0.033203 0.049805
0 0.098145 0.591797 0.065430 0.041016
0 0.279785 0.630371 0.040039 0.041992
0 0.191895 0.661133 0.043945 0.046875
