0 0.229980 0.489258 0.063477 0.080078
0 0.152832 0.558594 0.075195 0.068359
0 0.471680 0.691406 0.044922 0.058594
0 0.171387 0.315918 0.061523 0.047852
0 0.436523 0.289551 0.091797 0.057617
0 0.457520 0.586426 0.041992 0.077148
0 0.253418 0.765625 0.049805 0.107422
0 0.897949 0.163086 0.174805 0.109375
0 0.582520 0.963867 0.059570 0.072266
0 0.869141 0.570801 0.087891 0.088867
0 0.362793 0.676270 0.059570 0.084961
0 0.697266 0.652344 0.113281 0.089844
0 0.477051 0.924316 0.047852 0.051758
0 0.088379 0.685059 0.057617 0.036133
0 0.650879 0.030762 0.051758 0.043945
0 0.968262 0.881348 0.038086 0.051758
0 0.169434 0.194336 0.049805 0.050781
0 0.913086 0.502441 0.044922 0.083008
0 0.767578 0.395020 0.052734 0.049805
0 0.224609 0.950195 0.109375 0.099609
0 0.528320 0.208496 0.080078 0.047852
0 0.554199 0.558594 0.041992 0.058594
0 0.333496 0.406738 0.036133 0.071289
0 0.956543 0.653809 0.086914 0.081055
0 0.748535 0.204102 0.073242 0.085938
0 0.729492 0.614746 0.105469 0.030273
0 0.215820 0.628906 0.072266 0.048828
0 0.974609 0.248535 0.050781 0.073242
0 0.109375 0.393066 0.068359 0.055664
0 0.555176 0.670898 0.094727 0.068359
0 0.024414 0.312988 0.048828 0.024414
0 0.748047 0.799316 0.111328 0.057617
0 0.522949 0.710449 0.051758 0.032227
0 0.550781 0.068848 0.060547 0.026367
0 0.917969 0.989258 0.050781 0.017578
0 0.415039 0.833496 0.060547 0.041992
0 0.527344 0.228027 0.072266 0.051758
0 0.671875 0.530762 0.041016 0.075195
0 0.291504 0.902832 0.061523 0.065430
0 0.357910 0.312012 0.071289 0.059570
0 0.059082 0.100098 0.118164 0.166992
0 0.288086 0.211914 0.115234 0.050781
0 0.645508 0.658203 0.082031 0.050781
0 0.669434 0.982422 0.034180 0.035156
0 0.336914 0.252930 0.029297 0.056641
0 0.505859 0.030762 0.037109 0.051758
0 0.087402 0.348633 0.067383 0.050781
0 0.050293 0.067871 0.079102 0.096680
0 0.753906 0.067383 0.037109 0.052734
0 0.074707 0.570312 0.108398 0.042969
0 0.751465 0.858398 0.024414 0.066406
0 0.970215 0.404297 0.055664 0.046875
0 0.310059 0.766113 0.034180 0.041992
0 0.335449 0.345215 0.083008 0.059570
0 0.254395 0.371582 0.094727 0.069336
0 0.029297 0.891113 0.058594 0.022461
0 0.283691 0.127930 0.114258 0.033203
0 0.333496 0.010254 0.045898 0.018555
0 0.892578 0.835449 0.050781 0.020508
0 0.017578 0.562500 0.035156 0.062500
0 0.290527 0.306641 0.069336 0.068359
0 0.801270 0.585938 0.045898 0.070312
0 0.745605 0.568359 0.057617 0.060547
0 0.770508 0.859375 0.029297 0.058594
0 0.881836 0.351074 0.037109 0.040039
0 0.947266 0.945801 0.037109 0.047852
0 0.986816 0.076172 0.026367 0.052734
0 0.305176 0.099121 0.045898 0.043945
0 0.572266 0.906250 0.048828 0.058594
0 0.608398 0.924316 0.042969 0.045898
