0 0.196777 0.957031 0.090820 0.085938
0 0.018555 0.716309 0.037109 0.112305
0 0.070801 0.822754 0.092773 0.084961
0 0.189941 0.778320 0.088867 0.080078
0 0.114258 0.536621 0.091797 0.081055
0 0.247070 0.445801 0.095703 0.092773
0 0.294922 0.298340 0.125000 0.125977
0 0.473145 0.348633 0.040039 0.111328
0 0.602051 0.405273 0.084961 0.093750
0 0.441895 0.529297 0.088867 0.109375
0 0.361816 0.602051 0.110352 0.098633
0 0.293457 0.598633 0.092773 0.074219
0 0.306641 0.661133 0.080078 0.066406
0 0.400391 0.698242 0.060547 0.066406
0 0.467773 0.662109 0.099609 0.070312
0 0.627441 0.665039 0.069336 0.083984
0 0.268066 0.746582 0.063477 0.073242
0 0.324219 0.782227 0.064453 0.062500
0 0.342285 0.828613 0.147461 0.063477
0 0.647461 0.895020 0.101562 0.118164
0 0.978516 0.776367 0.042969 0.062500
0 0.926758 0.795898 0.070312 0.066406
0 0.825195 0.720703 0.072266 0.068359
0 0.883789 0.704102 0.056641 0.060547
0 0.836426 0.656738 0.065430 0.059570
0 0.964355 0.604980 0.071289 0.116211
0 0.689453 0.479492 0.064453 0.074219
0 0.773926 0.477051 0.108398 0.112305
0 0.951660 0.458008 0.096680 0.126953
0 0.542969 0.433105 0.080078 0.098633
0 0.627930 0.626465 0.082031 0.053711
0 0.764648 0.650879 0.070312 0.069336
0 0.575684 0.661133 0.061523 0.068359
0 0.986816 0.862305 0.026367 0.054688
0 0.014160 0.967285 0.028320 0.061523
0 0.365723 0.977051 0.059570 0.045898
0 0.412598 0.991211 0.086914 0.017578
0 0.675293 0.989746 0.038086 0.020508
