0 0.530762 0.726074 0.102539 0.077148
0 0.295898 0.735840 0.087891 0.067383
0 0.437012 0.356934 0.100586 0.094727
0 0.554199 0.446777 0.075195 0.071289
0 0.402344 0.076660 0.089844 0.106445
0 0.944336 0.564453 0.111328 0.115234
0 0.027832 0.890137 0.055664 0.083008
0 0.689453 0.200684 0.080078 0.083008
0 0.202148 0.620605 0.054688 0.047852
0 0.693359 0.813477 0.136719 0.097656
0 0.145508 0.418457 0.062500 0.067383
0 0.202148 0.455566 0.109375 0.112305
0 0.429688 0.657227 0.099609 0.080078
0 0.857422 0.703125 0.080078 0.082031
0 0.893066 0.352539 0.124023 0.107422
0 0.282227 0.908203 0.089844 0.072266
0 0.416016 0.802246 0.078125 0.055664
0 0.801758 0.154785 0.095703 0.079102
0 0.034668 0.037598 0.069336 0.075195
0 0.037109 0.373535 0.064453 0.092773
0 0.213867 0.319824 0.080078 0.065430
0 0.142090 0.106934 0.055664 0.059570
0 0.935547 0.740723 0.082031 0.057617
0 0.097168 0.321777 0.094727 0.084961
0 0.933594 0.779785 0.132812 0.084961
0 0.969727 0.838379 0.060547 0.067383
0 0.530762 0.142090 0.083008 0.110352
