0 0.663086 0.670410 0.070312 0.077148
0 0.610840 0.062988 0.059570 0.086914
0 0.337891 0.923828 0.099609 0.082031
0 0.687988 0.069824 0.069336 0.094727
0 0.562012 0.902344 0.094727 0.185547
0 0.178223 0.623535 0.069336 0.106445
0 0.838379 0.392578 0.127930 0.111328
0 0.110840 0.369141 0.086914 0.072266
0 0.742676 0.379395 0.063477 0.090820
0 0.506836 0.750488 0.085938 0.106445
0 0.168945 0.303711 0.128906 0.138672
0 0.262207 0.214844 0.067383 0.119141
0 0.836426 0.969238 0.057617 0.057617
0 0.298828 0.845703 0.095703 0.070312
0 0.726074 0.795410 0.024414 0.092773
0 0.878906 0.597656 0.054688 0.109375
0 0.447266 0.661621 0.031250 0.110352
0 0.504883 0.262207 0.119141 0.073242
0 0.483398 0.575684 0.066406 0.083008
0 0.930176 0.659180 0.041992 0.107422
0 0.129883 0.879883 0.035156 0.105469
0 0.864258 0.347656 0.037109 0.093750
0 0.687988 0.275879 0.081055 0.069336
0 0.794434 0.776367 0.032227 0.062500
0 0.213379 0.033691 0.038086 0.067383
0 0.705078 0.158203 0.025391 0.072266
0 0.490723 0.620117 0.043945 0.078125
0 0.651367 0.123047 0.029297 0.099609
0 0.205566 0.530273 0.040039 0.167969
0 0.928223 0.586914 0.040039 0.093750
0 0.883301 0.929199 0.032227 0.131836
0 0.223633 0.890625 0.123047 0.171875
0 0.962402 0.308105 0.075195 0.071289
0 0.591309 0.355957 0.190430 0.079102
0 0.920898 0.958984 0.023438 0.068359
0 0.754883 0.975586 0.046875 0.048828
0 0.444336 0.028320 0.027344 0.056641
0 0.147461 0.125488 0.113281 0.038086
0 0.846191 0.864746 0.049805 0.055664
0 0.142090 0.145020 0.041992 0.083008
0 0.554688 0.037598 0.029297 0.075195
0 0.187012 0.794922 0.069336 0.039062
0 0.653809 0.923340 0.038086 0.153320
0 0.246582 0.944336 0.073242 0.078125
0 0.901367 0.146484 0.041016 0.054688
0 0.874023 0.681641 0.080078 0.050781
0 0.044922 0.859375 0.066406 0.042969
0 0.749512 0.013672 0.041992 0.027344
0 0.486816 0.508301 0.057617 0.049805
0 0.476074 0.933105 0.081055 0.055664
0 0.567383 0.147949 0.101562 0.213867
0 0.768066 0.090332 0.030273 0.069336
0 0.711914 0.323242 0.173828 0.083984
0 0.096191 0.567383 0.059570 0.058594
0 0.085938 0.244141 0.083984 0.070312
0 0.014648 0.013184 0.029297 0.026367
0 0.058594 0.046875 0.117188 0.066406
