0 0.905273 0.056641 0.076172 0.113281
0 0.736328 0.107910 0.230469 0.166992
0 0.562500 0.054199 0.158203 0.108398
0 0.983398 0.059082 0.033203 0.118164
0 0.033691 0.082031 0.067383 0.138672
0 0.211914 0.237305 0.140625 0.160156
0 0.441406 0.237305 0.162109 0.109375
0 0.291992 0.387207 0.242188 0.157227
0 0.724121 0.264160 0.077148 0.071289
0 0.744629 0.331055 0.075195 0.078125
0 0.755371 0.432129 0.192383 0.165039
0 0.943848 0.378418 0.092773 0.104492
0 0.909668 0.590332 0.075195 0.081055
0 0.818848 0.679199 0.092773 0.094727
0 0.793945 0.764160 0.107422 0.083008
0 0.811035 0.837891 0.157227 0.087891
0 0.514648 0.689453 0.162109 0.314453
0 0.298828 0.651855 0.089844 0.081055
0 0.149414 0.868652 0.103516 0.065430
0 0.167480 0.784180 0.190430 0.111328
0 0.040039 0.481934 0.080078 0.088867
0 0.681152 0.900879 0.075195 0.061523
0 0.260254 0.142090 0.168945 0.096680
0 0.360352 0.971680 0.119141 0.056641
0 0.393555 0.338867 0.179688 0.074219
0 0.115723 0.082520 0.122070 0.069336
0 0.060059 0.641602 0.120117 0.080078
0 0.889648 0.488281 0.179688 0.130859
