0 0.272949 0.085938 0.090820 0.171875
0 0.133789 0.350098 0.074219 0.159180
0 0.113770 0.440430 0.122070 0.076172
0 0.072266 0.509766 0.140625 0.091797
0 0.024902 0.624023 0.049805 0.101562
0 0.090820 0.644531 0.048828 0.121094
0 0.217285 0.622559 0.135742 0.131836
0 0.261230 0.328125 0.094727 0.160156
0 0.161621 0.218750 0.057617 0.080078
0 0.039062 0.259277 0.078125 0.088867
0 0.025391 0.735840 0.050781 0.102539
0 0.063477 0.840332 0.080078 0.071289
0 0.026367 0.952148 0.052734 0.064453
0 0.168457 0.962402 0.077148 0.075195
0 0.303223 0.826660 0.053711 0.071289
0 0.020020 0.087402 0.040039 0.092773
0 0.036621 0.142578 0.059570 0.089844
0 0.506348 0.621094 0.083008 0.064453
0 0.457031 0.548828 0.103516 0.074219
0 0.532715 0.520020 0.129883 0.122070
0 0.708496 0.415039 0.159180 0.119141
0 0.784668 0.420898 0.063477 0.056641
0 0.855469 0.473633 0.062500 0.054688
0 0.987793 0.547852 0.024414 0.095703
0 0.955078 0.263184 0.089844 0.069336
0 0.526855 0.152832 0.098633 0.092773
0 0.590820 0.233887 0.099609 0.084961
0 0.441895 0.194336 0.104492 0.171875
0 0.418945 0.028320 0.046875 0.056641
0 0.679688 0.013184 0.103516 0.026367
0 0.652344 0.110352 0.058594 0.103516
0 0.797363 0.143555 0.118164 0.193359
0 0.931641 0.085449 0.136719 0.170898
0 0.813965 0.756348 0.071289 0.083008
0 0.941406 0.804688 0.058594 0.109375
0 0.985352 0.863770 0.029297 0.131836
0 0.650879 0.950684 0.083008 0.081055
0 0.533691 0.818359 0.079102 0.195312
0 0.468262 0.712402 0.059570 0.059570
0 0.655273 0.847656 0.054688 0.103516
0 0.789062 0.522949 0.093750 0.069336
0 0.976562 0.517578 0.046875 0.050781
