0 0.420898 0.049805 0.091797 0.070312
0 0.123535 0.693359 0.122070 0.126953
0 0.652344 0.671875 0.089844 0.109375
0 0.493164 0.807129 0.091797 0.094727
0 0.843262 0.336914 0.073242 0.054688
0 0.153320 0.320801 0.113281 0.092773
0 0.581055 0.524414 0.107422 0.080078
0 0.812012 0.679199 0.100586 0.075195
0 0.294434 0.893555 0.084961 0.089844
0 0.433105 0.953613 0.086914 0.092773
0 0.776855 0.189453 0.065430 0.060547
0 0.480957 0.714844 0.092773 0.080078
0 0.303223 0.201660 0.096680 0.084961
0 0.825684 0.412109 0.092773 0.070312
0 0.590820 0.287109 0.068359 0.064453
0 0.897949 0.784668 0.151367 0.125977
0 0.150879 0.473633 0.077148 0.072266
0 0.752930 0.810547 0.107422 0.117188
0 0.279297 0.070801 0.089844 0.086914
0 0.325684 0.694824 0.122070 0.094727
0 0.681641 0.784180 0.125000 0.115234
0 0.441406 0.523926 0.085938 0.077148
0 0.380371 0.118652 0.057617 0.067383
0 0.503418 0.231934 0.122070 0.069336
0 0.036133 0.958496 0.072266 0.083008
0 0.789551 0.098145 0.100586 0.067383
0 0.022461 0.824219 0.044922 0.089844
0 0.749023 0.977539 0.183594 0.044922
0 0.403320 0.297852 0.062500 0.062500
0 0.649414 0.413574 0.095703 0.057617
