0 0.105957 0.342285 0.100586 0.065430
0 0.056152 0.053223 0.081055 0.083008
0 0.210449 0.006836 0.075195 0.013672
0 0.266602 0.023438 0.060547 0.046875
0 0.336914 0.071777 0.066406 0.106445
0 0.391113 0.130371 0.094727 0.088867
0 0.469727 0.130371 0.085938 0.083008
0 0.647461 0.226562 0.078125 0.080078
0 0.668945 0.315430 0.085938 0.097656
0 0.942383 0.315918 0.115234 0.079102
0 0.769531 0.047852 0.078125 0.087891
0 0.841797 0.085449 0.072266 0.063477
0 0.271484 0.558594 0.080078 0.080078
0 0.390137 0.530273 0.088867 0.109375
0 0.588379 0.572754 0.057617 0.090820
0 0.634766 0.556152 0.052734 0.069336
0 0.787598 0.465820 0.114258 0.064453
0 0.706543 0.519531 0.079102 0.060547
0 0.691895 0.573730 0.061523 0.086914
0 0.775879 0.617188 0.077148 0.070312
0 0.787598 0.678223 0.073242 0.069336
0 0.709473 0.778809 0.061523 0.071289
0 0.887207 0.873535 0.069336 0.086914
0 0.482422 0.591309 0.126953 0.079102
0 0.607910 0.657227 0.081055 0.072266
0 0.442871 0.658203 0.079102 0.089844
0 0.966797 0.424805 0.066406 0.087891
0 0.603027 0.879395 0.077148 0.090820
0 0.650879 0.927734 0.067383 0.058594
0 0.791992 0.925293 0.056641 0.081055
0 0.299316 0.959473 0.067383 0.081055
0 0.803223 0.981934 0.053711 0.036133
0 0.020996 0.624023 0.041992 0.066406
0 0.080078 0.691895 0.160156 0.075195
0 0.980957 0.270508 0.038086 0.042969
0 0.868652 0.959473 0.118164 0.061523
