0 0.972656 0.532715 0.054688 0.096680
0 0.417480 0.598633 0.098633 0.128906
0 0.867188 0.747070 0.156250 0.125000
0 0.840332 0.916992 0.120117 0.099609
0 0.730469 0.287598 0.117188 0.131836
0 0.119629 0.563477 0.094727 0.132812
0 0.387207 0.178223 0.073242 0.129883
0 0.335938 0.867676 0.101562 0.100586
0 0.296875 0.565430 0.091797 0.082031
0 0.832031 0.120117 0.169922 0.189453
0 0.946777 0.090820 0.084961 0.123047
0 0.261719 0.711426 0.095703 0.083008
0 0.697266 0.411621 0.089844 0.133789
0 0.314453 0.667969 0.076172 0.107422
0 0.769531 0.969727 0.060547 0.060547
0 0.322266 0.789551 0.089844 0.069336
0 0.205566 0.870605 0.094727 0.086914
0 0.074707 0.223145 0.094727 0.075195
0 0.068359 0.312012 0.115234 0.112305
0 0.816895 0.333496 0.075195 0.092773
0 0.729492 0.035645 0.089844 0.067383
0 0.048828 0.694336 0.095703 0.119141
0 0.035645 0.855957 0.069336 0.141602
0 0.861816 0.023438 0.104492 0.042969
0 0.036621 0.047363 0.073242 0.092773
0 0.738770 0.590332 0.071289 0.079102
