0 0.150391 0.271484 0.064453 0.087891
0 0.021973 0.437500 0.043945 0.113281
0 0.976562 0.685547 0.046875 0.089844
0 0.434082 0.300293 0.047852 0.088867
0 0.946289 0.297363 0.082031 0.065430
0 0.370605 0.078125 0.036133 0.085938
0 0.181641 0.046875 0.033203 0.089844
0 0.502930 0.131836 0.033203 0.105469
0 0.346191 0.512207 0.024414 0.065430
0 0.436523 0.177246 0.029297 0.065430
0 0.414551 0.220215 0.061523 0.049805
0 0.401367 0.419922 0.039062 0.080078
0 0.508301 0.378418 0.036133 0.075195
0 0.266602 0.109375 0.046875 0.082031
0 0.028320 0.106445 0.027344 0.072266
0 0.705566 0.683105 0.043945 0.090820
0 0.183594 0.376953 0.031250 0.064453
0 0.623535 0.186523 0.049805 0.080078
0 0.455566 0.071777 0.026367 0.098633
0 0.148438 0.605957 0.046875 0.077148
0 0.146973 0.401367 0.049805 0.068359
0 0.819824 0.448730 0.032227 0.083008
0 0.935547 0.751953 0.029297 0.076172
0 0.649414 0.978516 0.031250 0.042969
0 0.342773 0.056641 0.025391 0.093750
0 0.893555 0.185547 0.048828 0.082031
0 0.827637 0.372559 0.045898 0.073242
0 0.650391 0.143555 0.025391 0.085938
0 0.083496 0.020508 0.040039 0.041016
0 0.276855 0.446777 0.034180 0.051758
0 0.007812 0.510254 0.015625 0.040039
0 0.984863 0.051270 0.030273 0.061523
0 0.144531 0.639648 0.029297 0.093750
0 0.015137 0.194824 0.030273 0.028320
0 0.933105 0.147461 0.102539 0.056641
0 0.371582 0.681641 0.034180 0.068359
0 0.865234 0.593750 0.029297 0.058594
0 0.203125 0.616211 0.050781 0.046875
0 0.486816 0.750977 0.028320 0.056641
0 0.570312 0.982422 0.042969 0.035156
0 0.239258 0.776855 0.066406 0.059570
0 0.154297 0.163574 0.029297 0.055664
0 0.038086 0.748047 0.042969 0.062500
0 0.218262 0.714844 0.065430 0.052734
0 0.952148 0.344238 0.041016 0.096680
0 0.305664 0.771484 0.054688 0.050781
0 0.446289 0.780273 0.052734 0.025391
0 0.137207 0.459961 0.061523 0.033203
0 0.980469 0.532227 0.033203 0.048828
0 0.534180 0.450195 0.050781 0.044922
0 0.572266 0.855469 0.031250 0.052734
0 0.434082 0.747070 0.047852 0.054688
0 0.962402 0.496582 0.026367 0.053711
0 0.017578 0.808105 0.035156 0.045898
0 0.387695 0.849609 0.044922 0.046875
0 0.038086 0.885254 0.044922 0.040039
0 0.675293 0.037598 0.034180 0.043945
0 0.479492 0.090820 0.035156 0.068359
0 0.217285 0.591797 0.051758 0.042969
0 0.765137 0.793945 0.049805 0.054688
0 0.794922 0.839844 0.041016 0.060547
0 0.687500 0.819336 0.056641 0.035156
0 0.397461 0.174805 0.044922 0.042969
