0 0.298340 0.092285 0.071289 0.100586
0 0.234375 0.175781 0.062500 0.054688
0 0.172852 0.205566 0.064453 0.071289
0 0.180176 0.256348 0.063477 0.053711
0 0.319336 0.206055 0.062500 0.054688
0 0.326660 0.243652 0.084961 0.055664
0 0.273438 0.258789 0.060547 0.056641
0 0.271484 0.214844 0.062500 0.048828
0 0.204590 0.414551 0.079102 0.055664
0 0.701172 0.426270 0.072266 0.092773
0 0.773926 0.340820 0.047852 0.056641
0 0.775391 0.198242 0.056641 0.070312
0 0.753418 0.200195 0.084961 0.080078
0 0.836914 0.215820 0.068359 0.054688
0 0.869141 0.169434 0.080078 0.067383
0 0.976074 0.148926 0.047852 0.065430
0 0.893066 0.257324 0.065430 0.061523
0 0.868164 0.285156 0.060547 0.062500
0 0.955566 0.387695 0.079102 0.048828
0 0.911133 0.409668 0.062500 0.055664
0 0.279785 0.679688 0.145508 0.072266
0 0.395508 0.670410 0.062500 0.057617
0 0.210938 0.757812 0.078125 0.058594
0 0.139160 0.733398 0.055664 0.082031
0 0.106934 0.773438 0.208008 0.050781
0 0.043457 0.724121 0.086914 0.053711
0 0.027344 0.652344 0.054688 0.095703
0 0.320801 0.819824 0.075195 0.061523
0 0.306152 0.874023 0.104492 0.048828
0 0.216797 0.869629 0.054688 0.041992
0 0.270996 0.833008 0.053711 0.048828
0 0.185059 0.811523 0.073242 0.048828
0 0.138672 0.896484 0.080078 0.082031
0 0.429688 0.818848 0.050781 0.077148
0 0.483398 0.831055 0.041016 0.064453
0 0.570801 0.766602 0.055664 0.044922
0 0.616211 0.797363 0.056641 0.063477
0 0.690918 0.597656 0.090820 0.087891
0 0.730469 0.481934 0.076172 0.059570
0 0.851074 0.615723 0.067383 0.063477
0 0.817383 0.694336 0.066406 0.060547
0 0.758789 0.654785 0.103516 0.106445
0 0.970215 0.610352 0.059570 0.083984
0 0.865234 0.900391 0.083984 0.087891
0 0.756348 0.820312 0.083008 0.066406
0 0.470215 0.744141 0.067383 0.048828
0 0.433594 0.868164 0.066406 0.048828
0 0.346680 0.746094 0.056641 0.060547
0 0.181152 0.313965 0.063477 0.055664
0 0.326660 0.681641 0.081055 0.037109
