0 0.294434 0.305176 0.067383 0.088867
0 0.177734 0.252441 0.125000 0.086914
0 0.161133 0.334473 0.123047 0.065430
0 0.043945 0.103516 0.087891 0.083984
0 0.741211 0.083008 0.267578 0.148438
0 0.867676 0.183594 0.147461 0.083984
0 0.884766 0.388672 0.117188 0.085938
0 0.529297 0.480469 0.125000 0.080078
0 0.370605 0.474121 0.192383 0.084961
0 0.188477 0.530273 0.109375 0.119141
0 0.029297 0.679688 0.058594 0.097656
0 0.301270 0.703613 0.200195 0.100586
0 0.535156 0.687988 0.109375 0.184570
0 0.471680 0.771484 0.085938 0.152344
0 0.690918 0.804688 0.086914 0.224609
0 0.798340 0.825684 0.055664 0.166992
0 0.760742 0.966797 0.279297 0.066406
0 0.223633 0.921875 0.097656 0.082031
0 0.109863 0.928223 0.063477 0.081055
0 0.918457 0.283203 0.075195 0.078125
0 0.957031 0.958496 0.085938 0.065430
0 0.326660 0.972168 0.069336 0.055664
0 0.470703 0.310059 0.087891 0.047852
