0 0.200195 0.497070 0.117188 0.160156
0 0.580566 0.350098 0.151367 0.100586
0 0.266602 0.223145 0.121094 0.145508
0 0.781738 0.099609 0.174805 0.093750
0 0.819824 0.510742 0.206055 0.150391
0 0.593750 0.673340 0.099609 0.133789
0 0.541504 0.768066 0.108398 0.098633
0 0.285156 0.828613 0.117188 0.118164
0 0.074219 0.803223 0.134766 0.176758
0 0.177734 0.070801 0.138672 0.073242
0 0.118652 0.151367 0.096680 0.103516
0 0.369141 0.482422 0.101562 0.064453
0 0.433105 0.563477 0.102539 0.078125
0 0.198730 0.816406 0.073242 0.078125
0 0.316406 0.919434 0.089844 0.086914
0 0.765137 0.820801 0.075195 0.077148
0 0.781738 0.867676 0.071289 0.059570
0 0.839355 0.942871 0.077148 0.061523
0 0.822754 0.652344 0.098633 0.083984
0 0.665039 0.614746 0.078125 0.059570
0 0.703125 0.446289 0.066406 0.085938
0 0.933105 0.476562 0.133789 0.142578
0 0.609375 0.230469 0.111328 0.068359
0 0.588867 0.100586 0.130859 0.082031
0 0.378418 0.020996 0.151367 0.041992
0 0.978516 0.388672 0.042969 0.072266
0 0.857422 0.278320 0.119141 0.078125
0 0.808105 0.231445 0.137695 0.068359
0 0.972656 0.111328 0.054688 0.062500
0 0.459473 0.828125 0.071289 0.060547
0 0.631348 0.981934 0.075195 0.036133
