0 0.830566 0.853516 0.077148 0.078125
0 0.591309 0.898926 0.059570 0.063477
0 0.711914 0.797852 0.066406 0.068359
0 0.700195 0.590332 0.076172 0.086914
0 0.977539 0.128906 0.044922 0.115234
0 0.951172 0.175781 0.054688 0.062500
0 0.715332 0.344238 0.108398 0.065430
0 0.680176 0.291992 0.083008 0.058594
0 0.756836 0.070801 0.066406 0.083008
0 0.784180 0.148438 0.109375 0.078125
0 0.744629 0.201172 0.081055 0.066406
0 0.672363 0.209961 0.081055 0.080078
0 0.529785 0.145020 0.057617 0.067383
0 0.422852 0.169922 0.056641 0.083984
0 0.399414 0.222656 0.103516 0.080078
0 0.284180 0.191895 0.101562 0.084961
0 0.139648 0.228516 0.105469 0.130859
0 0.238281 0.459473 0.050781 0.059570
0 0.074219 0.305176 0.062500 0.077148
0 0.024414 0.299805 0.048828 0.132812
0 0.083496 0.114258 0.083008 0.085938
0 0.083496 0.046387 0.083008 0.069336
0 0.161133 0.036621 0.058594 0.071289
0 0.022949 0.689453 0.045898 0.056641
0 0.082520 0.735352 0.165039 0.080078
0 0.070312 0.825684 0.107422 0.075195
0 0.160645 0.842285 0.071289 0.114258
0 0.347656 0.860352 0.097656 0.070312
0 0.416992 0.817383 0.093750 0.080078
0 0.255859 0.013672 0.064453 0.027344
0 0.966797 0.015625 0.048828 0.029297
0 0.842285 0.024414 0.065430 0.048828
0 0.718262 0.743164 0.049805 0.056641
0 0.007812 0.821777 0.015625 0.065430
0 0.123535 0.793945 0.051758 0.039062
0 0.988770 0.852539 0.022461 0.070312
