0 0.096191 0.146484 0.083008 0.125000
0 0.244629 0.011230 0.096680 0.022461
0 0.438477 0.041992 0.093750 0.083984
0 0.440918 0.316895 0.108398 0.133789
0 0.666504 0.412109 0.141602 0.156250
0 0.786133 0.271973 0.062500 0.131836
0 0.791016 0.403320 0.097656 0.130859
0 0.599609 0.068848 0.060547 0.137695
0 0.962402 0.110840 0.075195 0.090820
0 0.973633 0.217285 0.052734 0.180664
0 0.797852 0.553223 0.099609 0.172852
0 0.630371 0.590332 0.135742 0.143555
0 0.616699 0.751465 0.083008 0.114258
0 0.532715 0.776367 0.069336 0.068359
0 0.492676 0.857422 0.081055 0.101562
0 0.706543 0.864746 0.116211 0.104492
0 0.790039 0.938477 0.091797 0.072266
0 0.252441 0.818359 0.170898 0.148438
0 0.242676 0.671875 0.163086 0.144531
0 0.010742 0.694824 0.021484 0.106445
0 0.158691 0.972168 0.125977 0.055664
0 0.354980 0.676270 0.108398 0.112305
0 0.910156 0.209473 0.087891 0.067383
