0 0.800781 0.065430 0.060547 0.091797
0 0.199707 0.301270 0.084961 0.079102
0 0.445801 0.033691 0.081055 0.065430
0 0.983887 0.181641 0.032227 0.078125
0 0.076660 0.567383 0.092773 0.052734
0 0.639160 0.443848 0.098633 0.077148
0 0.777832 0.548828 0.065430 0.101562
0 0.476074 0.370605 0.102539 0.057617
0 0.403809 0.381836 0.094727 0.050781
0 0.558594 0.098633 0.105469 0.068359
0 0.697266 0.359375 0.080078 0.050781
0 0.250488 0.152832 0.086914 0.061523
0 0.987305 0.588867 0.025391 0.064453
0 0.866211 0.187500 0.132812 0.066406
0 0.067871 0.623535 0.102539 0.053711
0 0.573242 0.697754 0.097656 0.043945
0 0.492676 0.595215 0.069336 0.053711
0 0.537598 0.510254 0.186523 0.086914
0 0.824219 0.400879 0.064453 0.047852
0 0.070312 0.272949 0.111328 0.041992
0 0.301270 0.329590 0.088867 0.071289
0 0.405762 0.315430 0.069336 0.056641
0 0.718262 0.705566 0.063477 0.057617
0 0.964355 0.417969 0.067383 0.042969
0 0.468262 0.706055 0.096680 0.050781
0 0.049316 0.088867 0.065430 0.050781
0 0.108887 0.037598 0.084961 0.071289
0 0.297852 0.036133 0.095703 0.056641
0 0.346191 0.510742 0.075195 0.054688
0 0.911133 0.688965 0.054688 0.055664
0 0.938965 0.653809 0.081055 0.065430
0 0.124023 0.702148 0.078125 0.058594
0 0.168945 0.029297 0.109375 0.033203
0 0.572266 0.920898 0.103516 0.056641
0 0.906250 0.263672 0.074219 0.056641
0 0.354004 0.428711 0.069336 0.058594
0 0.563477 0.557617 0.056641 0.060547
0 0.602051 0.973633 0.067383 0.046875
0 0.942383 0.019043 0.066406 0.038086
0 0.897461 0.109863 0.085938 0.036133
0 0.528809 0.709961 0.083008 0.083984
0 0.552246 0.970703 0.067383 0.048828
0 0.078125 0.330078 0.103516 0.103516
0 0.367676 0.985840 0.055664 0.028320
0 0.658691 0.811523 0.079102 0.050781
0 0.137207 0.461426 0.141602 0.059570
0 0.111328 0.736816 0.087891 0.026367
0 0.961426 0.735352 0.077148 0.058594
0 0.350098 0.321777 0.069336 0.043945
0 0.036621 0.474121 0.069336 0.034180
0 0.378906 0.026367 0.070312 0.050781
0 0.394531 0.560547 0.066406 0.037109
0 0.050781 0.062500 0.078125 0.087891
0 0.974609 0.797363 0.050781 0.038086
0 0.102051 0.505859 0.155273 0.054688
0 0.353027 0.557617 0.069336 0.041016
0 0.035645 0.354980 0.071289 0.059570
0 0.975098 0.808105 0.049805 0.038086
0 0.033691 0.865234 0.067383 0.046875
0 0.649414 0.010254 0.062500 0.020508
0 0.916992 0.816406 0.105469 0.041016
0 0.297852 0.673340 0.117188 0.051758
0 0.852539 0.843750 0.062500 0.064453
0 0.034668 0.952637 0.069336 0.041992
0 0.696777 0.976074 0.063477 0.041992
0 0.242188 0.009277 0.044922 0.018555
0 0.097168 0.674805 0.090820 0.078125
0 0.541016 0.803711 0.083984 0.050781
0 0.872070 0.631348 0.080078 0.057617
0 0.960938 0.621582 0.035156 0.047852
0 0.611328 0.682129 0.091797 0.043945
0 0.382324 0.435059 0.055664 0.043945
0 0.122559 0.369141 0.094727 0.070312
0 0.134277 0.403809 0.053711 0.040039
0 0.698242 0.784180 0.093750 0.035156
0 0.624512 0.856445 0.059570 0.050781
0 0.492188 0.189453 0.089844 0.050781
