0 0.012207 0.097656 0.024414 0.089844
0 0.021484 0.193359 0.042969 0.148438
0 0.252930 0.189453 0.070312 0.058594
0 0.247070 0.074707 0.082031 0.088867
0 0.112305 0.540527 0.082031 0.053711
0 0.179199 0.422852 0.065430 0.046875
0 0.275879 0.337402 0.063477 0.075195
0 0.279785 0.418457 0.075195 0.073242
0 0.287109 0.478516 0.050781 0.060547
0 0.278809 0.605957 0.108398 0.104492
0 0.105469 0.656250 0.119141 0.078125
0 0.015625 0.753906 0.031250 0.072266
0 0.017090 0.839355 0.034180 0.079102
0 0.161133 0.798828 0.089844 0.080078
0 0.104980 0.917969 0.049805 0.068359
0 0.757812 0.981934 0.072266 0.036133
0 0.576660 0.968750 0.079102 0.062500
0 0.588867 0.832031 0.125000 0.103516
0 0.430176 0.739258 0.129883 0.121094
0 0.477539 0.625000 0.058594 0.095703
0 0.458008 0.497070 0.066406 0.144531
0 0.376465 0.452148 0.059570 0.085938
0 0.543457 0.453613 0.086914 0.075195
0 0.596680 0.565430 0.078125 0.109375
0 0.876953 0.562988 0.097656 0.079102
0 0.849121 0.778809 0.067383 0.067383
0 0.790527 0.869141 0.100586 0.072266
0 0.747559 0.310059 0.176758 0.090820
0 0.627441 0.228027 0.069336 0.139648
0 0.714844 0.064941 0.130859 0.122070
0 0.428711 0.066895 0.091797 0.133789
