0 0.615723 0.584473 0.083008 0.094727
0 0.687012 0.241699 0.184570 0.075195
0 0.523438 0.976074 0.072266 0.047852
0 0.448242 0.901855 0.117188 0.120117
0 0.325684 0.700195 0.090820 0.066406
0 0.591797 0.729492 0.070312 0.095703
0 0.110840 0.129883 0.153320 0.134766
0 0.452148 0.088379 0.089844 0.122070
0 0.786133 0.174316 0.072266 0.059570
0 0.350586 0.971191 0.072266 0.057617
0 0.249512 0.190918 0.165039 0.147461
0 0.760742 0.624512 0.113281 0.090820
0 0.110352 0.964844 0.142578 0.070312
0 0.648438 0.915527 0.167969 0.147461
0 0.721680 0.789551 0.089844 0.100586
0 0.330566 0.262207 0.077148 0.084961
0 0.085938 0.732910 0.117188 0.067383
0 0.684570 0.350586 0.089844 0.123047
0 0.672363 0.768066 0.065430 0.083008
0 0.309570 0.413574 0.115234 0.172852
0 0.880859 0.764160 0.197266 0.165039
0 0.509766 0.513672 0.214844 0.097656
0 0.947266 0.413086 0.105469 0.162109
0 0.542969 0.668457 0.072266 0.067383
0 0.820801 0.951172 0.131836 0.097656
0 0.819824 0.638184 0.084961 0.077148
0 0.904785 0.697266 0.065430 0.080078
0 0.448242 0.219238 0.126953 0.155273
0 0.853027 0.074707 0.137695 0.065430
0 0.439453 0.585449 0.189453 0.112305
0 0.593262 0.334473 0.083008 0.069336
0 0.122070 0.657227 0.089844 0.105469
0 0.122070 0.274902 0.140625 0.112305
0 0.194336 0.965820 0.064453 0.052734
0 0.978516 0.949707 0.042969 0.049805
0 0.047363 0.401367 0.081055 0.085938
0 0.767090 0.109375 0.110352 0.070312
0 0.084473 0.603516 0.075195 0.132812
0 0.743652 0.308594 0.057617 0.052734
0 0.242188 0.074707 0.042969 0.036133
0 0.769531 0.952148 0.099609 0.095703
0 0.576660 0.187988 0.084961 0.102539
0 0.426758 0.489258 0.125000 0.080078
0 0.026855 0.632812 0.049805 0.062500
0 0.033203 0.024414 0.062500 0.044922
0 0.779297 0.068359 0.080078 0.072266
0 0.128418 0.573242 0.092773 0.068359
0 0.521973 0.048340 0.114258 0.086914
0 0.938477 0.036133 0.123047 0.072266
0 0.751953 0.416016 0.082031 0.117188
0 0.023438 0.555664 0.042969 0.078125
0 0.683105 0.884766 0.086914 0.105469
0 0.462402 0.964844 0.049805 0.070312
0 0.103516 0.939453 0.097656 0.089844
