0 0.268555 0.123047 0.078125 0.054688
0 0.210938 0.239746 0.074219 0.081055
0 0.144531 0.261230 0.113281 0.081055
0 0.237793 0.309570 0.098633 0.074219
0 0.052246 0.346191 0.047852 0.077148
0 0.174316 0.409180 0.086914 0.080078
0 0.134766 0.435547 0.076172 0.072266
0 0.109863 0.493652 0.100586 0.059570
0 0.291016 0.493164 0.082031 0.058594
0 0.230469 0.563477 0.083984 0.060547
0 0.339844 0.557129 0.109375 0.081055
0 0.426758 0.599121 0.072266 0.071289
0 0.516602 0.418457 0.082031 0.104492
0 0.559082 0.517090 0.112305 0.083008
0 0.602539 0.584961 0.083984 0.091797
0 0.393555 0.709473 0.101562 0.069336
0 0.240234 0.710938 0.087891 0.083984
0 0.253418 0.798828 0.100586 0.080078
0 0.310547 0.796875 0.087891 0.068359
0 0.297852 0.890137 0.128906 0.090820
0 0.298828 0.957520 0.068359 0.065430
0 0.368164 0.973145 0.083984 0.053711
0 0.164062 0.982910 0.052734 0.034180
0 0.035645 0.910156 0.071289 0.074219
0 0.984375 0.955078 0.031250 0.058594
0 0.724609 0.914062 0.093750 0.085938
0 0.768555 0.853027 0.070312 0.088867
0 0.886719 0.880371 0.058594 0.051758
0 0.947266 0.886230 0.095703 0.088867
0 0.792480 0.931152 0.065430 0.063477
0 0.808105 0.628418 0.075195 0.077148
0 0.983398 0.510254 0.033203 0.071289
0 0.697754 0.688965 0.047852 0.086914
0 0.605957 0.699219 0.073242 0.136719
0 0.522461 0.814941 0.091797 0.100586
0 0.532715 0.946777 0.090820 0.094727
0 0.665527 0.210938 0.086914 0.167969
0 0.827148 0.305176 0.082031 0.083008
0 0.901367 0.343750 0.103516 0.082031
0 0.849121 0.388184 0.077148 0.067383
0 0.909668 0.453613 0.047852 0.053711
0 0.942383 0.418945 0.072266 0.087891
0 0.980469 0.417969 0.039062 0.078125
0 0.974609 0.315430 0.050781 0.083984
0 0.926270 0.222656 0.083008 0.087891
0 0.798340 0.094727 0.069336 0.062500
0 0.837891 0.026855 0.103516 0.049805
0 0.738770 0.449707 0.063477 0.049805
0 0.020996 0.732422 0.041992 0.076172
0 0.843262 0.951660 0.102539 0.069336
0 0.022949 0.963867 0.045898 0.054688
0 0.017578 0.344727 0.035156 0.060547
0 0.117676 0.978516 0.053711 0.042969
0 0.929688 0.846680 0.052734 0.052734
0 0.876953 0.839844 0.064453 0.054688
