0 0.073242 0.139160 0.050781 0.055664
0 0.125000 0.167969 0.076172 0.072266
0 0.122070 0.110840 0.062500 0.059570
0 0.215332 0.018066 0.090820 0.036133
0 0.041504 0.030273 0.083008 0.060547
0 0.431152 0.099609 0.098633 0.052734
0 0.416504 0.138184 0.065430 0.063477
0 0.269043 0.167480 0.051758 0.059570
0 0.226074 0.312988 0.059570 0.131836
0 0.024902 0.253418 0.049805 0.061523
0 0.055176 0.606934 0.106445 0.063477
0 0.031250 0.662109 0.054688 0.046875
0 0.103516 0.679199 0.054688 0.065430
0 0.180176 0.634766 0.079102 0.101562
0 0.383301 0.480957 0.098633 0.057617
0 0.437500 0.412109 0.087891 0.125000
0 0.481445 0.493652 0.060547 0.149414
0 0.403320 0.541016 0.105469 0.089844
0 0.373047 0.614746 0.068359 0.061523
0 0.512695 0.625977 0.091797 0.089844
0 0.831543 0.074219 0.090820 0.074219
0 0.829590 0.534668 0.067383 0.063477
0 0.842285 0.590820 0.100586 0.058594
0 0.957520 0.585938 0.084961 0.080078
0 0.980957 0.467285 0.038086 0.116211
0 0.723145 0.612793 0.061523 0.049805
0 0.626465 0.641602 0.098633 0.058594
0 0.842773 0.663574 0.085938 0.051758
0 0.923340 0.644531 0.094727 0.054688
0 0.414062 0.681641 0.099609 0.064453
0 0.296875 0.697754 0.070312 0.073242
0 0.451172 0.732910 0.130859 0.067383
0 0.512207 0.762207 0.112305 0.071289
0 0.659180 0.768555 0.072266 0.076172
0 0.926270 0.774902 0.057617 0.090820
0 0.876465 0.887207 0.061523 0.077148
0 0.958008 0.913574 0.083984 0.088867
0 0.045898 0.853516 0.091797 0.072266
0 0.123047 0.910156 0.064453 0.082031
0 0.395508 0.974609 0.064453 0.050781
0 0.284180 0.981445 0.052734 0.037109
0 0.456543 0.960449 0.061523 0.069336
0 0.623047 0.970703 0.064453 0.058594
0 0.510254 0.971191 0.090820 0.057617
0 0.757812 0.920410 0.074219 0.040039
0 0.222656 0.884766 0.044922 0.039062
0 0.078613 0.265625 0.045898 0.042969
