0 0.434570 0.316406 0.080078 0.113281
0 0.834473 0.238281 0.083008 0.082031
0 0.643555 0.172852 0.115234 0.101562
0 0.094238 0.045410 0.090820 0.079102
0 0.519043 0.402344 0.069336 0.080078
0 0.557617 0.489893 0.126172 0.099902
0 0.646973 0.634277 0.102539 0.075195
0 0.892090 0.819824 0.092773 0.055664
0 0.234863 0.344727 0.145508 0.080078
0 0.361328 0.383789 0.119141 0.050781
0 0.402832 0.200684 0.065430 0.063477
0 0.384277 0.424805 0.088867 0.050781
0 0.169434 0.901855 0.094727 0.043945
0 0.897461 0.894043 0.089844 0.034180
0 0.042969 0.254395 0.082031 0.063477
0 0.347656 0.742188 0.183594 0.095703
0 0.372070 0.950684 0.099609 0.059570
0 0.774414 0.562500 0.109375 0.175781
0 0.823730 0.467773 0.084961 0.044922
0 0.589844 0.028809 0.054688 0.053711
0 0.101074 0.209961 0.200195 0.068359
0 0.208008 0.029785 0.078125 0.057617
0 0.824219 0.055176 0.046875 0.065430
0 0.379395 0.986816 0.092773 0.022461
0 0.478516 0.022949 0.095703 0.041992
0 0.727539 0.755371 0.066406 0.047852
0 0.605957 0.027344 0.047852 0.052734
0 0.022461 0.551758 0.044922 0.080078
0 0.863281 0.347168 0.101562 0.090820
0 0.874512 0.734375 0.081055 0.046875
0 0.844238 0.361816 0.063477 0.073242
0 0.779297 0.421387 0.058594 0.096680
0 0.097168 0.897949 0.073242 0.047852
0 0.938965 0.226074 0.051758 0.075195
0 0.527344 0.878906 0.037109 0.097656
0 0.770020 0.990234 0.061523 0.019531
0 0.965332 0.208496 0.069336 0.055664
0 0.827148 0.484375 0.083984 0.039062
0 0.640625 0.328125 0.056641 0.166016
0 0.205078 0.711426 0.107422 0.092773
0 0.743652 0.296875 0.124023 0.037109
0 0.363281 0.507812 0.183594 0.146484
0 0.608887 0.107910 0.055664 0.043945
0 0.041992 0.856934 0.074219 0.032227
0 0.154785 0.962402 0.063477 0.061523
0 0.616699 0.979492 0.143555 0.037109
0 0.545898 0.881348 0.029297 0.088867
0 0.603027 0.848145 0.051758 0.043945
0 0.715820 0.319824 0.130859 0.051758
0 0.531738 0.798340 0.145508 0.135742
0 0.790039 0.942383 0.072266 0.037109
0 0.193848 0.538086 0.057617 0.060547
0 0.251465 0.016113 0.034180 0.030273
0 0.185059 0.711914 0.166992 0.058594
0 0.375000 0.039062 0.054688 0.076172
0 0.109375 0.410156 0.033203 0.050781
0 0.092773 0.143555 0.175781 0.078125
0 0.215332 0.806152 0.047852 0.045898
0 0.499023 0.815918 0.125000 0.041992
0 0.339844 0.849121 0.113281 0.043945
0 0.401367 0.710449 0.136719 0.065430
0 0.348633 0.687988 0.095703 0.041992
0 0.278809 0.497559 0.073242 0.041992
0 0.973145 0.613281 0.053711 0.044922
0 0.822266 0.784668 0.076172 0.059570
0 0.461914 0.952148 0.140625 0.095703
