0 0.978516 0.197266 0.042969 0.070312
0 0.979492 0.305664 0.041016 0.058594
0 0.894531 0.536621 0.070312 0.057617
0 0.928223 0.467285 0.053711 0.051758
0 0.917480 0.242188 0.088867 0.087891
0 0.870117 0.021484 0.070312 0.041016
0 0.382812 0.314941 0.042969 0.057617
0 0.638672 0.260254 0.074219 0.083008
0 0.581055 0.238770 0.080078 0.098633
0 0.721191 0.320312 0.069336 0.111328
0 0.738770 0.267578 0.063477 0.054688
0 0.891602 0.672852 0.068359 0.054688
0 0.837891 0.672363 0.046875 0.053711
0 0.814453 0.722656 0.050781 0.044922
0 0.708984 0.664062 0.062500 0.052734
0 0.602051 0.735840 0.071289 0.077148
0 0.681641 0.861328 0.093750 0.080078
0 0.752930 0.935547 0.054688 0.064453
0 0.979980 0.848145 0.040039 0.049805
0 0.980469 0.814453 0.039062 0.042969
0 0.963867 0.751465 0.072266 0.057617
0 0.831055 0.777832 0.080078 0.098633
0 0.772461 0.833496 0.054688 0.059570
0 0.819824 0.940430 0.051758 0.058594
0 0.773926 0.970703 0.036133 0.058594
0 0.629883 0.941406 0.095703 0.087891
0 0.640137 0.978516 0.073242 0.042969
0 0.532227 0.956055 0.080078 0.087891
0 0.421387 0.942383 0.084961 0.068359
0 0.455078 0.851074 0.066406 0.061523
0 0.064941 0.917480 0.081055 0.051758
0 0.094238 0.840820 0.110352 0.054688
0 0.041504 0.759766 0.059570 0.054688
0 0.274414 0.887695 0.058594 0.046875
0 0.283691 0.725098 0.073242 0.069336
0 0.227051 0.687500 0.069336 0.064453
0 0.209473 0.640137 0.088867 0.071289
0 0.101074 0.552246 0.088867 0.053711
0 0.251465 0.485352 0.088867 0.037109
0 0.159668 0.474609 0.094727 0.064453
0 0.464355 0.468750 0.098633 0.052734
0 0.440918 0.399414 0.081055 0.033203
0 0.358887 0.526367 0.049805 0.062500
0 0.249023 0.336426 0.091797 0.090820
0 0.095215 0.359863 0.137695 0.055664
0 0.198730 0.416504 0.114258 0.047852
0 0.287109 0.406250 0.066406 0.062500
0 0.228027 0.143555 0.135742 0.078125
0 0.174316 0.161621 0.086914 0.075195
0 0.051758 0.223633 0.076172 0.142578
0 0.079590 0.103516 0.061523 0.050781
0 0.044922 0.039551 0.070312 0.049805
0 0.206543 0.014648 0.083008 0.029297
0 0.782715 0.412598 0.067383 0.057617
0 0.286133 0.024902 0.056641 0.049805
0 0.193848 0.093750 0.069336 0.054688
0 0.602539 0.394531 0.042969 0.042969
0 0.703125 0.016602 0.050781 0.033203
0 0.400391 0.085449 0.029297 0.030273
0 0.947754 0.388672 0.059570 0.080078
0 0.990234 0.375000 0.019531 0.044922
0 0.777344 0.350098 0.072266 0.065430
0 0.418457 0.368164 0.032227 0.042969
0 0.352539 0.437500 0.035156 0.054688
0 0.351562 0.450684 0.101562 0.043945
0 0.385742 0.404297 0.039062 0.066406
0 0.945312 0.805664 0.039062 0.042969
0 0.101074 0.951660 0.104492 0.041992
0 0.030762 0.876465 0.061523 0.040039
0 0.014160 0.906250 0.028320 0.052734
0 0.837891 0.454102 0.029297 0.035156
0 0.799316 0.457031 0.045898 0.044922
0 0.812500 0.867676 0.041016 0.045898
