0 0.425293 0.063477 0.135742 0.050781
0 0.540527 0.241699 0.122070 0.143555
0 0.970703 0.241699 0.056641 0.040039
0 0.929199 0.306152 0.098633 0.127930
0 0.095703 0.725586 0.101562 0.066406
0 0.544434 0.125000 0.098633 0.113281
0 0.707520 0.891113 0.100586 0.114258
0 0.689941 0.965332 0.163086 0.069336
0 0.753418 0.645020 0.059570 0.073242
0 0.030273 0.647949 0.060547 0.061523
0 0.283691 0.552734 0.125977 0.113281
0 0.957031 0.821289 0.085938 0.083984
0 0.542480 0.019531 0.090820 0.039062
0 0.193848 0.555664 0.063477 0.062500
0 0.576172 0.858887 0.142578 0.135742
0 0.095215 0.469238 0.063477 0.170898
0 0.049805 0.037109 0.099609 0.074219
0 0.437988 0.586914 0.073242 0.113281
0 0.983398 0.375977 0.033203 0.126953
0 0.979004 0.784668 0.041992 0.061523
0 0.442871 0.119629 0.127930 0.122070
0 0.988770 0.630371 0.020508 0.127930
0 0.161133 0.230469 0.068359 0.103516
0 0.831543 0.627930 0.083008 0.130859
0 0.902832 0.888184 0.055664 0.057617
0 0.398438 0.437500 0.076172 0.107422
0 0.092773 0.625488 0.080078 0.059570
0 0.051758 0.640625 0.066406 0.058594
0 0.113281 0.518066 0.041016 0.112305
0 0.826172 0.966309 0.064453 0.059570
0 0.916992 0.956055 0.087891 0.041016
0 0.943848 0.977539 0.057617 0.044922
0 0.932129 0.943848 0.086914 0.049805
0 0.970703 0.919922 0.056641 0.054688
0 0.980469 0.742676 0.039062 0.041992
0 0.709473 0.685547 0.096680 0.072266
0 0.183594 0.402344 0.091797 0.113281
0 0.077148 0.332031 0.060547 0.095703
0 0.038574 0.237793 0.077148 0.098633
0 0.021973 0.194336 0.043945 0.056641
0 0.152344 0.148926 0.074219 0.086914
0 0.365234 0.332031 0.078125 0.076172
0 0.778809 0.511230 0.092773 0.096680
0 0.868164 0.377441 0.230469 0.120117
0 0.854004 0.398926 0.055664 0.118164
0 0.865723 0.512695 0.043945 0.060547
0 0.597168 0.363281 0.196289 0.070312
0 0.607422 0.353027 0.189453 0.057617
0 0.476074 0.535156 0.104492 0.181641
0 0.526855 0.496582 0.120117 0.131836
0 0.317871 0.478516 0.075195 0.125000
0 0.265137 0.438965 0.075195 0.084961
0 0.569824 0.479980 0.100586 0.147461
0 0.612305 0.490723 0.097656 0.137695
0 0.792969 0.476074 0.058594 0.051758
