0 0.687500 0.135742 0.099609 0.220703
0 0.357422 0.330566 0.183594 0.139648
0 0.596680 0.455566 0.130859 0.102539
0 0.858398 0.684570 0.150391 0.074219
0 0.271973 0.646973 0.110352 0.094727
0 0.007324 0.637695 0.014648 0.070312
0 0.111328 0.848145 0.115234 0.174805
0 0.742676 0.834473 0.077148 0.106445
0 0.952637 0.033203 0.079102 0.066406
0 0.875000 0.586426 0.103516 0.073242
0 0.045898 0.715820 0.082031 0.056641
0 0.039062 0.480469 0.078125 0.076172
0 0.189941 0.664062 0.084961 0.076172
0 0.241699 0.777832 0.053711 0.114258
0 0.287598 0.754395 0.065430 0.110352
0 0.463867 0.784668 0.101562 0.075195
0 0.378418 0.638672 0.096680 0.089844
0 0.439941 0.706055 0.114258 0.117188
0 0.458984 0.912598 0.078125 0.108398
0 0.566406 0.931641 0.113281 0.091797
0 0.307617 0.911621 0.066406 0.094727
0 0.264160 0.949707 0.084961 0.100586
0 0.640137 0.735840 0.071289 0.122070
0 0.587891 0.605957 0.095703 0.104492
0 0.651855 0.544434 0.163086 0.084961
0 0.427734 0.275391 0.082031 0.066406
0 0.338867 0.230469 0.085938 0.107422
0 0.506836 0.045410 0.173828 0.090820
0 0.097656 0.016113 0.074219 0.032227
0 0.951660 0.196777 0.096680 0.135742
0 0.816406 0.337402 0.085938 0.075195
0 0.901367 0.429199 0.101562 0.081055
0 0.864746 0.777832 0.129883 0.092773
0 0.844238 0.940918 0.129883 0.118164
0 0.273438 0.476074 0.097656 0.084961
0 0.428223 0.499023 0.077148 0.068359
0 0.384277 0.901367 0.108398 0.197266
0 0.852539 0.387695 0.103516 0.080078
0 0.977539 0.341797 0.044922 0.058594
0 0.357910 0.463867 0.092773 0.085938
0 0.222656 0.267090 0.078125 0.084961
0 0.371094 0.476074 0.080078 0.084961
