0 0.608398 0.888672 0.251953 0.113281
0 0.145996 0.749512 0.161133 0.092773
0 0.029297 0.786133 0.058594 0.064453
0 0.019043 0.679199 0.038086 0.114258
0 0.210938 0.613770 0.130859 0.190430
0 0.311035 0.988770 0.110352 0.022461
0 0.249512 0.952637 0.057617 0.094727
0 0.354004 0.957031 0.094727 0.080078
0 0.370117 0.864258 0.072266 0.121094
0 0.816406 0.971680 0.296875 0.056641
0 0.940918 0.902344 0.118164 0.074219
0 0.744629 0.678223 0.120117 0.084961
0 0.904297 0.662109 0.191406 0.093750
0 0.618652 0.566895 0.291992 0.061523
0 0.536621 0.729004 0.202148 0.086914
0 0.671387 0.510742 0.211914 0.085938
0 0.123535 0.561035 0.120117 0.096680
0 0.024902 0.312988 0.049805 0.145508
0 0.010254 0.126953 0.020508 0.085938
0 0.153809 0.306641 0.127930 0.246094
0 0.168457 0.131348 0.096680 0.166992
0 0.226562 0.250488 0.072266 0.098633
0 0.323242 0.238770 0.097656 0.194336
0 0.647949 0.240723 0.219727 0.129883
0 0.937500 0.263672 0.125000 0.134766
0 0.566406 0.067871 0.121094 0.135742
0 0.297363 0.047852 0.112305 0.095703
0 0.573730 0.883789 0.098633 0.156250
0 0.720703 0.779297 0.089844 0.072266
