0 0.985352 0.048340 0.029297 0.096680
0 0.585938 0.064941 0.113281 0.129883
0 0.772461 0.837891 0.130859 0.117188
0 0.524414 0.643066 0.083984 0.159180
0 0.732422 0.065918 0.136719 0.131836
0 0.414062 0.771484 0.136719 0.130859
0 0.894043 0.106934 0.161133 0.213867
0 0.280273 0.753418 0.119141 0.204102
0 0.392090 0.207520 0.096680 0.192383
0 0.502441 0.812988 0.092773 0.069336
0 0.532715 0.408203 0.094727 0.232422
0 0.230957 0.878906 0.125977 0.048828
0 0.672852 0.604980 0.234375 0.108398
0 0.462891 0.817871 0.083984 0.139648
0 0.447754 0.652832 0.094727 0.231445
