0 0.891602 0.605957 0.121094 0.081055
0 0.745117 0.432129 0.097656 0.086914
0 0.718750 0.641113 0.052734 0.086914
0 0.620117 0.345703 0.082031 0.087891
0 0.862305 0.355469 0.083984 0.097656
0 0.964355 0.342773 0.071289 0.072266
0 0.939941 0.241211 0.120117 0.095703
0 0.975586 0.204590 0.048828 0.075195
0 0.730469 0.129883 0.085938 0.060547
0 0.965820 0.784668 0.068359 0.102539
0 0.601074 0.927246 0.100586 0.145508
0 0.623535 0.825684 0.083008 0.063477
0 0.476562 0.828613 0.066406 0.098633
0 0.326660 0.679688 0.135742 0.158203
0 0.208984 0.455566 0.115234 0.083008
0 0.459961 0.467285 0.119141 0.071289
0 0.383789 0.359863 0.119141 0.086914
0 0.445312 0.270996 0.068359 0.086914
0 0.319824 0.250977 0.114258 0.087891
0 0.375000 0.151855 0.089844 0.088867
0 0.252441 0.089355 0.096680 0.077148
0 0.185059 0.165039 0.176758 0.080078
0 0.040039 0.166504 0.080078 0.051758
0 0.052734 0.065430 0.105469 0.074219
0 0.121582 0.023926 0.065430 0.047852
0 0.954102 0.035645 0.091797 0.071289
0 0.232422 0.992676 0.066406 0.014648
0 0.333008 0.936035 0.138672 0.127930
0 0.259766 0.855957 0.093750 0.086914
0 0.117676 0.828613 0.094727 0.063477
0 0.031250 0.916016 0.062500 0.064453
0 0.041992 0.846680 0.064453 0.064453
0 0.220703 0.342773 0.148438 0.089844
0 0.074707 0.238281 0.149414 0.097656
