0 0.051758 0.666992 0.066406 0.062500
0 0.077148 0.768066 0.095703 0.073242
0 0.179688 0.978027 0.058594 0.043945
0 0.270996 0.860352 0.073242 0.082031
0 0.168457 0.615234 0.073242 0.058594
0 0.095215 0.493652 0.075195 0.088867
0 0.206055 0.544922 0.074219 0.085938
0 0.142090 0.416992 0.065430 0.087891
0 0.018066 0.338379 0.036133 0.084961
0 0.080078 0.272949 0.062500 0.075195
0 0.030273 0.158691 0.060547 0.079102
0 0.144043 0.034180 0.063477 0.068359
0 0.078125 0.082520 0.076172 0.061523
0 0.187988 0.118164 0.065430 0.076172
0 0.263672 0.102539 0.105469 0.056641
0 0.375488 0.031738 0.065430 0.057617
0 0.476074 0.066895 0.065430 0.079102
0 0.336914 0.398438 0.083984 0.097656
0 0.458496 0.232422 0.069336 0.060547
0 0.512695 0.127441 0.060547 0.057617
0 0.647949 0.054199 0.069336 0.049805
0 0.690918 0.022461 0.047852 0.044922
0 0.665527 0.131348 0.112305 0.061523
0 0.961914 0.073730 0.076172 0.063477
0 0.883301 0.138184 0.083008 0.075195
0 0.806152 0.201660 0.084961 0.065430
0 0.894531 0.278320 0.080078 0.080078
0 0.469727 0.407715 0.083984 0.067383
0 0.628906 0.310059 0.060547 0.061523
0 0.669922 0.275879 0.062500 0.067383
0 0.770508 0.325684 0.070312 0.057617
0 0.699219 0.406738 0.052734 0.106445
0 0.740234 0.467285 0.068359 0.071289
0 0.849609 0.440918 0.089844 0.069336
0 0.832031 0.524414 0.085938 0.074219
0 0.775391 0.566406 0.076172 0.072266
0 0.667969 0.573730 0.072266 0.065430
0 0.336914 0.520996 0.115234 0.092773
0 0.482422 0.576172 0.085938 0.052734
0 0.511719 0.519043 0.066406 0.069336
0 0.597168 0.669922 0.083008 0.087891
0 0.517578 0.710938 0.064453 0.058594
0 0.358398 0.768555 0.068359 0.089844
0 0.734375 0.619141 0.062500 0.076172
0 0.952637 0.520020 0.081055 0.098633
0 0.895996 0.606934 0.057617 0.059570
0 0.949219 0.653320 0.058594 0.064453
0 0.852539 0.705566 0.080078 0.069336
0 0.762695 0.760254 0.050781 0.079102
0 0.636719 0.757324 0.089844 0.096680
0 0.709961 0.738770 0.058594 0.090820
0 0.947266 0.745605 0.068359 0.075195
0 0.893555 0.836914 0.068359 0.074219
0 0.785645 0.898438 0.084961 0.078125
0 0.690430 0.918457 0.066406 0.081055
0 0.090820 0.810059 0.085938 0.057617
0 0.552246 0.020508 0.055664 0.041016
0 0.665039 0.987793 0.082031 0.024414
0 0.574219 0.162598 0.052734 0.071289
0 0.803223 0.415039 0.061523 0.054688
0 0.607422 0.019531 0.058594 0.039062
