0 0.246582 0.226562 0.073242 0.080078
0 0.125000 0.163574 0.068359 0.073242
0 0.191895 0.292969 0.077148 0.078125
0 0.242676 0.352539 0.061523 0.068359
0 0.353516 0.378418 0.093750 0.057617
0 0.345215 0.439453 0.084961 0.078125
0 0.495117 0.366211 0.062500 0.076172
0 0.552734 0.298828 0.070312 0.072266
0 0.659180 0.152832 0.091797 0.092773
0 0.720215 0.188477 0.104492 0.072266
0 0.844727 0.146484 0.078125 0.062500
0 0.537598 0.122559 0.061523 0.073242
0 0.630371 0.031250 0.086914 0.062500
0 0.242188 0.026855 0.091797 0.053711
0 0.021484 0.523438 0.042969 0.119141
0 0.151855 0.751953 0.102539 0.080078
0 0.183594 0.805664 0.113281 0.064453
0 0.273438 0.668457 0.072266 0.084961
0 0.325684 0.683594 0.063477 0.078125
0 0.520996 0.615234 0.057617 0.076172
0 0.651855 0.765137 0.081055 0.211914
0 0.723145 0.472168 0.077148 0.075195
0 0.623047 0.488770 0.074219 0.075195
0 0.868652 0.396484 0.137695 0.095703
0 0.866699 0.507324 0.122070 0.081055
0 0.980469 0.538574 0.039062 0.057617
0 0.795898 0.916016 0.101562 0.080078
0 0.740234 0.829590 0.093750 0.083008
0 0.684570 0.418457 0.054688 0.043945
0 0.722168 0.050293 0.063477 0.081055
0 0.523926 0.525879 0.055664 0.077148
