0 0.925781 0.242188 0.093750 0.091797
0 0.810547 0.305176 0.101562 0.110352
0 0.678223 0.272461 0.079102 0.130859
0 0.620117 0.333496 0.089844 0.100586
0 0.501953 0.268066 0.068359 0.104492
0 0.431641 0.184082 0.078125 0.163086
0 0.306152 0.029297 0.051758 0.058594
0 0.151367 0.083008 0.134766 0.085938
0 0.122070 0.018066 0.119141 0.036133
0 0.927734 0.023926 0.128906 0.047852
0 0.305664 0.281738 0.103516 0.084961
0 0.234375 0.333496 0.148438 0.090820
0 0.197754 0.424805 0.157227 0.062500
0 0.071777 0.338379 0.131836 0.069336
0 0.198242 0.511719 0.103516 0.068359
0 0.356934 0.461426 0.081055 0.061523
0 0.565430 0.427246 0.115234 0.094727
0 0.724121 0.432129 0.090820 0.067383
0 0.829102 0.481934 0.087891 0.069336
0 0.924805 0.502930 0.089844 0.078125
0 0.952148 0.425293 0.095703 0.083008
0 0.988281 0.393555 0.023438 0.074219
0 0.499512 0.888672 0.153320 0.097656
0 0.666992 0.879395 0.087891 0.096680
0 0.826660 0.878906 0.141602 0.080078
0 0.768066 0.955566 0.100586 0.065430
0 0.667480 0.964844 0.102539 0.070312
0 0.090332 0.895996 0.086914 0.083008
0 0.179199 0.895996 0.045898 0.045898
0 0.352539 0.874023 0.076172 0.068359
0 0.021973 0.899414 0.043945 0.074219
0 0.969238 0.888672 0.061523 0.060547
0 0.171875 0.123047 0.056641 0.042969
0 0.265137 0.105469 0.077148 0.089844
0 0.303223 0.412598 0.067383 0.053711
0 0.184570 0.926758 0.068359 0.046875
0 0.601562 0.905762 0.058594 0.059570
0 0.618652 0.668945 0.096680 0.068359
0 0.487793 0.192871 0.036133 0.041992
0 0.732910 0.179688 0.059570 0.044922
0 0.816895 0.084473 0.059570 0.055664
0 0.959961 0.049805 0.080078 0.083984
0 0.159668 0.505371 0.059570 0.063477
0 0.951172 0.333008 0.066406 0.058594
0 0.881836 0.378906 0.060547 0.066406
0 0.534180 0.422852 0.103516 0.107422
0 0.873047 0.196289 0.062500 0.076172
