0 0.218750 0.125977 0.074219 0.083984
0 0.853027 0.705566 0.112305 0.096680
0 0.124512 0.186035 0.069336 0.092773
0 0.287109 0.722168 0.144531 0.104492
0 0.101074 0.485840 0.106445 0.073242
0 0.704590 0.230469 0.069336 0.072266
0 0.283203 0.473145 0.119141 0.081055
0 0.122070 0.584473 0.089844 0.084961
0 0.057129 0.715820 0.065430 0.072266
0 0.291992 0.858398 0.132812 0.087891
0 0.880371 0.970703 0.110352 0.058594
0 0.063477 0.901855 0.097656 0.084961
0 0.228516 0.654785 0.082031 0.084961
0 0.735840 0.063477 0.083008 0.072266
0 0.822754 0.171875 0.086914 0.085938
0 0.786621 0.015625 0.065430 0.031250
0 0.704590 0.002441 0.075195 0.004883
0 0.720703 0.546875 0.082031 0.105469
0 0.824707 0.617188 0.084961 0.064453
