0 0.864746 0.820801 0.110352 0.118164
0 0.500488 0.482422 0.092773 0.125000
0 0.603516 0.488281 0.087891 0.113281
0 0.183594 0.148438 0.105469 0.119141
0 0.754395 0.733398 0.129883 0.158203
0 0.625977 0.698242 0.117188 0.113281
0 0.598145 0.055664 0.112305 0.107422
0 0.960449 0.488770 0.079102 0.116211
0 0.889160 0.497070 0.084961 0.095703
0 0.122559 0.732910 0.114258 0.102539
0 0.656250 0.920898 0.062500 0.078125
0 0.790527 0.314941 0.108398 0.108398
0 0.053711 0.441406 0.076172 0.126953
0 0.075684 0.071777 0.127930 0.129883
0 0.704590 0.046875 0.100586 0.089844
0 0.156250 0.609863 0.083984 0.102539
0 0.891113 0.038086 0.092773 0.072266
