0 0.019531 0.165527 0.039062 0.077148
0 0.100586 0.397461 0.101562 0.105469
0 0.024902 0.403809 0.049805 0.081055
0 0.184082 0.558105 0.114258 0.086914
0 0.199707 0.661133 0.083008 0.076172
0 0.358887 0.688477 0.116211 0.070312
0 0.225586 0.746582 0.082031 0.063477
0 0.160156 0.892578 0.093750 0.099609
0 0.014648 0.858398 0.029297 0.070312
0 0.292969 0.983398 0.076172 0.033203
0 0.337891 0.929199 0.097656 0.122070
0 0.449219 0.767578 0.076172 0.062500
0 0.609863 0.644043 0.077148 0.088867
0 0.686035 0.710938 0.106445 0.091797
0 0.605957 0.470703 0.073242 0.083984
0 0.557129 0.392578 0.098633 0.056641
0 0.526367 0.339844 0.074219 0.048828
0 0.421387 0.258301 0.086914 0.077148
0 0.573242 0.200195 0.070312 0.072266
0 0.662598 0.220703 0.092773 0.097656
0 0.621094 0.270020 0.050781 0.049805
0 0.730469 0.321289 0.062500 0.068359
0 0.616699 0.094727 0.094727 0.074219
0 0.444824 0.092773 0.088867 0.095703
0 0.397461 0.183105 0.072266 0.065430
0 0.289062 0.037598 0.103516 0.075195
0 0.560547 0.025879 0.107422 0.051758
0 0.978027 0.930664 0.043945 0.113281
0 0.892090 0.924316 0.069336 0.114258
0 0.853516 0.899414 0.085938 0.167969
0 0.900391 0.764648 0.128906 0.105469
0 0.839355 0.728027 0.071289 0.047852
0 0.782227 0.726074 0.056641 0.055664
0 0.988770 0.690430 0.022461 0.066406
0 0.957520 0.491699 0.084961 0.077148
0 0.846680 0.395020 0.117188 0.104492
0 0.985840 0.115234 0.028320 0.056641
0 0.933594 0.096191 0.058594 0.065430
0 0.970215 0.203125 0.059570 0.058594
0 0.711426 0.208496 0.073242 0.059570
0 0.476074 0.979004 0.096680 0.041992
