0 0.431152 0.650879 0.073242 0.100586
0 0.419922 0.536133 0.087891 0.064453
0 0.823730 0.537109 0.090820 0.072266
0 0.853516 0.681152 0.074219 0.145508
0 0.738281 0.360352 0.031250 0.091797
0 0.875977 0.293945 0.091797 0.087891
0 0.967773 0.376465 0.064453 0.077148
0 0.276367 0.135742 0.076172 0.066406
0 0.100586 0.979004 0.111328 0.041992
0 0.959961 0.538574 0.058594 0.096680
0 0.572754 0.369629 0.063477 0.065430
0 0.222168 0.958984 0.047852 0.082031
0 0.826172 0.072266 0.035156 0.082031
0 0.890625 0.409180 0.048828 0.105469
0 0.743164 0.511719 0.058594 0.074219
0 0.412598 0.829102 0.133789 0.064453
0 0.384766 0.119141 0.074219 0.076172
0 0.299805 0.474609 0.064453 0.072266
0 0.631836 0.351562 0.062500 0.066406
0 0.982910 0.687012 0.034180 0.059570
0 0.582031 0.433105 0.044922 0.106445
0 0.670898 0.980957 0.054688 0.034180
0 0.114258 0.351562 0.154297 0.074219
0 0.768066 0.225586 0.079102 0.056641
0 0.509766 0.080566 0.097656 0.084961
0 0.636230 0.281250 0.051758 0.068359
0 0.901855 0.029297 0.061523 0.058594
0 0.160156 0.218750 0.099609 0.042969
0 0.728027 0.049805 0.051758 0.062500
0 0.362305 0.027832 0.074219 0.051758
0 0.225098 0.506348 0.073242 0.055664
0 0.148438 0.138184 0.091797 0.040039
0 0.938965 0.087402 0.043945 0.084961
0 0.535645 0.192871 0.084961 0.045898
0 0.862305 0.347168 0.085938 0.069336
0 0.579102 0.022949 0.105469 0.045898
0 0.962891 0.402832 0.039062 0.073242
0 0.791504 0.291992 0.032227 0.091797
0 0.558594 0.531738 0.089844 0.026367
0 0.412598 0.464355 0.120117 0.065430
0 0.158203 0.421875 0.150391 0.060547
0 0.556152 0.145020 0.125977 0.045898
0 0.937500 0.489746 0.099609 0.067383
0 0.220703 0.174805 0.058594 0.039062
0 0.452637 0.789551 0.040039 0.073242
0 0.450830 0.773828 0.073340 0.116406
0 0.831543 0.174805 0.071289 0.039062
0 0.905762 0.202148 0.057617 0.056641
0 0.097656 0.668457 0.027344 0.065430
0 0.395508 0.396484 0.066406 0.033203
0 0.276367 0.094238 0.070312 0.047852
0 0.347656 0.611328 0.082031 0.042969
0 0.062012 0.227539 0.124023 0.033203
0 0.017090 0.390625 0.034180 0.041016
0 0.698730 0.398438 0.071289 0.058594
0 0.049316 0.481445 0.098633 0.033203
0 0.965820 0.810547 0.068359 0.058594
0 0.654785 0.100586 0.079102 0.033203
0 0.040039 0.197266 0.080078 0.046875
0 0.104980 0.904785 0.047852 0.038086
0 0.916992 0.987305 0.058594 0.025391
0 0.750000 0.013672 0.035156 0.027344
0 0.603516 0.828613 0.070312 0.065430
0 0.317383 0.589355 0.041016 0.075195
0 0.059082 0.244629 0.118164 0.041992
0 0.090332 0.413086 0.106445 0.113281
0 0.398926 0.364746 0.063477 0.069336
