0 0.618164 0.014648 0.105469 0.029297
0 0.660645 0.036133 0.108398 0.064453
0 0.717773 0.098633 0.146484 0.064453
0 0.733398 0.169434 0.052734 0.053711
0 0.796875 0.165039 0.062500 0.046875
0 0.767578 0.228516 0.068359 0.062500
0 0.353516 0.074707 0.082031 0.063477
0 0.355957 0.141602 0.104492 0.066406
0 0.292969 0.205078 0.111328 0.099609
0 0.283203 0.263672 0.105469 0.062500
0 0.139160 0.065430 0.127930 0.130859
0 0.051270 0.090820 0.102539 0.072266
0 0.958984 0.111328 0.082031 0.068359
0 0.951660 0.179199 0.065430 0.057617
0 0.914551 0.200684 0.084961 0.065430
0 0.893066 0.366699 0.098633 0.075195
0 0.688965 0.367188 0.118164 0.138672
0 0.772949 0.474609 0.081055 0.064453
0 0.633301 0.530762 0.077148 0.069336
0 0.720215 0.630371 0.067383 0.057617
0 0.953613 0.696777 0.083008 0.100586
0 0.062012 0.474121 0.124023 0.059570
0 0.145020 0.493652 0.161133 0.055664
0 0.112793 0.537598 0.063477 0.053711
0 0.349609 0.554199 0.109375 0.059570
0 0.519531 0.520508 0.091797 0.091797
0 0.465820 0.610352 0.076172 0.076172
0 0.383301 0.610840 0.073242 0.049805
0 0.294922 0.659668 0.220703 0.051758
0 0.234375 0.608398 0.099609 0.064453
0 0.539551 0.670410 0.065430 0.065430
0 0.590820 0.695801 0.101562 0.057617
0 0.624023 0.731445 0.087891 0.062500
0 0.717285 0.746094 0.083008 0.048828
0 0.432129 0.744141 0.200195 0.060547
0 0.505371 0.808105 0.114258 0.100586
0 0.622070 0.865234 0.126953 0.062500
0 0.832520 0.877441 0.098633 0.067383
0 0.918457 0.951660 0.086914 0.096680
0 0.952148 0.840820 0.066406 0.082031
0 0.324707 0.880859 0.049805 0.105469
0 0.367188 0.898926 0.054688 0.071289
0 0.222656 0.730469 0.072266 0.076172
0 0.069336 0.728516 0.138672 0.080078
0 0.033203 0.630371 0.066406 0.069336
0 0.095215 0.809082 0.178711 0.102539
0 0.224121 0.841309 0.092773 0.061523
0 0.247559 0.913574 0.071289 0.172852
0 0.093262 0.928223 0.170898 0.055664
0 0.427734 0.248047 0.095703 0.066406
0 0.911621 0.059570 0.053711 0.076172
0 0.872070 0.136230 0.072266 0.057617
