0 0.599609 0.423340 0.052734 0.083008
0 0.715820 0.093262 0.083984 0.110352
0 0.840820 0.355957 0.072266 0.098633
0 0.076172 0.822754 0.064453 0.088867
0 0.180664 0.566895 0.072266 0.067383
0 0.173340 0.032227 0.088867 0.052734
0 0.256348 0.122070 0.049805 0.072266
0 0.349121 0.400879 0.084961 0.061523
0 0.799805 0.038086 0.082031 0.076172
0 0.087402 0.477539 0.067383 0.097656
0 0.016602 0.431152 0.033203 0.110352
0 0.478027 0.706055 0.098633 0.076172
0 0.187012 0.073242 0.088867 0.070312
0 0.617188 0.774902 0.054688 0.073242
0 0.928223 0.086426 0.092773 0.086914
0 0.395020 0.081055 0.043945 0.093750
0 0.353516 0.760254 0.089844 0.038086
0 0.323242 0.449219 0.080078 0.126953
0 0.674805 0.153809 0.054688 0.047852
0 0.183594 0.220215 0.074219 0.041992
0 0.969238 0.407227 0.057617 0.113281
0 0.485840 0.107422 0.043945 0.072266
0 0.750977 0.620605 0.082031 0.053711
0 0.367676 0.935547 0.069336 0.044922
0 0.734863 0.556152 0.081055 0.083008
0 0.413574 0.417480 0.075195 0.065430
0 0.122070 0.456055 0.093750 0.128906
0 0.720215 0.371582 0.071289 0.083008
0 0.536621 0.102051 0.043945 0.061523
0 0.112793 0.738281 0.067383 0.027344
0 0.676270 0.422363 0.063477 0.090820
0 0.929688 0.550781 0.117188 0.091797
0 0.354492 0.682129 0.058594 0.032227
0 0.080566 0.259277 0.026367 0.053711
0 0.559082 0.270020 0.043945 0.034180
0 0.600098 0.615234 0.038086 0.066406
0 0.978516 0.603516 0.042969 0.072266
0 0.185547 0.818848 0.031250 0.075195
0 0.196289 0.816895 0.027344 0.071289
0 0.711914 0.020508 0.039062 0.041016
0 0.702148 0.485352 0.052734 0.060547
0 0.433105 0.450684 0.043945 0.081055
0 0.660156 0.905273 0.056641 0.039062
0 0.933105 0.924805 0.098633 0.044922
0 0.539600 0.203027 0.121973 0.053906
0 0.431641 0.169434 0.042969 0.038086
0 0.134277 0.027832 0.053711 0.055664
0 0.989258 0.929688 0.021484 0.064453
