0 0.159668 0.118164 0.071289 0.121094
0 0.051758 0.056152 0.089844 0.092773
0 0.085938 0.020508 0.052734 0.041016
0 0.362305 0.028320 0.099609 0.056641
0 0.773438 0.020996 0.093750 0.041992
0 0.765625 0.134766 0.072266 0.072266
0 0.565430 0.119629 0.078125 0.059570
0 0.527344 0.173828 0.068359 0.058594
0 0.307617 0.164551 0.060547 0.051758
0 0.371582 0.218262 0.116211 0.075195
0 0.740723 0.266602 0.108398 0.074219
0 0.840820 0.313965 0.115234 0.108398
0 0.969238 0.218750 0.061523 0.060547
0 0.849121 0.225098 0.069336 0.065430
0 0.941406 0.030762 0.056641 0.061523
0 0.587891 0.330078 0.054688 0.054688
0 0.704102 0.333496 0.087891 0.067383
0 0.774902 0.395508 0.075195 0.044922
0 0.803223 0.479492 0.069336 0.083984
0 0.489746 0.553223 0.069336 0.094727
0 0.679688 0.731445 0.062500 0.111328
0 0.798340 0.657715 0.118164 0.075195
0 0.910156 0.626465 0.103516 0.081055
0 0.835449 0.748047 0.100586 0.072266
0 0.824707 0.875000 0.137695 0.074219
0 0.625488 0.927734 0.084961 0.099609
0 0.307129 0.869629 0.165039 0.125977
0 0.239746 0.844238 0.098633 0.063477
0 0.167969 0.758789 0.101562 0.078125
0 0.334473 0.719238 0.124023 0.073242
0 0.297852 0.752930 0.076172 0.052734
0 0.443359 0.657227 0.119141 0.083984
0 0.096680 0.570312 0.107422 0.068359
0 0.073242 0.451172 0.058594 0.050781
0 0.033691 0.939453 0.055664 0.052734
0 0.169922 0.924805 0.076172 0.062500
0 0.083496 0.257324 0.081055 0.114258
0 0.089355 0.354980 0.106445 0.083008
0 0.224121 0.199219 0.090820 0.080078
0 0.583984 0.225098 0.083984 0.059570
0 0.712891 0.741699 0.103516 0.038086
0 0.639648 0.878418 0.062500 0.049805
