0 0.231934 0.320801 0.069336 0.100586
0 0.551270 0.160156 0.059570 0.105469
0 0.297363 0.257812 0.102539 0.111328
0 0.985352 0.273438 0.029297 0.060547
0 0.054199 0.102051 0.100586 0.094727
0 0.576660 0.627930 0.083008 0.085938
0 0.440918 0.062012 0.073242 0.124023
0 0.935547 0.123047 0.070312 0.060547
0 0.958008 0.053711 0.058594 0.078125
0 0.383301 0.459961 0.073242 0.066406
0 0.628418 0.216309 0.065430 0.075195
0 0.588867 0.268066 0.093750 0.100586
0 0.180176 0.753418 0.131836 0.083008
0 0.954102 0.405762 0.042969 0.110352
0 0.458984 0.254395 0.070312 0.059570
0 0.766602 0.075684 0.091797 0.069336
0 0.961914 0.713867 0.076172 0.044922
0 0.923828 0.208984 0.066406 0.050781
0 0.733398 0.700684 0.062500 0.084961
0 0.557129 0.684082 0.127930 0.086914
0 0.389648 0.958008 0.085938 0.052734
0 0.854004 0.510742 0.118164 0.072266
0 0.410645 0.700195 0.094727 0.089844
0 0.737305 0.273926 0.097656 0.063477
0 0.851074 0.074219 0.069336 0.056641
0 0.791016 0.708008 0.083984 0.056641
0 0.815918 0.418945 0.067383 0.070312
0 0.330078 0.862793 0.140625 0.077148
0 0.348145 0.077637 0.075195 0.102539
0 0.223145 0.977539 0.047852 0.044922
0 0.635742 0.139160 0.046875 0.065430
0 0.192871 0.121582 0.083008 0.104492
0 0.487305 0.374023 0.091797 0.054688
0 0.774902 0.946777 0.049805 0.065430
0 0.956055 0.102539 0.048828 0.062500
0 0.664062 0.649902 0.068359 0.069336
0 0.714355 0.979980 0.038086 0.040039
0 0.494141 0.698242 0.101562 0.119141
0 0.761719 0.759766 0.207031 0.076172
0 0.709961 0.014160 0.060547 0.028320
0 0.175781 0.645020 0.101562 0.059570
0 0.175781 0.687012 0.083984 0.040039
0 0.977539 0.292480 0.044922 0.069336
0 0.624512 0.639648 0.051758 0.042969
0 0.063965 0.746582 0.073242 0.047852
0 0.596680 0.676270 0.058594 0.049805
0 0.077148 0.043457 0.083984 0.086914
0 0.467285 0.014648 0.047852 0.029297
0 0.332031 0.751953 0.039062 0.072266
0 0.724609 0.544922 0.042969 0.031250
0 0.815430 0.799316 0.078125 0.045898
0 0.014648 0.672363 0.029297 0.069336
0 0.805176 0.983398 0.090820 0.033203
0 0.122070 0.978516 0.050781 0.023438
0 0.139160 0.286133 0.143555 0.130859
0 0.896484 0.806152 0.044922 0.045898
0 0.813965 0.013672 0.034180 0.027344
0 0.019043 0.024902 0.038086 0.047852
0 0.126465 0.074707 0.077148 0.055664
0 0.356445 0.826172 0.058594 0.031250
0 0.549316 0.153320 0.084961 0.066406
0 0.430664 0.404297 0.054688 0.033203
0 0.119629 0.991211 0.045898 0.017578
0 0.416016 0.958496 0.062500 0.043945
0 0.017578 0.587402 0.035156 0.051758
0 0.044922 0.458496 0.087891 0.036133
0 0.524902 0.784180 0.059570 0.076172
0 0.802246 0.462891 0.051758 0.056641
0 0.906738 0.278809 0.061523 0.043945
0 0.874512 0.262207 0.083008 0.094727
0 0.472656 0.222168 0.066406 0.047852
0 0.393555 0.018555 0.041016 0.037109
