0 0.020508 0.639160 0.041016 0.092773
0 0.119141 0.756836 0.070312 0.078125
0 0.063477 0.932129 0.078125 0.102539
0 0.337402 0.945801 0.100586 0.067383
0 0.398438 0.984375 0.058594 0.031250
0 0.443359 0.866699 0.121094 0.090820
0 0.846680 0.985840 0.060547 0.028320
0 0.978027 0.866211 0.043945 0.062500
0 0.825684 0.801758 0.149414 0.078125
0 0.664551 0.693848 0.145508 0.079102
0 0.425293 0.668457 0.079102 0.057617
0 0.532715 0.477539 0.075195 0.082031
0 0.788574 0.592773 0.096680 0.142578
0 0.984375 0.665527 0.031250 0.053711
0 0.957520 0.435059 0.084961 0.120117
0 0.855469 0.292480 0.111328 0.075195
0 0.742188 0.369141 0.126953 0.078125
0 0.230957 0.477051 0.094727 0.153320
0 0.227539 0.268555 0.082031 0.064453
0 0.148926 0.188965 0.075195 0.075195
0 0.336914 0.213379 0.078125 0.071289
0 0.430664 0.169434 0.095703 0.133789
0 0.562012 0.107910 0.092773 0.075195
0 0.612305 0.085938 0.082031 0.105469
0 0.647461 0.104004 0.087891 0.075195
0 0.610840 0.179688 0.084961 0.072266
0 0.916504 0.188477 0.166992 0.072266
0 0.714355 0.026855 0.084961 0.053711
0 0.746582 0.397949 0.071289 0.049805
0 0.871582 0.360840 0.053711 0.040039
