0 0.114746 0.835938 0.155273 0.103516
0 0.222656 0.733398 0.117188 0.167969
0 0.347168 0.258301 0.086914 0.122070
0 0.044922 0.400879 0.089844 0.118164
0 0.655762 0.643066 0.083008 0.096680
0 0.145508 0.216309 0.080078 0.102539
0 0.751953 0.044922 0.130859 0.089844
0 0.034668 0.625977 0.067383 0.222656
0 0.806641 0.236328 0.107422 0.050781
0 0.775879 0.918457 0.077148 0.083008
0 0.100098 0.097656 0.131836 0.117188
0 0.779297 0.729492 0.160156 0.134766
0 0.645020 0.281250 0.077148 0.085938
0 0.580566 0.594727 0.065430 0.070312
0 0.896484 0.303711 0.078125 0.140625
0 0.262207 0.513184 0.065430 0.067383
0 0.854004 0.935059 0.083008 0.127930
0 0.824219 0.151367 0.230469 0.082031
0 0.041016 0.056152 0.060547 0.112305
0 0.135254 0.421875 0.065430 0.064453
0 0.069824 0.057129 0.137695 0.106445
0 0.945312 0.581055 0.089844 0.164062
0 0.932617 0.073730 0.107422 0.147461
0 0.674316 0.964844 0.120117 0.070312
0 0.848633 0.611816 0.152344 0.110352
0 0.971680 0.302246 0.054688 0.079102
0 0.534180 0.180664 0.107422 0.054688
0 0.957520 0.402832 0.084961 0.083008
0 0.959473 0.628906 0.079102 0.214844
0 0.942383 0.231934 0.107422 0.118164
