0 0.824707 0.185059 0.084961 0.094727
0 0.326660 0.879395 0.051758 0.092773
0 0.857422 0.762695 0.083984 0.107422
0 0.899414 0.423340 0.074219 0.084961
0 0.458496 0.142090 0.065430 0.114258
0 0.643066 0.549805 0.043945 0.091797
0 0.777832 0.670410 0.051758 0.098633
0 0.178711 0.906738 0.076172 0.069336
0 0.861328 0.356934 0.091797 0.055664
0 0.694336 0.676758 0.087891 0.058594
0 0.112305 0.068848 0.068359 0.090820
0 0.694336 0.897461 0.117188 0.126953
0 0.703613 0.470215 0.083008 0.106445
0 0.622070 0.291016 0.093750 0.142578
0 0.560547 0.745117 0.091797 0.095703
0 0.102051 0.589355 0.067383 0.096680
0 0.242188 0.359375 0.095703 0.085938
0 0.379395 0.558594 0.141602 0.083984
0 0.288574 0.028320 0.073242 0.056641
0 0.798828 0.548828 0.076172 0.089844
0 0.165039 0.361816 0.109375 0.131836
0 0.324707 0.661621 0.077148 0.051758
0 0.033691 0.819824 0.067383 0.077148
0 0.087402 0.129883 0.047852 0.083984
0 0.647949 0.384766 0.073242 0.062500
0 0.145996 0.278809 0.083008 0.059570
0 0.534180 0.149902 0.029297 0.084961
0 0.853027 0.513184 0.069336 0.106445
0 0.473633 0.562012 0.068359 0.092773
0 0.378418 0.360840 0.065430 0.069336
0 0.505371 0.937500 0.043945 0.076172
0 0.127930 0.041016 0.042969 0.072266
0 0.177246 0.967285 0.067383 0.059570
0 0.496094 0.967285 0.068359 0.065430
0 0.556152 0.464844 0.057617 0.052734
0 0.762695 0.054688 0.121094 0.031250
0 0.125000 0.962402 0.083984 0.038086
0 0.691406 0.024414 0.058594 0.048828
0 0.661133 0.540527 0.029297 0.086914
0 0.463867 0.264160 0.083984 0.073242
0 0.793457 0.453125 0.041992 0.113281
0 0.787598 0.130859 0.067383 0.035156
0 0.747070 0.448242 0.054688 0.078125
0 0.984863 0.272461 0.030273 0.097656
0 0.078125 0.985352 0.064453 0.027344
0 0.171875 0.459473 0.070312 0.067383
0 0.015137 0.826172 0.028320 0.080078
0 0.618164 0.665527 0.044922 0.051758
0 0.743652 0.892090 0.055664 0.041992
0 0.458496 0.979004 0.043945 0.041992
0 0.508789 0.622070 0.048828 0.062500
0 0.439453 0.955566 0.064453 0.041992
0 0.018066 0.728516 0.036133 0.021484
0 0.760742 0.761719 0.074219 0.048828
0 0.483887 0.437988 0.166992 0.073242
