0 0.844238 0.208496 0.129883 0.083008
0 0.280762 0.233398 0.122070 0.078125
0 0.373535 0.300781 0.077148 0.072266
0 0.614258 0.670898 0.099609 0.087891
0 0.640625 0.463379 0.117188 0.077148
0 0.126953 0.027344 0.099609 0.054688
0 0.732422 0.423340 0.095703 0.104492
0 0.832031 0.106445 0.115234 0.097656
0 0.134766 0.800781 0.115234 0.101562
0 0.554688 0.294922 0.105469 0.080078
0 0.674316 0.739258 0.084961 0.089844
0 0.870605 0.025879 0.163086 0.051758
0 0.564453 0.511719 0.089844 0.080078
0 0.159180 0.609863 0.109375 0.079102
0 0.023438 0.789551 0.046875 0.075195
0 0.587402 0.790039 0.083008 0.080078
0 0.002441 0.519531 0.004883 0.080078
0 0.124512 0.921387 0.077148 0.098633
0 0.212402 0.484375 0.090820 0.062500
0 0.654785 0.066895 0.084961 0.065430
0 0.483398 0.659668 0.091797 0.094727
0 0.351074 0.086914 0.092773 0.070312
0 0.389648 0.414551 0.125000 0.129883
0 0.741211 0.684570 0.119141 0.052734
0 0.130859 0.521973 0.070312 0.104492
0 0.538574 0.027344 0.112305 0.054688
0 0.675781 0.179199 0.072266 0.075195
0 0.744629 0.590820 0.139648 0.078125
0 0.234375 0.420410 0.078125 0.063477
0 0.641113 0.355957 0.102539 0.086914
0 0.666992 0.538574 0.074219 0.067383
0 0.462402 0.122070 0.084961 0.054688
0 0.427246 0.217285 0.094727 0.075195
0 0.468262 0.845703 0.104492 0.105469
0 0.858398 0.674805 0.128906 0.107422
0 0.589844 0.126953 0.080078 0.060547
0 0.376953 0.559570 0.095703 0.070312
0 0.552246 0.564453 0.120117 0.080078
0 0.035645 0.573730 0.071289 0.114258
0 0.035645 0.960449 0.059570 0.079102
0 0.664551 0.964844 0.079102 0.070312
0 0.918457 0.597168 0.147461 0.075195
0 0.441406 0.972656 0.082031 0.054688
0 0.145508 0.435059 0.093750 0.075195
0 0.027832 0.413574 0.055664 0.096680
