0 0.077637 0.966309 0.090820 0.065430
0 0.288086 0.986816 0.054688 0.026367
0 0.018555 0.828613 0.037109 0.067383
0 0.096191 0.859863 0.049805 0.061523
0 0.249512 0.778809 0.098633 0.075195
0 0.259277 0.874512 0.124023 0.057617
0 0.205078 0.675781 0.082031 0.062500
0 0.032227 0.668945 0.064453 0.062500
0 0.120117 0.625488 0.083984 0.069336
0 0.048340 0.558594 0.096680 0.070312
0 0.005859 0.497559 0.011719 0.051758
0 0.097656 0.423828 0.064453 0.074219
0 0.249512 0.498535 0.053711 0.055664
0 0.321777 0.479980 0.055664 0.045898
0 0.330078 0.566895 0.074219 0.065430
0 0.176758 0.306641 0.060547 0.066406
0 0.099121 0.276855 0.055664 0.065430
0 0.029785 0.185059 0.059570 0.071289
0 0.209961 0.229980 0.054688 0.057617
0 0.301270 0.184570 0.057617 0.060547
0 0.092285 0.113281 0.084961 0.080078
0 0.121582 0.039062 0.071289 0.072266
0 0.019531 0.027344 0.039062 0.054688
0 0.319824 0.035645 0.081055 0.071289
0 0.336914 0.262207 0.058594 0.053711
0 0.318848 0.369629 0.067383 0.069336
0 0.403320 0.352051 0.060547 0.079102
0 0.425781 0.121582 0.173828 0.096680
0 0.413086 0.020020 0.070312 0.040039
0 0.673340 0.033203 0.120117 0.060547
0 0.654297 0.141113 0.111328 0.112305
0 0.869141 0.175293 0.087891 0.104492
0 0.886719 0.087891 0.091797 0.068359
0 0.942383 0.221191 0.070312 0.079102
0 0.811523 0.321289 0.119141 0.113281
0 0.822754 0.423340 0.094727 0.065430
0 0.631348 0.446289 0.118164 0.062500
0 0.522461 0.346191 0.089844 0.061523
0 0.575684 0.270020 0.094727 0.065430
0 0.707520 0.276367 0.055664 0.058594
0 0.506836 0.590332 0.099609 0.073242
0 0.471680 0.665527 0.121094 0.057617
0 0.612305 0.695801 0.064453 0.088867
0 0.771973 0.631348 0.079102 0.071289
0 0.755371 0.732910 0.118164 0.069336
0 0.756348 0.801270 0.122070 0.065430
0 0.394531 0.816895 0.068359 0.088867
0 0.421875 0.889648 0.085938 0.056641
0 0.582520 0.871582 0.106445 0.092773
0 0.675781 0.934082 0.144531 0.083008
0 0.963867 0.923828 0.072266 0.064453
0 0.986816 0.301270 0.026367 0.043945
