0 0.026367 0.048828 0.052734 0.082031
0 0.409180 0.319336 0.109375 0.068359
0 0.842285 0.096680 0.053711 0.080078
0 0.627441 0.147461 0.053711 0.074219
0 0.684570 0.929199 0.050781 0.086914
0 0.562988 0.450195 0.059570 0.078125
0 0.839355 0.406250 0.053711 0.087891
0 0.607910 0.767090 0.040039 0.069336
0 0.496582 0.748535 0.040039 0.073242
0 0.347168 0.667480 0.108398 0.084961
0 0.750000 0.311523 0.050781 0.060547
0 0.073242 0.340332 0.091797 0.081055
0 0.228027 0.079590 0.067383 0.063477
0 0.034180 0.626465 0.068359 0.077148
0 0.979492 0.419922 0.031250 0.091797
0 0.585449 0.904785 0.059570 0.090820
0 0.246094 0.048828 0.072266 0.050781
0 0.542969 0.277344 0.068359 0.083984
0 0.467773 0.406738 0.087891 0.043945
0 0.258301 0.367188 0.092773 0.062500
0 0.985840 0.713867 0.028320 0.066406
0 0.345215 0.378906 0.069336 0.052734
0 0.981445 0.308594 0.031250 0.072266
0 0.173828 0.493652 0.035156 0.065430
0 0.366211 0.756836 0.072266 0.035156
0 0.183105 0.558105 0.069336 0.032227
0 0.042480 0.422363 0.084961 0.032227
0 0.963379 0.737793 0.063477 0.040039
0 0.359863 0.118652 0.057617 0.051758
0 0.011719 0.143555 0.023438 0.037109
0 0.738281 0.813965 0.083984 0.047852
0 0.442871 0.744141 0.079102 0.039062
0 0.093750 0.143555 0.099609 0.027344
0 0.758789 0.020996 0.039062 0.041992
0 0.673340 0.068848 0.065430 0.053711
0 0.755371 0.768555 0.026367 0.062500
0 0.911133 0.767578 0.029297 0.052734
0 0.015137 0.378906 0.030273 0.056641
0 0.659668 0.374023 0.133789 0.109375
0 0.187988 0.190430 0.057617 0.033203
0 0.638672 0.054688 0.041016 0.097656
0 0.888672 0.177734 0.089844 0.025391
0 0.037109 0.982422 0.074219 0.035156
0 0.116211 0.600098 0.048828 0.049805
0 0.491699 0.969727 0.061523 0.025391
0 0.119629 0.678711 0.041992 0.054688
0 0.986328 0.184082 0.023438 0.079102
0 0.370605 0.894043 0.108398 0.018555
0 0.551758 0.565918 0.041016 0.038086
0 0.401367 0.855957 0.054688 0.059570
0 0.134277 0.515137 0.038086 0.059570
0 0.159180 0.094727 0.072266 0.031250
0 0.930176 0.132324 0.032227 0.057617
0 0.304199 0.018555 0.041992 0.037109
0 0.971191 0.822266 0.036133 0.031250
0 0.587402 0.320312 0.092773 0.105469
0 0.421875 0.541016 0.082031 0.037109
0 0.797852 0.965332 0.076172 0.020508
0 0.283203 0.806641 0.169922 0.068359
0 0.970215 0.993652 0.047852 0.012695
0 0.196777 0.821289 0.055664 0.037109
0 0.427246 0.141602 0.043945 0.052734
0 0.607910 0.976074 0.073242 0.022461
0 0.409668 0.521973 0.057617 0.024414
0 0.831543 0.744141 0.040039 0.039062
0 0.412598 0.723145 0.073242 0.022461
0 0.388184 0.695312 0.081055 0.029297
0 0.230957 0.531738 0.034180 0.036133
