0 0.669434 0.301270 0.139648 0.135742
0 0.937988 0.151367 0.108398 0.126953
0 0.937500 0.636719 0.125000 0.101562
0 0.818848 0.823242 0.208008 0.083984
0 0.636719 0.808105 0.105469 0.153320
0 0.555664 0.691895 0.123047 0.137695
0 0.161621 0.803223 0.198242 0.118164
0 0.950195 0.774414 0.099609 0.072266
0 0.753418 0.599121 0.131836 0.077148
0 0.685547 0.452637 0.125000 0.075195
0 0.955566 0.374512 0.088867 0.157227
0 0.242188 0.222656 0.144531 0.087891
0 0.092773 0.371094 0.101562 0.117188
0 0.328125 0.174316 0.117188 0.083008
0 0.433105 0.300293 0.073242 0.086914
0 0.447754 0.287109 0.071289 0.072266
0 0.246582 0.388672 0.104492 0.080078
0 0.278320 0.693848 0.060547 0.073242
0 0.194336 0.643555 0.101562 0.072266
0 0.045898 0.221680 0.091797 0.082031
0 0.357422 0.508301 0.080078 0.084961
0 0.281250 0.558105 0.083984 0.084961
0 0.021484 0.432129 0.042969 0.045898
0 0.138184 0.522949 0.145508 0.110352
0 0.095215 0.504883 0.145508 0.095703
0 0.846191 0.107910 0.161133 0.139648
0 0.942383 0.021973 0.097656 0.043945
0 0.821777 0.487305 0.100586 0.068359
0 0.815918 0.396973 0.083008 0.059570
0 0.863770 0.336426 0.071289 0.073242
0 0.808594 0.331055 0.058594 0.064453
0 0.577637 0.494141 0.088867 0.091797
0 0.770020 0.719238 0.092773 0.081055
0 0.990234 0.769531 0.019531 0.054688
0 0.924805 0.863281 0.091797 0.046875
0 0.902344 0.915527 0.134766 0.067383
0 0.982910 0.951172 0.034180 0.089844
0 0.612305 0.978027 0.097656 0.043945
0 0.520020 0.984375 0.077148 0.031250
0 0.473145 0.777832 0.090820 0.116211
0 0.366699 0.710449 0.100586 0.096680
0 0.517578 0.872559 0.099609 0.102539
0 0.439453 0.874023 0.070312 0.123047
0 0.675781 0.012695 0.062500 0.025391
0 0.857910 0.434570 0.081055 0.064453
