0 0.581055 0.195801 0.107422 0.073242
0 0.908203 0.098145 0.082031 0.118164
0 0.707031 0.061035 0.064453 0.067383
0 0.770508 0.017090 0.072266 0.034180
0 0.709961 0.250977 0.080078 0.072266
0 0.973633 0.260742 0.052734 0.082031
0 0.853027 0.948242 0.092773 0.087891
0 0.727051 0.195801 0.069336 0.051758
0 0.958008 0.619629 0.072266 0.069336
0 0.730957 0.114746 0.057617 0.049805
0 0.738281 0.432129 0.091797 0.065430
0 0.885742 0.352051 0.078125 0.075195
0 0.830566 0.838379 0.083008 0.102539
0 0.935547 0.807129 0.117188 0.094727
0 0.706055 0.607422 0.072266 0.080078
0 0.090820 0.087891 0.087891 0.097656
0 0.863281 0.508301 0.078125 0.077148
0 0.076660 0.155762 0.075195 0.067383
0 0.765625 0.660645 0.078125 0.077148
0 0.657227 0.896973 0.064453 0.094727
0 0.152832 0.729980 0.049805 0.075195
0 0.885742 0.879395 0.072266 0.110352
