0 0.398438 0.063477 0.097656 0.082031
0 0.533691 0.645508 0.061523 0.093750
0 0.125488 0.779297 0.147461 0.078125
0 0.596680 0.795410 0.087891 0.057617
0 0.247070 0.701172 0.082031 0.074219
0 0.031250 0.029785 0.062500 0.059570
0 0.569336 0.521973 0.107422 0.090820
0 0.447754 0.113770 0.079102 0.141602
0 0.981445 0.832031 0.037109 0.119141
0 0.733887 0.535156 0.086914 0.117188
0 0.557129 0.713867 0.071289 0.052734
0 0.025391 0.371094 0.050781 0.087891
0 0.870605 0.143555 0.104492 0.083984
0 0.349121 0.805664 0.166992 0.115234
0 0.553223 0.590820 0.094727 0.083984
0 0.592285 0.743164 0.071289 0.056641
0 0.905762 0.351562 0.106445 0.076172
0 0.142090 0.478027 0.147461 0.090820
0 0.453125 0.957031 0.097656 0.085938
0 0.697754 0.058105 0.086914 0.116211
0 0.404785 0.018066 0.067383 0.036133
0 0.814453 0.773438 0.130859 0.199219
0 0.936035 0.587891 0.090820 0.097656
0 0.032715 0.964844 0.065430 0.070312
0 0.751953 0.059570 0.097656 0.093750
0 0.148438 0.309570 0.113281 0.093750
0 0.068359 0.873047 0.103516 0.203125
0 0.840332 0.486328 0.084961 0.064453
0 0.851562 0.444336 0.138672 0.125000
0 0.457520 0.832520 0.116211 0.063477
0 0.521973 0.776367 0.079102 0.080078
0 0.497559 0.700684 0.059570 0.122070
0 0.454590 0.770508 0.067383 0.095703
0 0.429688 0.662598 0.062500 0.170898
0 0.378906 0.653809 0.095703 0.092773
0 0.298828 0.656250 0.074219 0.117188
0 0.219238 0.474609 0.151367 0.103516
0 0.420410 0.442383 0.055664 0.087891
0 0.365234 0.445801 0.070312 0.120117
0 0.303223 0.432129 0.096680 0.139648
