0 0.145996 0.071777 0.057617 0.086914
0 0.297852 0.066895 0.091797 0.133789
0 0.464355 0.041016 0.079102 0.082031
0 0.868652 0.031738 0.092773 0.063477
0 0.541992 0.025879 0.107422 0.051758
0 0.611328 0.201660 0.123047 0.065430
0 0.831543 0.229980 0.086914 0.088867
0 0.880371 0.142578 0.073242 0.101562
0 0.735840 0.356934 0.053711 0.077148
0 0.476074 0.427734 0.061523 0.093750
0 0.525391 0.450684 0.070312 0.106445
0 0.325684 0.457520 0.098633 0.088867
0 0.150391 0.565430 0.101562 0.140625
0 0.016113 0.678223 0.032227 0.200195
0 0.015137 0.510742 0.030273 0.099609
0 0.010254 0.843750 0.020508 0.095703
0 0.212402 0.747559 0.075195 0.096680
0 0.288086 0.863770 0.115234 0.071289
0 0.262695 0.923828 0.126953 0.089844
0 0.173828 0.960449 0.085938 0.079102
0 0.333008 0.633789 0.070312 0.126953
0 0.393555 0.592773 0.083984 0.105469
0 0.478516 0.661133 0.076172 0.091797
0 0.624512 0.675293 0.100586 0.170898
0 0.566895 0.757324 0.065430 0.073242
0 0.675293 0.520508 0.075195 0.115234
0 0.814941 0.581055 0.065430 0.144531
0 0.770020 0.681641 0.059570 0.140625
0 0.011230 0.296875 0.022461 0.082031
0 0.783203 0.958984 0.085938 0.068359
0 0.899414 0.907227 0.142578 0.083984
0 0.926270 0.797852 0.069336 0.091797
0 0.986328 0.803223 0.027344 0.073242
0 0.972656 0.595215 0.039062 0.077148
0 0.964355 0.454590 0.071289 0.098633
0 0.027832 0.211914 0.055664 0.076172
0 0.959961 0.268066 0.080078 0.075195
0 0.953125 0.198242 0.050781 0.066406
0 0.952637 0.023926 0.045898 0.047852
