0 0.707031 0.088379 0.125000 0.077148
0 0.418945 0.429688 0.105469 0.097656
0 0.526855 0.714844 0.075195 0.070312
0 0.604492 0.332031 0.089844 0.070312
0 0.755859 0.656738 0.087891 0.075195
0 0.259766 0.580566 0.150391 0.102539
0 0.742188 0.564453 0.105469 0.074219
0 0.223633 0.855957 0.060547 0.067383
0 0.574219 0.502441 0.101562 0.073242
0 0.068359 0.210938 0.078125 0.097656
0 0.372070 0.942383 0.080078 0.089844
0 0.814453 0.863281 0.109375 0.158203
0 0.803223 0.443359 0.073242 0.072266
0 0.261230 0.169434 0.077148 0.084961
0 0.526855 0.066895 0.110352 0.129883
0 0.457520 0.958984 0.067383 0.070312
0 0.963379 0.373047 0.073242 0.082031
0 0.933105 0.084473 0.127930 0.168945
0 0.090820 0.809570 0.113281 0.080078
0 0.943359 0.207031 0.087891 0.109375
0 0.255859 0.086914 0.091797 0.060547
0 0.553223 0.439453 0.077148 0.054688
0 0.828125 0.375977 0.152344 0.082031
0 0.208984 0.217285 0.062500 0.061523
0 0.358398 0.219727 0.070312 0.080078
0 0.974609 0.155762 0.050781 0.137695
0 0.181152 0.964844 0.057617 0.054688
0 0.641113 0.733398 0.092773 0.078125
0 0.143555 0.854492 0.087891 0.060547
0 0.904297 0.742188 0.089844 0.160156
0 0.393066 0.713379 0.083008 0.112305
0 0.626953 0.785645 0.070312 0.057617
0 0.614746 0.557129 0.065430 0.055664
0 0.447266 0.759766 0.150391 0.080078
0 0.545898 0.146973 0.062500 0.075195
0 0.421875 0.283203 0.078125 0.164062
0 0.912109 0.338379 0.070312 0.083008
0 0.939941 0.845703 0.120117 0.078125
0 0.232422 0.030762 0.080078 0.057617
0 0.969727 0.682129 0.054688 0.069336
0 0.214844 0.527344 0.070312 0.070312
0 0.360840 0.032715 0.116211 0.063477
0 0.038086 0.965820 0.072266 0.068359
0 0.038574 0.039551 0.075195 0.079102
0 0.029297 0.682129 0.054688 0.055664
0 0.918457 0.855957 0.077148 0.067383
0 0.039551 0.404297 0.075195 0.080078
0 0.480469 0.200684 0.074219 0.084961
0 0.874512 0.437012 0.075195 0.055664
0 0.018066 0.807129 0.036133 0.077148
0 0.021973 0.145996 0.040039 0.067383
0 0.388672 0.361816 0.054688 0.049805
0 0.442871 0.445312 0.041992 0.035156
0 0.686035 0.764648 0.077148 0.080078
0 0.920898 0.693359 0.062500 0.082031
