0 0.340820 0.123535 0.076172 0.077148
0 0.205078 0.161621 0.173828 0.100586
0 0.260254 0.282227 0.180664 0.208984
0 0.093262 0.195801 0.081055 0.098633
0 0.627930 0.060547 0.083984 0.103516
0 0.608398 0.208984 0.210938 0.082031
0 0.589355 0.321289 0.083008 0.101562
0 0.362305 0.479492 0.103516 0.095703
0 0.820312 0.301270 0.074219 0.170898
0 0.890137 0.338867 0.094727 0.132812
0 0.844727 0.446289 0.083984 0.066406
0 0.791504 0.544922 0.075195 0.082031
0 0.715820 0.398926 0.097656 0.122070
0 0.706055 0.529297 0.089844 0.148438
0 0.610352 0.429199 0.105469 0.071289
0 0.961426 0.455566 0.077148 0.081055
0 0.197754 0.735840 0.166992 0.122070
0 0.663574 0.703613 0.083008 0.102539
0 0.555664 0.919922 0.080078 0.160156
0 0.676270 0.905273 0.084961 0.160156
0 0.831543 0.917969 0.075195 0.107422
0 0.792480 0.958496 0.083008 0.083008
0 0.914551 0.960938 0.063477 0.068359
0 0.983887 0.958496 0.032227 0.071289
0 0.964844 0.690430 0.066406 0.261719
0 0.927734 0.145508 0.060547 0.132812
0 0.969727 0.180664 0.060547 0.146484
0 0.834961 0.090820 0.148438 0.140625
0 0.182617 0.048828 0.105469 0.093750
0 0.708496 0.980957 0.096680 0.038086
0 0.812500 0.509766 0.080078 0.070312
0 0.016602 0.050293 0.033203 0.073242
0 0.020508 0.140137 0.041016 0.106445
0 0.901367 0.285645 0.093750 0.077148
0 0.888184 0.294922 0.106445 0.107422
0 0.768066 0.412109 0.051758 0.058594
