0 0.219238 0.450684 0.084961 0.092773
0 0.067383 0.326172 0.134766 0.142578
0 0.029785 0.447266 0.059570 0.099609
0 0.599609 0.214844 0.205078 0.089844
0 0.746094 0.793457 0.152344 0.083008
0 0.034668 0.684570 0.069336 0.095703
0 0.470703 0.899902 0.152344 0.084961
0 0.345703 0.965820 0.078125 0.068359
0 0.274414 0.348145 0.099609 0.112305
0 0.824707 0.099121 0.104492 0.063477
0 0.864258 0.375488 0.125000 0.092773
0 0.702148 0.337402 0.160156 0.129883
0 0.776855 0.904785 0.149414 0.065430
0 0.465820 0.546875 0.197266 0.134766
0 0.891113 0.271973 0.092773 0.104492
0 0.373535 0.240723 0.077148 0.092773
0 0.704590 0.963379 0.174805 0.067383
0 0.948242 0.503906 0.103516 0.082031
0 0.597168 0.307129 0.190430 0.075195
0 0.296875 0.070801 0.089844 0.102539
0 0.612305 0.695801 0.169922 0.108398
0 0.321289 0.693359 0.078125 0.078125
0 0.212402 0.123047 0.075195 0.152344
0 0.539062 0.407715 0.210938 0.100586
0 0.496582 0.825684 0.127930 0.059570
0 0.566895 0.563477 0.110352 0.082031
0 0.358398 0.345703 0.132812 0.091797
0 0.562988 0.478516 0.137695 0.062500
0 0.315918 0.402344 0.131836 0.070312
0 0.213379 0.039551 0.131836 0.075195
0 0.550781 0.819824 0.099609 0.051758
0 0.025879 0.602051 0.051758 0.100586
0 0.254883 0.304199 0.125000 0.120117
0 0.343262 0.207031 0.073242 0.115234
0 0.934570 0.609375 0.125000 0.064453
0 0.271973 0.645996 0.090820 0.065430
