0 0.539062 0.211426 0.089844 0.153320
0 0.224609 0.614258 0.115234 0.115234
0 0.429199 0.724121 0.120117 0.104492
0 0.440918 0.253418 0.131836 0.077148
0 0.327637 0.342773 0.209961 0.095703
0 0.174805 0.840820 0.156250 0.091797
0 0.518555 0.752441 0.078125 0.106445
0 0.373535 0.916504 0.124023 0.086914
0 0.666016 0.912598 0.222656 0.137695
0 0.087402 0.903320 0.075195 0.078125
0 0.109375 0.608887 0.089844 0.092773
0 0.086914 0.420410 0.070312 0.096680
0 0.022461 0.400879 0.044922 0.122070
0 0.643555 0.590820 0.062500 0.113281
0 0.920410 0.797363 0.159180 0.190430
0 0.047363 0.791992 0.094727 0.234375
0 0.300293 0.981445 0.118164 0.037109
0 0.037598 0.644043 0.075195 0.172852
0 0.159180 0.964844 0.160156 0.070312
0 0.829590 0.780273 0.120117 0.082031
0 0.050781 0.155762 0.101562 0.083008
0 0.466797 0.499512 0.107422 0.139648
0 0.083496 0.069336 0.112305 0.105469
0 0.282227 0.143066 0.160156 0.137695
0 0.583008 0.537109 0.099609 0.203125
0 0.355957 0.184570 0.157227 0.175781
0 0.662598 0.087891 0.071289 0.083984
0 0.022461 0.091797 0.044922 0.089844
0 0.906250 0.045898 0.187500 0.087891
0 0.495605 0.453125 0.157227 0.109375
