0 0.652344 0.380859 0.169922 0.087891
0 0.119629 0.312012 0.094727 0.069336
0 0.681641 0.158203 0.125000 0.062500
0 0.260742 0.667969 0.107422 0.107422
0 0.844238 0.219238 0.219727 0.075195
0 0.039551 0.622070 0.077148 0.142578
0 0.106934 0.501953 0.104492 0.050781
0 0.145508 0.694336 0.087891 0.099609
0 0.036133 0.814941 0.072266 0.086914
0 0.203125 0.042969 0.078125 0.062500
0 0.162109 0.168457 0.074219 0.092773
0 0.348145 0.754883 0.102539 0.115234
0 0.464355 0.384277 0.145508 0.059570
0 0.341797 0.144531 0.125000 0.054688
0 0.745605 0.811035 0.137695 0.137695
0 0.351074 0.584473 0.147461 0.215820
0 0.475586 0.520996 0.132812 0.083008
0 0.396484 0.417969 0.132812 0.072266
0 0.900879 0.433105 0.198242 0.077148
0 0.036133 0.457031 0.072266 0.070312
0 0.900391 0.532227 0.152344 0.125000
0 0.884766 0.609375 0.160156 0.060547
0 0.710938 0.937988 0.187500 0.102539
0 0.272461 0.777344 0.169922 0.179688
0 0.637207 0.213379 0.049805 0.067383
0 0.117188 0.915039 0.144531 0.126953
0 0.416016 0.203613 0.052734 0.067383
0 0.437988 0.312012 0.047852 0.084961
0 0.268555 0.869629 0.142578 0.110352
0 0.804688 0.627441 0.125000 0.084961
0 0.645508 0.598145 0.062500 0.077148
0 0.747070 0.516602 0.070312 0.125000
0 0.761719 0.097168 0.089844 0.069336
0 0.055664 0.076660 0.052734 0.075195
0 0.679199 0.059570 0.084961 0.070312
0 0.669434 0.665527 0.049805 0.057617
0 0.329102 0.220703 0.097656 0.162109
0 0.894043 0.385742 0.157227 0.052734
0 0.863281 0.334473 0.167969 0.059570
0 0.028809 0.428711 0.051758 0.044922
0 0.438477 0.567871 0.132812 0.067383
0 0.054199 0.719727 0.049805 0.070312
0 0.860840 0.723633 0.137695 0.072266
0 0.898438 0.073242 0.087891 0.078125
0 0.143066 0.785645 0.047852 0.057617
0 0.886719 0.300781 0.089844 0.087891
0 0.674316 0.487305 0.059570 0.070312
0 0.195801 0.128418 0.092773 0.047852
0 0.157715 0.880371 0.063477 0.057617
0 0.962402 0.028809 0.075195 0.057617
0 0.529785 0.535645 0.049805 0.102539
0 0.606934 0.527344 0.055664 0.054688
0 0.723145 0.597168 0.086914 0.180664
0 0.822266 0.740723 0.080078 0.198242
0 0.231934 0.853516 0.049805 0.062500
0 0.332031 0.789551 0.074219 0.090820
0 0.967285 0.287109 0.065430 0.064453
0 0.198730 0.963867 0.102539 0.072266
0 0.932129 0.089844 0.135742 0.044922
0 0.971191 0.377930 0.057617 0.083984
0 0.764648 0.009277 0.179688 0.018555
