0 0.624023 0.877441 0.105469 0.059570
0 0.643555 0.558105 0.119141 0.075195
0 0.778320 0.346680 0.117188 0.091797
0 0.348633 0.496582 0.095703 0.069336
0 0.241211 0.653320 0.097656 0.062500
0 0.731934 0.062012 0.110352 0.055664
0 0.706543 0.246094 0.102539 0.052734
0 0.949707 0.082031 0.094727 0.085938
0 0.718750 0.457520 0.083984 0.041992
0 0.053223 0.455566 0.106445 0.067383
0 0.866699 0.631836 0.100586 0.037109
0 0.983887 0.824219 0.032227 0.074219
0 0.869629 0.588867 0.100586 0.042969
0 0.320312 0.062012 0.091797 0.055664
0 0.062500 0.033691 0.109375 0.049805
0 0.118652 0.300293 0.110352 0.073242
0 0.940430 0.486816 0.085938 0.086914
0 0.492188 0.250977 0.113281 0.126953
0 0.153320 0.257324 0.126953 0.069336
0 0.491211 0.850098 0.091797 0.086914
0 0.224121 0.798828 0.108398 0.046875
0 0.340332 0.953613 0.122070 0.041992
0 0.679199 0.709961 0.069336 0.044922
0 0.119629 0.834473 0.090820 0.045898
0 0.379883 0.344238 0.105469 0.051758
0 0.815430 0.553223 0.066406 0.028320
0 0.575195 0.041016 0.054688 0.072266
0 0.555176 0.781738 0.112305 0.051758
0 0.197754 0.166016 0.057617 0.056641
0 0.057129 0.626953 0.104492 0.037109
0 0.934570 0.398926 0.130859 0.094727
0 0.932129 0.158691 0.102539 0.036133
0 0.081055 0.190918 0.064453 0.065430
0 0.772949 0.637695 0.069336 0.033203
0 0.044922 0.571777 0.066406 0.032227
0 0.888672 0.512207 0.091797 0.040039
0 0.479492 0.632812 0.142578 0.037109
0 0.727051 0.223633 0.100586 0.070312
0 0.025879 0.056152 0.051758 0.034180
0 0.529297 0.148438 0.068359 0.039062
0 0.476562 0.419434 0.083984 0.038086
0 0.026855 0.140625 0.051758 0.042969
0 0.030273 0.353516 0.056641 0.048828
0 0.235840 0.742188 0.157227 0.058594
0 0.731934 0.939941 0.125977 0.038086
0 0.958008 0.014648 0.082031 0.029297
0 0.910645 0.957520 0.110352 0.047852
0 0.271973 0.613281 0.088867 0.046875
0 0.026367 0.492676 0.052734 0.053711
0 0.340332 0.980469 0.116211 0.035156
0 0.251953 0.465332 0.058594 0.049805
0 0.818359 0.182129 0.064453 0.051758
0 0.635742 0.928223 0.064453 0.034180
0 0.019531 0.983398 0.039062 0.029297
0 0.106934 0.790527 0.131836 0.041992
0 0.840332 0.729004 0.049805 0.053711
0 0.035156 0.722656 0.058594 0.017578
0 0.776855 0.213867 0.055664 0.050781
0 0.022949 0.369629 0.043945 0.036133
0 0.346191 0.013672 0.049805 0.025391
0 0.141602 0.596191 0.128906 0.043945
0 0.575684 0.086914 0.081055 0.031250
0 0.740723 0.563965 0.069336 0.032227
0 0.464355 0.875977 0.057617 0.041016
0 0.364746 0.111328 0.067383 0.037109
0 0.292383 0.443701 0.084766 0.034473
0 0.984863 0.132812 0.030273 0.019531
0 0.960938 0.920898 0.078125 0.039062
0 0.680664 0.776367 0.072266 0.033203
0 0.948242 0.832520 0.072266 0.043945
0 0.970703 0.570312 0.056641 0.052734
0 0.311523 0.100586 0.052734 0.033203
0 0.930664 0.563477 0.048828 0.042969
0 0.799316 0.165039 0.077148 0.070312
0 0.967285 0.853516 0.065430 0.035156
