0 0.049805 0.572754 0.087891 0.086914
0 0.128418 0.722168 0.125977 0.122070
0 0.757324 0.309570 0.063477 0.046875
0 0.056641 0.416504 0.087891 0.196289
0 0.181641 0.581055 0.087891 0.083984
0 0.264160 0.250000 0.200195 0.164062
0 0.064941 0.521973 0.124023 0.104492
0 0.517090 0.102051 0.211914 0.159180
0 0.553223 0.057617 0.239258 0.103516
0 0.055664 0.764160 0.107422 0.133789
0 0.403809 0.313477 0.147461 0.103516
0 0.895508 0.947754 0.087891 0.073242
0 0.347168 0.963379 0.194336 0.073242
0 0.286621 0.556152 0.155273 0.116211
0 0.053223 0.072754 0.106445 0.086914
0 0.638672 0.901855 0.101562 0.086914
0 0.187988 0.907715 0.086914 0.184570
0 0.538086 0.456055 0.197266 0.050781
0 0.706543 0.725586 0.100586 0.044922
0 0.495117 0.624023 0.105469 0.042969
0 0.039551 0.643555 0.069336 0.044922
