0 0.225586 0.107910 0.093750 0.094727
0 0.290039 0.168457 0.115234 0.065430
0 0.173828 0.236816 0.097656 0.059570
0 0.142578 0.359375 0.082031 0.105469
0 0.303223 0.447754 0.221680 0.096680
0 0.534180 0.290039 0.083984 0.123047
0 0.703125 0.261719 0.130859 0.136719
0 0.737793 0.387695 0.211914 0.154297
0 0.878418 0.270508 0.081055 0.150391
0 0.934082 0.168457 0.131836 0.092773
0 0.969238 0.300293 0.061523 0.051758
0 0.989258 0.342773 0.021484 0.064453
0 0.954102 0.417480 0.091797 0.114258
0 0.645996 0.054688 0.153320 0.099609
0 0.075195 0.034180 0.125000 0.068359
0 0.928711 0.057129 0.132812 0.114258
0 0.984375 0.699707 0.031250 0.069336
0 0.735840 0.566406 0.145508 0.125000
0 0.496582 0.537109 0.071289 0.062500
0 0.416504 0.767090 0.145508 0.151367
0 0.368652 0.852539 0.096680 0.105469
0 0.244629 0.744141 0.145508 0.089844
0 0.571777 0.912598 0.110352 0.168945
0 0.912109 0.775391 0.062500 0.109375
0 0.365723 0.034668 0.086914 0.069336
0 0.391602 0.469238 0.113281 0.125977
0 0.645020 0.061523 0.088867 0.123047
