0 0.951172 0.572266 0.097656 0.111328
0 0.974121 0.452148 0.051758 0.091797
0 0.985840 0.313965 0.028320 0.145508
0 0.865723 0.065918 0.106445 0.118164
0 0.624512 0.417480 0.092773 0.135742
0 0.817383 0.531738 0.103516 0.141602
0 0.772949 0.710449 0.137695 0.116211
0 0.204590 0.297852 0.133789 0.099609
0 0.062500 0.505859 0.091797 0.103516
0 0.098145 0.545410 0.096680 0.081055
0 0.282227 0.652344 0.144531 0.105469
0 0.480469 0.759766 0.173828 0.156250
0 0.231445 0.978027 0.095703 0.043945
0 0.339844 0.928223 0.136719 0.143555
0 0.046387 0.795410 0.081055 0.112305
0 0.022949 0.080566 0.045898 0.098633
0 0.147461 0.019043 0.076172 0.038086
0 0.272461 0.387695 0.150391 0.085938
0 0.285645 0.291504 0.086914 0.069336
0 0.392090 0.266113 0.077148 0.075195
0 0.474121 0.191895 0.084961 0.063477
0 0.444336 0.059082 0.125000 0.118164
0 0.651855 0.315918 0.065430 0.081055
0 0.481445 0.466797 0.115234 0.107422
0 0.625977 0.974609 0.074219 0.050781
0 0.882324 0.812500 0.102539 0.085938
0 0.836914 0.956543 0.058594 0.061523
0 0.978027 0.790527 0.043945 0.104492
0 0.841797 0.155273 0.076172 0.107422
0 0.137207 0.310059 0.092773 0.084961
