0 0.281250 0.027344 0.072266 0.054688
0 0.169922 0.116211 0.058594 0.064453
0 0.131348 0.368164 0.088867 0.072266
0 0.024902 0.581055 0.049805 0.083984
0 0.050781 0.734863 0.072266 0.075195
0 0.083984 0.825684 0.072266 0.084961
0 0.217285 0.796387 0.098633 0.055664
0 0.136719 0.906250 0.076172 0.078125
0 0.175293 0.956055 0.065430 0.052734
0 0.127930 0.485352 0.080078 0.058594
0 0.257812 0.337891 0.062500 0.062500
0 0.401367 0.335938 0.056641 0.080078
0 0.389648 0.571289 0.095703 0.058594
0 0.365234 0.479492 0.095703 0.076172
0 0.464844 0.639648 0.074219 0.119141
0 0.369629 0.709473 0.069336 0.071289
0 0.467773 0.734863 0.083984 0.083008
0 0.573730 0.671387 0.077148 0.086914
0 0.362793 0.071777 0.069336 0.086914
0 0.442871 0.126465 0.047852 0.077148
0 0.549805 0.189453 0.066406 0.111328
0 0.412598 0.269043 0.065430 0.051758
0 0.715820 0.278809 0.070312 0.079102
0 0.794922 0.243652 0.093750 0.086914
0 0.579590 0.015625 0.088867 0.031250
0 0.607422 0.045898 0.066406 0.091797
0 0.733398 0.016602 0.123047 0.033203
0 0.926270 0.332520 0.071289 0.077148
0 0.910156 0.281250 0.074219 0.072266
0 0.787109 0.451660 0.093750 0.067383
0 0.895996 0.505371 0.069336 0.063477
0 0.958984 0.556152 0.082031 0.079102
0 0.904785 0.651367 0.063477 0.089844
0 0.785645 0.666992 0.077148 0.064453
0 0.913086 0.791992 0.113281 0.109375
0 0.966309 0.886230 0.067383 0.055664
0 0.795410 0.931152 0.079102 0.083008
0 0.592773 0.840820 0.091797 0.078125
0 0.436523 0.876953 0.054688 0.089844
0 0.549316 0.895020 0.040039 0.047852
0 0.478027 0.501953 0.067383 0.046875
0 0.827637 0.971680 0.084961 0.056641
0 0.893066 0.045898 0.081055 0.080078
0 0.783203 0.073242 0.070312 0.062500
0 0.565430 0.297852 0.058594 0.076172
0 0.590332 0.614746 0.079102 0.053711
0 0.598633 0.792480 0.064453 0.061523
0 0.981445 0.710938 0.037109 0.070312
0 0.682617 0.145020 0.064453 0.055664
0 0.887695 0.105957 0.052734 0.028320
0 0.383789 0.691406 0.060547 0.103516
