0 0.671387 0.521973 0.055664 0.069336
0 0.027344 0.103027 0.054688 0.096680
0 0.051270 0.439453 0.059570 0.068359
0 0.876465 0.150391 0.067383 0.064453
0 0.135254 0.225586 0.061523 0.095703
0 0.635254 0.837402 0.086914 0.090820
0 0.610352 0.363770 0.042969 0.055664
0 0.546875 0.209961 0.054688 0.062500
0 0.486816 0.939453 0.122070 0.083984
0 0.073730 0.149902 0.081055 0.108398
0 0.714844 0.634277 0.074219 0.073242
0 0.291992 0.501465 0.066406 0.084961
0 0.815430 0.219727 0.058594 0.058594
0 0.842285 0.124512 0.100586 0.079102
0 0.380371 0.119141 0.108398 0.068359
0 0.659668 0.359863 0.057617 0.067383
0 0.410156 0.546875 0.130859 0.083984
0 0.690430 0.252930 0.076172 0.066406
0 0.782715 0.599609 0.063477 0.046875
0 0.881348 0.605469 0.096680 0.070312
0 0.916992 0.678223 0.117188 0.073242
0 0.758789 0.716309 0.101562 0.057617
0 0.747559 0.757812 0.094727 0.041016
0 0.628906 0.952148 0.064453 0.095703
0 0.687988 0.975098 0.083008 0.049805
0 0.039062 0.842773 0.062500 0.095703
0 0.051270 0.909180 0.069336 0.062500
0 0.116699 0.982910 0.084961 0.034180
0 0.119629 0.908691 0.059570 0.077148
0 0.184570 0.938477 0.082031 0.105469
0 0.237305 0.865234 0.044922 0.087891
0 0.773926 0.040527 0.092773 0.071289
0 0.788574 0.191895 0.073242 0.067383
