0 0.978516 0.285645 0.042969 0.083008
0 0.125488 0.835449 0.137695 0.092773
0 0.747070 0.965820 0.179688 0.068359
0 0.681641 0.478516 0.117188 0.107422
0 0.709961 0.303223 0.080078 0.077148
0 0.840820 0.570801 0.123047 0.172852
0 0.789551 0.872070 0.079102 0.134766
0 0.741699 0.387695 0.100586 0.070312
0 0.944824 0.540527 0.110352 0.127930
0 0.204102 0.426758 0.195312 0.150391
0 0.408203 0.144531 0.082031 0.095703
0 0.519531 0.625488 0.089844 0.137695
0 0.142090 0.959961 0.065430 0.080078
0 0.668457 0.900879 0.057617 0.083008
0 0.754883 0.061035 0.125000 0.104492
0 0.447266 0.723633 0.054688 0.052734
0 0.478516 0.507324 0.087891 0.075195
0 0.546875 0.179199 0.064453 0.120117
0 0.554688 0.557129 0.109375 0.059570
0 0.571777 0.759766 0.110352 0.080078
0 0.717285 0.150879 0.094727 0.092773
0 0.684570 0.598145 0.064453 0.102539
0 0.474609 0.353516 0.080078 0.142578
0 0.393066 0.412109 0.092773 0.044922
0 0.053223 0.365723 0.096680 0.077148
0 0.933105 0.364746 0.047852 0.040039
0 0.219727 0.234863 0.070312 0.075195
0 0.667969 0.734375 0.062500 0.044922
0 0.341797 0.033691 0.080078 0.057617
0 0.621582 0.842285 0.084961 0.065430
0 0.438477 0.272461 0.257812 0.080078
0 0.437012 0.199219 0.069336 0.070312
0 0.312988 0.138184 0.112305 0.102539
0 0.261719 0.164551 0.134766 0.075195
0 0.553223 0.815430 0.092773 0.142578
0 0.033203 0.954590 0.062500 0.065430
0 0.792969 0.241699 0.052734 0.049805
0 0.906250 0.582031 0.062500 0.070312
0 0.105469 0.073242 0.062500 0.068359
0 0.129395 0.680664 0.055664 0.062500
0 0.041992 0.054688 0.064453 0.105469
0 0.656250 0.358398 0.062500 0.042969
0 0.650879 0.780762 0.051758 0.067383
0 0.026855 0.856934 0.049805 0.094727
0 0.115723 0.021973 0.112305 0.040039
0 0.034668 0.278320 0.065430 0.113281
0 0.187988 0.120605 0.067383 0.083008
0 0.023438 0.503418 0.042969 0.077148
0 0.132812 0.340820 0.062500 0.091797
0 0.829590 0.018066 0.055664 0.032227
0 0.740234 0.035156 0.052734 0.052734
0 0.505371 0.218262 0.057617 0.057617
0 0.380859 0.344238 0.052734 0.075195
0 0.458496 0.479492 0.067383 0.144531
0 0.728516 0.562012 0.052734 0.055664
0 0.738281 0.523438 0.042969 0.062500
0 0.678223 0.699219 0.057617 0.054688
0 0.157227 0.931152 0.064453 0.057617
0 0.123535 0.569336 0.110352 0.068359
0 0.079590 0.485840 0.075195 0.096680
0 0.148438 0.070801 0.046875 0.077148
0 0.670898 0.449219 0.042969 0.167969
