0 0.943359 0.784668 0.052734 0.083008
0 0.441895 0.483398 0.083008 0.066406
0 0.878906 0.061523 0.099609 0.054688
0 0.379883 0.212891 0.101562 0.074219
0 0.516602 0.863281 0.056641 0.082031
0 0.654785 0.058105 0.104492 0.055664
0 0.878906 0.338867 0.072266 0.070312
0 0.288086 0.027344 0.091797 0.052734
0 0.221191 0.090820 0.098633 0.064453
0 0.905273 0.260254 0.105469 0.057617
0 0.278320 0.841797 0.101562 0.048828
0 0.486816 0.052246 0.075195 0.059570
0 0.438477 0.582031 0.076172 0.044922
0 0.796387 0.785156 0.131836 0.044922
0 0.190918 0.576660 0.071289 0.069336
0 0.289551 0.202637 0.108398 0.069336
0 0.988281 0.326172 0.023438 0.072266
0 0.230957 0.517090 0.110352 0.049805
0 0.104980 0.929199 0.120117 0.043945
0 0.787598 0.518066 0.106445 0.063477
0 0.715820 0.744141 0.087891 0.039062
0 0.472656 0.910645 0.101562 0.038086
0 0.825195 0.630371 0.080078 0.053711
0 0.749512 0.938965 0.092773 0.071289
0 0.265137 0.755859 0.094727 0.033203
0 0.626953 0.439941 0.107422 0.065430
0 0.850586 0.484863 0.058594 0.047852
0 0.043457 0.259277 0.086914 0.043945
0 0.123535 0.383301 0.125977 0.047852
0 0.911133 0.859375 0.068359 0.042969
0 0.792969 0.228027 0.087891 0.065430
0 0.534180 0.277344 0.068359 0.046875
0 0.232422 0.553223 0.119141 0.045898
0 0.524902 0.308105 0.053711 0.030273
0 0.073242 0.071289 0.083984 0.039062
0 0.561035 0.820312 0.084961 0.041016
0 0.266113 0.925781 0.106445 0.039062
0 0.221680 0.945801 0.105469 0.069336
0 0.198242 0.326172 0.107422 0.060547
0 0.046875 0.701172 0.093750 0.029297
0 0.397949 0.349609 0.065430 0.039062
0 0.667480 0.864746 0.102539 0.038086
0 0.277832 0.315430 0.061523 0.037109
0 0.865723 0.667969 0.092773 0.066406
0 0.278320 0.277832 0.107422 0.038086
0 0.733398 0.590820 0.048828 0.064453
0 0.756836 0.048340 0.093750 0.049805
0 0.188477 0.429199 0.087891 0.028320
0 0.073730 0.034180 0.112305 0.068359
0 0.039551 0.097168 0.077148 0.036133
0 0.872070 0.403320 0.062500 0.058594
0 0.720703 0.389648 0.132812 0.033203
0 0.706055 0.696289 0.076172 0.037109
0 0.971191 0.633301 0.057617 0.036133
0 0.126953 0.506836 0.107422 0.070312
0 0.675293 0.766113 0.069336 0.041992
0 0.445801 0.416992 0.094727 0.037109
0 0.902344 0.036133 0.054688 0.037109
0 0.742676 0.012695 0.073242 0.025391
0 0.729492 0.901855 0.070312 0.034180
0 0.149414 0.679688 0.082031 0.033203
0 0.556152 0.381836 0.086914 0.025391
0 0.416504 0.425781 0.079102 0.046875
0 0.020020 0.368164 0.040039 0.044922
0 0.057129 0.669434 0.083008 0.032227
0 0.907227 0.573242 0.056641 0.039062
0 0.473145 0.079590 0.069336 0.041992
0 0.421875 0.066895 0.072266 0.041992
0 0.506348 0.435547 0.083008 0.037109
0 0.347656 0.095703 0.113281 0.044922
0 0.628418 0.607910 0.079102 0.047852
0 0.724121 0.969238 0.081055 0.040039
0 0.835938 0.984863 0.080078 0.030273
0 0.582031 0.924316 0.076172 0.040039
0 0.076660 0.434570 0.047852 0.021484
0 0.677734 0.412109 0.078125 0.111328
0 0.184082 0.313965 0.137695 0.090820
0 0.127930 0.041504 0.042969 0.030273
0 0.454102 0.985840 0.085938 0.028320
0 0.291016 0.730469 0.144531 0.035156
0 0.113281 0.011230 0.103516 0.022461
