0 0.095215 0.086914 0.116211 0.076172
0 0.041992 0.028809 0.076172 0.057617
0 0.230957 0.185547 0.075195 0.072266
0 0.309082 0.039551 0.059570 0.057617
0 0.409668 0.265625 0.079102 0.082031
0 0.416504 0.335938 0.053711 0.062500
0 0.236328 0.391602 0.062500 0.052734
0 0.070801 0.802734 0.084961 0.103516
0 0.110352 0.904785 0.066406 0.075195
0 0.171387 0.941406 0.055664 0.058594
0 0.131836 0.976562 0.056641 0.046875
0 0.280762 0.883301 0.069336 0.059570
0 0.242676 0.823242 0.059570 0.042969
0 0.353027 0.801270 0.057617 0.051758
0 0.330078 0.861816 0.068359 0.067383
0 0.386719 0.872070 0.068359 0.058594
0 0.422852 0.804688 0.080078 0.101562
0 0.353027 0.944336 0.057617 0.060547
0 0.408203 0.937500 0.060547 0.064453
0 0.504395 0.956055 0.065430 0.062500
0 0.530762 0.905762 0.055664 0.051758
0 0.568848 0.949219 0.075195 0.083984
0 0.608887 0.883301 0.102539 0.057617
0 0.705566 0.978516 0.061523 0.042969
0 0.629395 0.946289 0.055664 0.060547
0 0.857422 0.902344 0.072266 0.070312
0 0.922363 0.850586 0.086914 0.056641
0 0.868164 0.806641 0.062500 0.058594
0 0.966309 0.491211 0.067383 0.068359
0 0.953125 0.561035 0.068359 0.075195
0 0.916504 0.440918 0.053711 0.055664
0 0.801270 0.432617 0.102539 0.097656
0 0.770020 0.534180 0.075195 0.072266
0 0.665039 0.405273 0.066406 0.097656
0 0.495605 0.436523 0.069336 0.056641
0 0.489258 0.489746 0.101562 0.053711
0 0.352539 0.585938 0.062500 0.126953
0 0.299316 0.577637 0.053711 0.061523
0 0.282227 0.538574 0.054688 0.055664
0 0.231934 0.512207 0.079102 0.059570
0 0.148926 0.473145 0.057617 0.055664
0 0.052246 0.460449 0.051758 0.057617
0 0.601074 0.179688 0.069336 0.066406
0 0.609375 0.028320 0.095703 0.056641
0 0.697754 0.087891 0.079102 0.072266
0 0.877441 0.124023 0.069336 0.076172
0 0.978516 0.157227 0.042969 0.064453
0 0.234863 0.346191 0.073242 0.041992
0 0.745117 0.440918 0.087891 0.110352
0 0.189941 0.488281 0.061523 0.066406
0 0.028320 0.932129 0.050781 0.065430
0 0.668945 0.961426 0.062500 0.063477
0 0.934082 0.129883 0.036133 0.060547
0 0.020020 0.711914 0.040039 0.056641
