0 0.042480 0.198242 0.084961 0.082031
0 0.351074 0.638184 0.147461 0.067383
0 0.200684 0.115723 0.102539 0.077148
0 0.488281 0.243164 0.152344 0.087891
0 0.078125 0.283203 0.132812 0.072266
0 0.444336 0.701660 0.125000 0.084961
0 0.396973 0.491699 0.135742 0.075195
0 0.200684 0.702148 0.137695 0.089844
0 0.170410 0.435547 0.102539 0.087891
0 0.416992 0.157227 0.169922 0.070312
0 0.025879 0.688477 0.051758 0.072266
0 0.093262 0.949707 0.102539 0.075195
0 0.475586 0.420410 0.197266 0.075195
0 0.052246 0.998535 0.104492 0.002930
0 0.308105 0.251953 0.137695 0.105469
0 0.050781 0.571777 0.101562 0.075195
0 0.441406 0.032715 0.113281 0.065430
0 0.190918 0.823242 0.163086 0.072266
0 0.411621 0.355957 0.147461 0.075195
0 0.049805 0.099121 0.099609 0.084961
0 0.259766 0.881836 0.205078 0.070312
0 0.043457 0.366699 0.077148 0.075195
0 0.084473 0.854004 0.049805 0.057617
0 0.070801 0.420898 0.077148 0.087891
0 0.130859 0.030762 0.113281 0.057617
0 0.163086 0.646973 0.107422 0.065430
0 0.289551 0.203125 0.194336 0.062500
0 0.508301 0.120605 0.182617 0.077148
0 0.299316 0.035645 0.165039 0.067383
