0 0.558105 0.051758 0.083008 0.089844
0 0.481445 0.590332 0.076172 0.075195
0 0.543457 0.288086 0.096680 0.150391
0 0.405273 0.516113 0.064453 0.110352
0 0.660645 0.818359 0.077148 0.113281
0 0.902832 0.257812 0.153320 0.103516
0 0.735352 0.881348 0.078125 0.051758
0 0.714844 0.383301 0.125000 0.073242
0 0.484863 0.933105 0.063477 0.063477
0 0.801270 0.102539 0.067383 0.134766
0 0.768555 0.275879 0.097656 0.067383
0 0.704102 0.237305 0.074219 0.074219
0 0.576172 0.862305 0.062500 0.058594
0 0.660645 0.675781 0.067383 0.117188
0 0.645508 0.595703 0.072266 0.082031
0 0.602051 0.575684 0.049805 0.067383
0 0.267578 0.870605 0.089844 0.038086
0 0.416992 0.085449 0.064453 0.161133
0 0.720703 0.339355 0.082031 0.065430
