0 0.900879 0.531738 0.102539 0.075195
0 0.789551 0.435547 0.106445 0.060547
0 0.845703 0.032227 0.126953 0.064453
0 0.699707 0.261719 0.084961 0.080078
0 0.840820 0.622070 0.123047 0.105469
0 0.758301 0.783203 0.096680 0.107422
0 0.838867 0.763184 0.089844 0.084961
0 0.902344 0.852051 0.115234 0.065430
0 0.753418 0.159668 0.086914 0.075195
0 0.593750 0.883789 0.097656 0.064453
0 0.033203 0.082031 0.066406 0.072266
0 0.923828 0.812500 0.080078 0.078125
0 0.915527 0.614746 0.112305 0.075195
0 0.794434 0.209961 0.075195 0.080078
0 0.951660 0.491211 0.096680 0.066406
0 0.938477 0.980469 0.076172 0.039062
0 0.692383 0.983398 0.099609 0.033203
