0 0.043945 0.706543 0.048828 0.102539
0 0.114746 0.965820 0.071289 0.068359
0 0.460449 0.749023 0.065430 0.080078
0 0.030273 0.085938 0.052734 0.080078
0 0.283691 0.083984 0.047852 0.097656
0 0.161621 0.336426 0.043945 0.081055
0 0.128418 0.067871 0.088867 0.090820
0 0.736816 0.327637 0.038086 0.104492
0 0.792480 0.793457 0.065430 0.071289
0 0.375977 0.112305 0.046875 0.076172
0 0.585449 0.037109 0.049805 0.074219
0 0.750000 0.628906 0.066406 0.089844
0 0.584473 0.087891 0.040039 0.087891
0 0.561523 0.760742 0.039062 0.087891
0 0.915527 0.414062 0.038086 0.074219
0 0.042969 0.632812 0.068359 0.080078
0 0.585449 0.170410 0.043945 0.077148
0 0.895508 0.074707 0.042969 0.079102
0 0.240723 0.088867 0.041992 0.093750
0 0.235840 0.359863 0.043945 0.069336
0 0.595703 0.415527 0.035156 0.088867
0 0.343262 0.800293 0.061523 0.071289
0 0.198730 0.667969 0.028320 0.083984
0 0.194824 0.439453 0.049805 0.060547
0 0.444824 0.163574 0.034180 0.083008
0 0.633301 0.062012 0.071289 0.110352
0 0.474121 0.860352 0.032227 0.091797
0 0.649902 0.935059 0.038086 0.108398
0 0.271484 0.452637 0.035156 0.075195
0 0.472656 0.650391 0.037109 0.087891
0 0.339844 0.133301 0.029297 0.057617
0 0.823242 0.040527 0.044922 0.069336
0 0.341309 0.273926 0.073242 0.040039
0 0.407227 0.976562 0.046875 0.042969
0 0.918945 0.154785 0.025391 0.065430
0 0.700195 0.742676 0.042969 0.075195
0 0.849609 0.752441 0.052734 0.075195
0 0.711914 0.431641 0.033203 0.080078
0 0.442383 0.116211 0.066406 0.056641
0 0.258789 0.822266 0.035156 0.074219
0 0.626465 0.450195 0.036133 0.066406
0 0.959961 0.383789 0.029297 0.072266
0 0.707031 0.691406 0.041016 0.066406
0 0.739746 0.088379 0.043945 0.084961
0 0.060059 0.166016 0.049805 0.052734
0 0.875977 0.755371 0.041016 0.075195
0 0.220703 0.862305 0.050781 0.052734
0 0.812988 0.289551 0.026367 0.057617
0 0.125488 0.679688 0.051758 0.117188
0 0.498047 0.099609 0.035156 0.074219
0 0.113281 0.636230 0.056641 0.049805
0 0.621094 0.660156 0.048828 0.113281
0 0.562500 0.173340 0.029297 0.079102
0 0.984863 0.484863 0.030273 0.061523
0 0.942871 0.517578 0.041992 0.060547
0 0.753418 0.478516 0.073242 0.046875
0 0.307129 0.984863 0.065430 0.030273
0 0.164062 0.976562 0.031250 0.046875
0 0.432129 0.617188 0.041992 0.054688
0 0.843262 0.201172 0.065430 0.029297
0 0.199219 0.988281 0.050781 0.023438
0 0.427246 0.798340 0.043945 0.045898
0 0.833008 0.723633 0.035156 0.054688
0 0.940430 0.015137 0.029297 0.030273
0 0.396484 0.446777 0.078125 0.049805
0 0.142090 0.762207 0.075195 0.081055
0 0.950195 0.456055 0.035156 0.039062
0 0.249023 0.825195 0.035156 0.066406
0 0.242676 0.587402 0.040039 0.075195
