0 0.146973 0.099121 0.061523 0.071289
0 0.257324 0.143555 0.129883 0.074219
0 0.269043 0.159668 0.094727 0.057617
0 0.385254 0.221680 0.125977 0.064453
0 0.309082 0.270996 0.041992 0.049805
0 0.349121 0.295410 0.139648 0.051758
0 0.395508 0.291016 0.105469 0.050781
0 0.345703 0.339355 0.083984 0.036133
0 0.051270 0.187988 0.102539 0.063477
0 0.069824 0.229004 0.088867 0.040039
0 0.146973 0.323242 0.120117 0.076172
0 0.066895 0.317871 0.133789 0.053711
0 0.043457 0.428223 0.086914 0.069336
0 0.392578 0.398926 0.085938 0.057617
0 0.483398 0.439941 0.099609 0.049805
0 0.504395 0.387695 0.145508 0.072266
0 0.584473 0.316406 0.077148 0.068359
0 0.633789 0.284180 0.099609 0.041016
0 0.665527 0.311035 0.083008 0.040039
0 0.212402 0.679688 0.055664 0.072266
0 0.222168 0.692383 0.122070 0.039062
0 0.223145 0.739258 0.086914 0.060547
0 0.196289 0.769043 0.099609 0.053711
0 0.244141 0.770508 0.160156 0.054688
0 0.148438 0.821777 0.070312 0.036133
0 0.028809 0.741211 0.057617 0.052734
0 0.165039 0.875000 0.125000 0.027344
0 0.140137 0.890137 0.110352 0.036133
0 0.028320 0.928711 0.056641 0.035156
0 0.962402 0.292480 0.075195 0.061523
0 0.930664 0.292480 0.078125 0.047852
0 0.962891 0.241211 0.074219 0.039062
0 0.831543 0.254395 0.086914 0.026367
0 0.854004 0.345703 0.104492 0.062500
0 0.846191 0.413574 0.071289 0.055664
0 0.752930 0.405762 0.128906 0.051758
0 0.761230 0.381836 0.110352 0.046875
0 0.685547 0.427246 0.113281 0.040039
0 0.651855 0.441406 0.102539 0.050781
0 0.816406 0.486328 0.078125 0.033203
0 0.683105 0.205566 0.124023 0.086914
0 0.624023 0.192871 0.097656 0.049805
0 0.757324 0.130859 0.155273 0.080078
0 0.833496 0.101074 0.118164 0.125977
0 0.882812 0.856445 0.056641 0.072266
0 0.955078 0.900879 0.089844 0.041992
0 0.937500 0.795410 0.068359 0.045898
0 0.688477 0.913086 0.097656 0.023438
0 0.561035 0.808105 0.120117 0.063477
0 0.535645 0.852051 0.075195 0.045898
0 0.614258 0.953613 0.115234 0.043945
0 0.572266 0.902832 0.101562 0.030273
0 0.426758 0.820801 0.089844 0.030273
0 0.374023 0.840820 0.130859 0.033203
0 0.467285 0.896484 0.129883 0.044922
0 0.541992 0.710449 0.058594 0.030273
0 0.499023 0.795898 0.072266 0.029297
