0 0.345703 0.649414 0.078125 0.074219
0 0.370605 0.134766 0.073242 0.070312
0 0.114746 0.343262 0.057617 0.077148
0 0.486328 0.031738 0.066406 0.063477
0 0.267090 0.315918 0.168945 0.079102
0 0.058105 0.979980 0.077148 0.030273
0 0.458496 0.518555 0.065430 0.068359
0 0.290527 0.046875 0.073242 0.039062
0 0.693848 0.148926 0.102539 0.041992
0 0.075684 0.453125 0.133789 0.058594
0 0.630859 0.370605 0.083984 0.049805
0 0.178223 0.603516 0.098633 0.042969
0 0.782227 0.456055 0.101562 0.150391
0 0.933105 0.092773 0.077148 0.050781
0 0.449707 0.651855 0.098633 0.075195
0 0.758789 0.374023 0.089844 0.035156
0 0.216797 0.479980 0.095703 0.036133
0 0.037598 0.024902 0.075195 0.040039
0 0.133789 0.341309 0.058594 0.069336
0 0.562988 0.603516 0.094727 0.029297
0 0.828613 0.975098 0.040039 0.049805
0 0.214355 0.019531 0.077148 0.037109
0 0.100098 0.640137 0.075195 0.051758
0 0.423340 0.051270 0.061523 0.040039
0 0.187012 0.559570 0.129883 0.044922
0 0.647949 0.068848 0.069336 0.061523
0 0.267090 0.863281 0.073242 0.029297
0 0.538574 0.574219 0.077148 0.027344
0 0.598633 0.947754 0.117188 0.063477
0 0.705566 0.987305 0.071289 0.021484
0 0.763184 0.120605 0.073242 0.122070
0 0.959473 0.524414 0.053711 0.070312
0 0.752930 0.227539 0.072266 0.050781
0 0.250488 0.733398 0.120117 0.039062
0 0.871582 0.218262 0.094727 0.055664
0 0.566895 0.026367 0.075195 0.048828
0 0.025879 0.286133 0.051758 0.095703
0 0.831055 0.359863 0.126953 0.090820
0 0.391602 0.831299 0.132812 0.113770
0 0.294434 0.017090 0.047852 0.034180
0 0.964844 0.782227 0.062500 0.027344
0 0.629883 0.928711 0.107422 0.056641
0 0.180176 0.321777 0.073242 0.036133
0 0.148438 0.392578 0.080078 0.037109
0 0.108887 0.286133 0.100586 0.037109
0 0.688965 0.229004 0.063477 0.075195
0 0.829590 0.012695 0.114258 0.025391
0 0.167969 0.108398 0.089844 0.046875
0 0.431152 0.314941 0.088867 0.061523
0 0.982910 0.041016 0.034180 0.044922
0 0.469727 0.929688 0.132812 0.037109
0 0.462402 0.633789 0.096680 0.050781
0 0.359863 0.780273 0.094727 0.046875
0 0.944336 0.415039 0.083984 0.044922
0 0.729004 0.708008 0.059570 0.033203
0 0.521973 0.777344 0.071289 0.050781
0 0.418945 0.976562 0.164062 0.041016
0 0.463867 0.247070 0.066406 0.062500
0 0.584473 0.301758 0.194336 0.074219
0 0.221680 0.660645 0.046875 0.030273
0 0.031250 0.096191 0.060547 0.032227
0 0.992676 0.547363 0.014648 0.030273
0 0.730469 0.310547 0.056641 0.064453
0 0.083008 0.009766 0.033203 0.019531
0 0.626953 0.019043 0.048828 0.036133
0 0.548340 0.623047 0.051758 0.025391
0 0.016113 0.924805 0.032227 0.035156
0 0.396484 0.864746 0.126953 0.032227
0 0.549805 0.895508 0.066406 0.031250
0 0.459961 0.742676 0.062500 0.036133
0 0.358887 0.900391 0.063477 0.046875
0 0.940918 0.022461 0.100586 0.044922
0 0.844727 0.195801 0.099609 0.057617
