0 0.687988 0.949707 0.131836 0.100586
0 0.475098 0.186523 0.100586 0.125000
0 0.643066 0.079590 0.102539 0.155273
0 0.650879 0.798340 0.118164 0.096680
0 0.118164 0.703125 0.099609 0.113281
0 0.895020 0.870117 0.180664 0.126953
0 0.924316 0.250977 0.149414 0.138672
0 0.729492 0.586914 0.150391 0.164062
0 0.909668 0.447754 0.137695 0.079102
0 0.844238 0.494629 0.120117 0.075195
0 0.848633 0.069824 0.128906 0.139648
0 0.945801 0.759277 0.108398 0.110352
0 0.960938 0.646973 0.078125 0.094727
0 0.031738 0.173340 0.063477 0.073242
0 0.584473 0.157227 0.081055 0.080078
0 0.392578 0.040527 0.121094 0.077148
0 0.924316 0.084473 0.139648 0.145508
0 0.558105 0.028320 0.067383 0.052734
0 0.683105 0.557129 0.083008 0.114258
0 0.783203 0.031250 0.095703 0.062500
0 0.721680 0.791016 0.076172 0.087891
0 0.977051 0.428223 0.043945 0.100586
0 0.168457 0.024414 0.073242 0.044922
