0 0.791992 0.899414 0.160156 0.089844
0 0.105469 0.559082 0.109375 0.094727
0 0.080566 0.423340 0.102539 0.083008
0 0.212402 0.739258 0.129883 0.099609
0 0.110352 0.138184 0.107422 0.127930
0 0.520508 0.245605 0.072266 0.067383
0 0.584473 0.369141 0.104492 0.080078
0 0.587891 0.793457 0.097656 0.083008
0 0.715820 0.464355 0.097656 0.075195
0 0.659180 0.854492 0.115234 0.089844
0 0.693359 0.619629 0.142578 0.104492
0 0.712402 0.116699 0.174805 0.094727
0 0.593262 0.062012 0.163086 0.110352
0 0.541016 0.574707 0.152344 0.100586
0 0.573242 0.178223 0.107422 0.112305
0 0.079590 0.305176 0.075195 0.077148
0 0.549316 0.315918 0.075195 0.047852
0 0.923340 0.648438 0.147461 0.126953
