0 0.351074 0.666992 0.110352 0.083984
0 0.906738 0.417969 0.081055 0.089844
0 0.851074 0.083008 0.071289 0.107422
0 0.067871 0.538086 0.135742 0.121094
0 0.558105 0.326172 0.143555 0.093750
0 0.710449 0.844727 0.155273 0.064453
0 0.218262 0.452637 0.186523 0.071289
0 0.565918 0.979980 0.172852 0.040039
0 0.783203 0.707520 0.158203 0.110352
0 0.769043 0.292480 0.071289 0.057617
0 0.919434 0.841309 0.145508 0.100586
0 0.398438 0.763672 0.212891 0.093750
0 0.489258 0.148438 0.136719 0.113281
0 0.345703 0.860840 0.212891 0.110352
0 0.521973 0.536621 0.124023 0.166992
0 0.665527 0.224609 0.065430 0.074219
0 0.418457 0.921875 0.206055 0.093750
0 0.596191 0.112305 0.079102 0.072266
0 0.256348 0.927734 0.092773 0.142578
0 0.350586 0.473633 0.119141 0.056641
0 0.676270 0.727051 0.143555 0.155273
0 0.772461 0.665039 0.103516 0.164062
0 0.711914 0.493652 0.072266 0.053711
0 0.728516 0.459473 0.056641 0.094727
0 0.745117 0.376465 0.146484 0.088867
0 0.678223 0.351562 0.102539 0.083984
0 0.690918 0.386719 0.084961 0.115234
