0 0.160645 0.021973 0.100586 0.043945
0 0.066895 0.036621 0.059570 0.073242
0 0.017090 0.358887 0.034180 0.165039
0 0.199219 0.343750 0.062500 0.111328
0 0.269043 0.343750 0.077148 0.099609
0 0.074219 0.601562 0.148438 0.093750
0 0.293945 0.765137 0.125000 0.112305
0 0.162109 0.703125 0.082031 0.064453
0 0.021484 0.810059 0.042969 0.098633
0 0.250488 0.909180 0.129883 0.097656
0 0.140625 0.813477 0.054688 0.046875
0 0.352051 0.963867 0.063477 0.072266
0 0.418945 0.993652 0.046875 0.012695
0 0.679688 0.974609 0.103516 0.050781
0 0.931641 0.966797 0.136719 0.066406
0 0.812500 0.930664 0.107422 0.126953
0 0.739746 0.848145 0.133789 0.061523
0 0.629883 0.807617 0.078125 0.078125
0 0.706543 0.634766 0.071289 0.095703
0 0.883301 0.575195 0.079102 0.113281
0 0.862305 0.716309 0.062500 0.133789
0 0.933594 0.686035 0.095703 0.069336
0 0.965820 0.755371 0.068359 0.088867
0 0.957520 0.875000 0.069336 0.117188
0 0.979004 0.534668 0.041992 0.137695
0 0.962891 0.392578 0.066406 0.089844
0 0.673828 0.227051 0.068359 0.147461
0 0.394531 0.169922 0.121094 0.062500
0 0.438965 0.349609 0.057617 0.185547
0 0.454102 0.582520 0.072266 0.190430
0 0.414062 0.650391 0.082031 0.162109
0 0.346191 0.064453 0.125977 0.042969
0 0.382812 0.018555 0.064453 0.037109
0 0.978027 0.170410 0.043945 0.127930
0 0.914062 0.161621 0.056641 0.118164
