0 0.934570 0.879883 0.060547 0.074219
0 0.751953 0.914062 0.074219 0.060547
0 0.540039 0.984863 0.064453 0.030273
0 0.541504 0.927246 0.100586 0.065430
0 0.606445 0.847168 0.105469 0.086914
0 0.431641 0.795898 0.072266 0.070312
0 0.397461 0.860840 0.060547 0.059570
0 0.418945 0.964844 0.085938 0.062500
0 0.223633 0.968750 0.082031 0.062500
0 0.139160 0.957520 0.069336 0.069336
0 0.243652 0.833984 0.086914 0.062500
0 0.307617 0.775879 0.105469 0.116211
0 0.228516 0.669434 0.083984 0.083008
0 0.353027 0.639160 0.055664 0.077148
0 0.505371 0.628418 0.071289 0.061523
0 0.670898 0.650879 0.078125 0.063477
0 0.861328 0.658203 0.058594 0.062500
0 0.920410 0.664062 0.069336 0.058594
0 0.805176 0.511719 0.081055 0.089844
0 0.912598 0.485352 0.057617 0.082031
0 0.937012 0.539551 0.071289 0.057617
0 0.846680 0.593262 0.130859 0.047852
0 0.951172 0.279785 0.076172 0.069336
0 0.854980 0.251465 0.077148 0.071289
0 0.763672 0.345703 0.070312 0.072266
0 0.969238 0.466797 0.061523 0.082031
0 0.782227 0.018555 0.082031 0.037109
0 0.490234 0.074219 0.070312 0.064453
0 0.481445 0.144531 0.085938 0.083984
0 0.581543 0.327148 0.084961 0.054688
0 0.598633 0.396973 0.074219 0.067383
0 0.668457 0.519043 0.112305 0.092773
0 0.259277 0.462891 0.137695 0.089844
0 0.105957 0.749512 0.079102 0.071289
0 0.029297 0.706055 0.058594 0.082031
0 0.025879 0.633789 0.051758 0.066406
0 0.073730 0.290039 0.061523 0.062500
0 0.226562 0.246094 0.130859 0.107422
0 0.184570 0.305664 0.091797 0.072266
0 0.049316 0.082031 0.077148 0.076172
0 0.189941 0.059082 0.088867 0.106445
0 0.618164 0.040039 0.066406 0.066406
0 0.582031 0.240723 0.076172 0.065430
0 0.098145 0.104004 0.079102 0.043945
