0 0.590332 0.033691 0.045898 0.067383
0 0.795410 0.794434 0.071289 0.055664
0 0.805176 0.374512 0.061523 0.077148
0 0.036133 0.815918 0.066406 0.077148
0 0.037109 0.534668 0.074219 0.102539
0 0.772949 0.922363 0.063477 0.069336
0 0.389160 0.846191 0.061523 0.088867
0 0.120605 0.541992 0.084961 0.044922
0 0.165039 0.905273 0.107422 0.058594
0 0.402832 0.781738 0.081055 0.073242
0 0.275391 0.456055 0.064453 0.060547
0 0.031738 0.220703 0.063477 0.087891
0 0.028809 0.600586 0.057617 0.064453
0 0.528809 0.426270 0.083008 0.045898
0 0.820801 0.849121 0.045898 0.069336
0 0.499512 0.232422 0.055664 0.089844
0 0.030762 0.131348 0.059570 0.061523
0 0.597168 0.577637 0.075195 0.049805
0 0.280273 0.558105 0.082031 0.069336
0 0.150391 0.445312 0.087891 0.060547
0 0.876465 0.114258 0.077148 0.056641
0 0.323730 0.976074 0.077148 0.043945
0 0.176270 0.645020 0.084961 0.059570
0 0.702148 0.842773 0.048828 0.089844
0 0.972656 0.529297 0.050781 0.039062
0 0.725586 0.579102 0.076172 0.046875
0 0.654297 0.593750 0.042969 0.062500
0 0.106445 0.599121 0.076172 0.047852
0 0.818848 0.341797 0.073242 0.046875
0 0.930176 0.049316 0.049805 0.051758
0 0.799316 0.538574 0.055664 0.055664
0 0.823242 0.043457 0.099609 0.053711
0 0.030273 0.277832 0.058594 0.043945
0 0.584961 0.482422 0.048828 0.046875
0 0.355957 0.080078 0.075195 0.039062
0 0.735352 0.682129 0.050781 0.047852
0 0.277344 0.901855 0.083984 0.057617
0 0.042480 0.372070 0.077148 0.052734
0 0.899414 0.737793 0.042969 0.047852
0 0.888672 0.150879 0.060547 0.043945
0 0.317383 0.083496 0.068359 0.049805
0 0.861328 0.623535 0.089844 0.045898
0 0.029785 0.422852 0.059570 0.062500
0 0.826660 0.584961 0.084961 0.052734
0 0.223633 0.011719 0.035156 0.021484
0 0.041992 0.758789 0.083984 0.050781
0 0.469727 0.222656 0.052734 0.076172
0 0.860840 0.081055 0.069336 0.037109
0 0.783691 0.799805 0.063477 0.054688
0 0.737305 0.322754 0.064453 0.053711
0 0.656250 0.839355 0.052734 0.047852
0 0.231445 0.966309 0.056641 0.036133
0 0.673828 0.059082 0.052734 0.047852
0 0.432617 0.611328 0.060547 0.060547
