0 0.011230 0.129883 0.022461 0.076172
0 0.166016 0.476562 0.080078 0.066406
0 0.762207 0.130371 0.079102 0.077148
0 0.581543 0.052246 0.045898 0.079102
0 0.230469 0.962891 0.113281 0.054688
0 0.194824 0.293945 0.045898 0.083984
0 0.468750 0.880859 0.050781 0.093750
0 0.189453 0.073730 0.089844 0.049805
0 0.408203 0.489258 0.091797 0.128906
0 0.551758 0.589355 0.066406 0.088867
0 0.154297 0.583496 0.042969 0.114258
0 0.798828 0.334961 0.048828 0.070312
0 0.640625 0.261230 0.058594 0.081055
0 0.788574 0.611328 0.043945 0.074219
0 0.277832 0.237305 0.069336 0.068359
0 0.261230 0.554199 0.124023 0.075195
0 0.331055 0.523438 0.039062 0.087891
0 0.968262 0.479004 0.045898 0.176758
0 0.143555 0.272949 0.060547 0.063477
0 0.280762 0.618652 0.075195 0.069336
0 0.916992 0.306152 0.027344 0.075195
0 0.856934 0.674805 0.041992 0.078125
0 0.244629 0.688965 0.090820 0.045898
0 0.114746 0.189453 0.065430 0.054688
0 0.169922 0.580078 0.033203 0.099609
0 0.936035 0.894531 0.038086 0.083984
0 0.365234 0.652832 0.066406 0.053711
0 0.636230 0.722168 0.067383 0.045898
0 0.292480 0.403809 0.055664 0.106445
0 0.158691 0.024414 0.043945 0.048828
0 0.531738 0.031738 0.041992 0.059570
0 0.767578 0.707520 0.093750 0.030273
0 0.955078 0.398438 0.064453 0.052734
0 0.813477 0.496582 0.060547 0.061523
0 0.935059 0.093262 0.086914 0.040039
0 0.842773 0.609863 0.041016 0.077148
0 0.497070 0.946289 0.058594 0.029297
0 0.428223 0.982422 0.038086 0.035156
0 0.416016 0.135254 0.089844 0.084961
0 0.050781 0.488770 0.046875 0.055664
0 0.167969 0.022949 0.033203 0.043945
0 0.684082 0.773438 0.047852 0.039062
0 0.415527 0.644043 0.053711 0.057617
0 0.696289 0.592773 0.056641 0.037109
0 0.711426 0.186523 0.053711 0.037109
0 0.281250 0.013672 0.033203 0.027344
0 0.416016 0.851562 0.054688 0.039062
0 0.864746 0.991211 0.090820 0.013672
0 0.672852 0.539551 0.050781 0.067383
0 0.261719 0.673340 0.060547 0.028320
0 0.920410 0.749023 0.040039 0.052734
0 0.841309 0.522461 0.030273 0.062500
0 0.725098 0.715332 0.040039 0.053711
0 0.052734 0.608398 0.050781 0.058594
0 0.094727 0.603516 0.076172 0.085938
0 0.862793 0.017090 0.022461 0.034180
0 0.820312 0.020996 0.039062 0.041992
0 0.850586 0.039062 0.041016 0.078125
0 0.305176 0.891602 0.065430 0.060547
0 0.135254 0.940918 0.088867 0.045898
0 0.128906 0.986328 0.078125 0.027344
0 0.749512 0.896484 0.069336 0.046875
0 0.988770 0.182129 0.022461 0.088867
