0 0.149902 0.357910 0.129883 0.112305
0 0.144531 0.023438 0.134766 0.046875
0 0.460938 0.030762 0.080078 0.059570
0 0.332031 0.338379 0.119141 0.083008
0 0.271973 0.850586 0.094727 0.126953
0 0.190918 0.494629 0.086914 0.059570
0 0.183105 0.188477 0.057617 0.072266
0 0.158203 0.833496 0.078125 0.147461
0 0.501953 0.520996 0.089844 0.057617
0 0.196777 0.934082 0.120117 0.084961
0 0.234375 0.752441 0.064453 0.084961
0 0.253418 0.177246 0.077148 0.084961
0 0.390625 0.871094 0.062500 0.062500
0 0.649902 0.576660 0.083008 0.102539
0 0.362305 0.615234 0.234375 0.097656
0 0.791992 0.900879 0.064453 0.067383
0 0.543457 0.150879 0.067383 0.086914
0 0.344238 0.214844 0.075195 0.080078
0 0.905762 0.161133 0.073242 0.052734
0 0.640625 0.921875 0.078125 0.064453
0 0.335938 0.404785 0.072266 0.084961
0 0.729492 0.039551 0.144531 0.079102
0 0.781250 0.464844 0.062500 0.115234
0 0.692383 0.149414 0.089844 0.060547
0 0.921875 0.762207 0.060547 0.049805
0 0.524902 0.324219 0.084961 0.080078
0 0.788086 0.166016 0.072266 0.072266
0 0.564453 0.789551 0.109375 0.090820
0 0.842285 0.243652 0.065430 0.057617
0 0.360840 0.062012 0.057617 0.065430
0 0.709473 0.606934 0.065430 0.065430
0 0.684570 0.371094 0.060547 0.052734
0 0.280762 0.559570 0.073242 0.050781
0 0.587891 0.759766 0.107422 0.070312
0 0.648438 0.189453 0.052734 0.054688
0 0.845703 0.618164 0.052734 0.072266
0 0.831055 0.332031 0.072266 0.140625
0 0.575684 0.913086 0.047852 0.052734
0 0.818359 0.795898 0.052734 0.062500
0 0.973145 0.946777 0.053711 0.077148
0 0.758301 0.211914 0.073242 0.070312
0 0.864258 0.714355 0.054688 0.049805
0 0.634766 0.707031 0.054688 0.039062
0 0.807129 0.390625 0.069336 0.097656
0 0.039062 0.057617 0.078125 0.072266
0 0.066406 0.062500 0.044922 0.082031
0 0.609375 0.088379 0.054688 0.057617
0 0.651855 0.060547 0.065430 0.042969
0 0.587402 0.245605 0.049805 0.057617
0 0.776855 0.144531 0.040039 0.060547
0 0.320801 0.244629 0.122070 0.069336
0 0.386719 0.215820 0.044922 0.037109
0 0.795898 0.610840 0.046875 0.057617
0 0.696777 0.568359 0.040039 0.052734
0 0.496094 0.883301 0.072266 0.047852
0 0.820801 0.979492 0.051758 0.041016
0 0.548340 0.677246 0.051758 0.049805
0 0.618164 0.676758 0.052734 0.035156
0 0.963379 0.974609 0.067383 0.050781
