0 0.828125 0.718262 0.068359 0.092773
0 0.529297 0.042480 0.089844 0.084961
0 0.833984 0.406250 0.064453 0.087891
0 0.870117 0.530273 0.074219 0.101562
0 0.785156 0.486328 0.083984 0.074219
0 0.463867 0.948730 0.085938 0.079102
0 0.729492 0.120605 0.070312 0.094727
0 0.192871 0.037598 0.092773 0.075195
0 0.708496 0.789551 0.069336 0.079102
0 0.123535 0.390137 0.084961 0.098633
0 0.040039 0.870117 0.078125 0.095703
0 0.988281 0.339355 0.023438 0.098633
0 0.096191 0.719727 0.084961 0.080078
0 0.708496 0.900879 0.102539 0.061523
0 0.453613 0.683594 0.079102 0.064453
0 0.731934 0.392090 0.065430 0.110352
0 0.919434 0.239746 0.055664 0.139648
0 0.964844 0.502930 0.048828 0.107422
0 0.629883 0.159668 0.103516 0.124023
0 0.127930 0.269043 0.087891 0.104492
0 0.487305 0.512207 0.138672 0.059570
0 0.568848 0.835449 0.075195 0.075195
0 0.752930 0.694824 0.078125 0.092773
0 0.269043 0.855469 0.075195 0.058594
0 0.076172 0.060059 0.115234 0.094727
0 0.324219 0.764160 0.107422 0.124023
0 0.481445 0.085449 0.091797 0.137695
0 0.179199 0.685547 0.108398 0.117188
0 0.080566 0.863770 0.090820 0.071289
0 0.750488 0.760254 0.061523 0.100586
0 0.087402 0.476562 0.120117 0.095703
0 0.383301 0.187012 0.083008 0.073242
0 0.452148 0.712891 0.076172 0.082031
0 0.664062 0.501953 0.060547 0.054688
0 0.343262 0.433105 0.094727 0.098633
0 0.372559 0.593262 0.032227 0.088867
0 0.144531 0.052246 0.087891 0.096680
0 0.635254 0.887695 0.069336 0.064453
0 0.136719 0.473633 0.101562 0.076172
0 0.538086 0.115234 0.066406 0.117188
0 0.484863 0.784180 0.106445 0.103516
0 0.647461 0.309082 0.042969 0.077148
0 0.872070 0.198242 0.035156 0.066406
0 0.683105 0.355957 0.043945 0.104492
0 0.445312 0.272949 0.091797 0.122070
0 0.415527 0.760254 0.084961 0.094727
0 0.796875 0.854980 0.072266 0.059570
0 0.424805 0.398438 0.042969 0.080078
0 0.274902 0.890625 0.079102 0.058594
0 0.499023 0.145508 0.091797 0.054688
0 0.201172 0.834473 0.091797 0.077148
0 0.261719 0.986328 0.083984 0.027344
0 0.028809 0.520996 0.055664 0.055664
0 0.280762 0.428223 0.104492 0.088867
0 0.340332 0.708008 0.086914 0.089844
0 0.085938 0.152832 0.072266 0.090820
0 0.300293 0.412109 0.083008 0.093750
0 0.026855 0.071777 0.053711 0.102539
0 0.341309 0.391602 0.094727 0.152344
0 0.459961 0.449219 0.054688 0.058594
0 0.198242 0.096191 0.048828 0.043945
0 0.140625 0.209961 0.095703 0.091797
0 0.023438 0.955078 0.046875 0.042969
0 0.762695 0.490723 0.052734 0.065430
