0 0.276855 0.254883 0.061523 0.078125
0 0.093262 0.146973 0.079102 0.077148
0 0.460449 0.436035 0.172852 0.061523
0 0.850586 0.256348 0.107422 0.182617
0 0.406250 0.868652 0.140625 0.059570
0 0.410645 0.025391 0.081055 0.050781
0 0.372070 0.206055 0.089844 0.039062
0 0.194824 0.179688 0.100586 0.064453
0 0.118652 0.262207 0.071289 0.100586
0 0.347168 0.479980 0.071289 0.083008
0 0.036621 0.154785 0.067383 0.065430
0 0.780273 0.840820 0.107422 0.095703
0 0.695312 0.344727 0.128906 0.080078
0 0.368164 0.379395 0.085938 0.081055
0 0.089355 0.026855 0.067383 0.053711
0 0.026367 0.233398 0.052734 0.109375
0 0.127930 0.745605 0.074219 0.104492
0 0.533691 0.437988 0.166992 0.086914
0 0.487793 0.585938 0.147461 0.093750
0 0.802246 0.977539 0.094727 0.044922
0 0.620605 0.633301 0.071289 0.088867
0 0.606445 0.982910 0.109375 0.034180
0 0.314941 0.598145 0.114258 0.180664
0 0.283691 0.948242 0.129883 0.103516
0 0.702148 0.665039 0.080078 0.099609
0 0.136230 0.456055 0.086914 0.109375
0 0.470703 0.206055 0.136719 0.138672
0 0.222656 0.430176 0.078125 0.118164
0 0.069336 0.914551 0.138672 0.108398
0 0.269043 0.655273 0.090820 0.134766
0 0.857422 0.040039 0.064453 0.080078
0 0.023926 0.061523 0.047852 0.103516
0 0.158691 0.945801 0.081055 0.106445
0 0.595703 0.031738 0.167969 0.063477
0 0.875977 0.126953 0.076172 0.160156
0 0.414062 0.970215 0.097656 0.059570
0 0.200684 0.560059 0.067383 0.061523
0 0.716797 0.125488 0.115234 0.059570
0 0.781738 0.056641 0.073242 0.076172
0 0.786621 0.178223 0.077148 0.116211
0 0.635742 0.315918 0.105469 0.059570
0 0.131836 0.345215 0.058594 0.079102
0 0.559082 0.373047 0.084961 0.050781
0 0.454590 0.079590 0.096680 0.094727
0 0.207031 0.066406 0.082031 0.132812
0 0.266113 0.125000 0.047852 0.087891
0 0.875488 0.258301 0.098633 0.139648
0 0.364258 0.909668 0.058594 0.040039
0 0.218262 0.725098 0.083008 0.057617
0 0.940430 0.992188 0.111328 0.015625
0 0.295898 0.181641 0.080078 0.054688
