0 0.242188 0.587891 0.103516 0.097656
0 0.696289 0.744141 0.056641 0.091797
0 0.034668 0.239746 0.069336 0.065430
0 0.066895 0.461914 0.133789 0.080078
0 0.408691 0.214355 0.120117 0.133789
0 0.290039 0.249023 0.160156 0.097656
0 0.275879 0.771484 0.075195 0.175781
0 0.465820 0.508301 0.136719 0.110352
0 0.552734 0.274414 0.095703 0.091797
0 0.495117 0.862305 0.162109 0.117188
0 0.855469 0.121582 0.085938 0.243164
0 0.540039 0.051758 0.087891 0.103516
0 0.425781 0.623535 0.171875 0.088867
0 0.031250 0.767090 0.062500 0.086914
0 0.615723 0.494141 0.116211 0.056641
0 0.625000 0.593750 0.175781 0.248047
0 0.034180 0.122070 0.068359 0.066406
0 0.226562 0.119629 0.080078 0.065430
0 0.693848 0.251465 0.049805 0.032227
0 0.778809 0.168457 0.102539 0.122070
0 0.657715 0.346680 0.045898 0.029297
