0 0.643066 0.028809 0.071289 0.057617
0 0.872559 0.032227 0.104492 0.064453
0 0.533691 0.075195 0.094727 0.148438
0 0.413574 0.176270 0.067383 0.192383
0 0.277344 0.199707 0.066406 0.176758
0 0.164062 0.201660 0.191406 0.217773
0 0.093750 0.197754 0.080078 0.081055
0 0.151855 0.306641 0.077148 0.058594
0 0.285645 0.384277 0.075195 0.165039
0 0.513184 0.220703 0.176758 0.130859
0 0.581055 0.556641 0.160156 0.066406
0 0.514648 0.672852 0.117188 0.064453
0 0.678223 0.749512 0.118164 0.075195
0 0.901855 0.521973 0.086914 0.239258
0 0.874023 0.297852 0.085938 0.130859
0 0.805664 0.144043 0.132812 0.069336
0 0.715820 0.125977 0.087891 0.052734
0 0.324219 0.609375 0.062500 0.050781
0 0.274414 0.581543 0.095703 0.053711
0 0.134766 0.649902 0.078125 0.088867
0 0.105469 0.580078 0.093750 0.097656
0 0.105957 0.528809 0.075195 0.032227
0 0.256836 0.491699 0.175781 0.061523
0 0.371094 0.702637 0.066406 0.079102
0 0.438477 0.729004 0.066406 0.047852
0 0.214844 0.810547 0.160156 0.095703
0 0.308594 0.834961 0.101562 0.177734
0 0.238770 0.701660 0.084961 0.088867
0 0.624023 0.913086 0.085938 0.052734
0 0.851562 0.870605 0.072266 0.227539
0 0.482910 0.983887 0.065430 0.032227
0 0.092773 0.966309 0.119141 0.047852
0 0.961426 0.958008 0.073242 0.080078
0 0.983398 0.769043 0.033203 0.104492
0 0.979980 0.586914 0.040039 0.093750
0 0.498047 0.455566 0.107422 0.055664
0 0.415527 0.419922 0.088867 0.050781
0 0.938477 0.085938 0.060547 0.056641
0 0.672363 0.981934 0.075195 0.036133
0 0.426758 0.557617 0.136719 0.085938
0 0.545898 0.558594 0.121094 0.128906
