0 0.205078 0.013184 0.095703 0.026367
0 0.440918 0.098633 0.120117 0.095703
0 0.026855 0.193848 0.053711 0.135742
0 0.125000 0.309082 0.119141 0.086914
0 0.188477 0.411133 0.101562 0.076172
0 0.162109 0.528809 0.109375 0.096680
0 0.229980 0.562988 0.079102 0.088867
0 0.477539 0.615723 0.093750 0.083008
0 0.037109 0.928711 0.074219 0.093750
0 0.122070 0.956055 0.076172 0.087891
0 0.162109 0.715820 0.068359 0.085938
0 0.201172 0.674805 0.093750 0.082031
0 0.360352 0.753418 0.109375 0.081055
0 0.529297 0.868652 0.087891 0.067383
0 0.541016 0.967285 0.097656 0.065430
0 0.761230 0.900391 0.213867 0.095703
0 0.952148 0.952148 0.095703 0.066406
0 0.803711 0.529785 0.117188 0.094727
0 0.944824 0.243164 0.084961 0.068359
0 0.822266 0.296875 0.066406 0.087891
0 0.952148 0.333984 0.080078 0.056641
0 0.795410 0.081055 0.079102 0.095703
0 0.552734 0.146973 0.068359 0.092773
0 0.492676 0.216309 0.075195 0.051758
0 0.583008 0.250977 0.091797 0.076172
0 0.624512 0.413086 0.112305 0.070312
0 0.795410 0.180176 0.104492 0.098633
0 0.979980 0.054199 0.040039 0.069336
