0 0.639160 0.318848 0.055664 0.069336
0 0.731445 0.306641 0.054688 0.042969
0 0.791992 0.310059 0.083984 0.051758
0 0.944824 0.351074 0.065430 0.061523
0 0.921387 0.142090 0.069336 0.059570
0 0.900879 0.058105 0.073242 0.075195
0 0.747559 0.031250 0.073242 0.062500
0 0.470215 0.082031 0.073242 0.070312
0 0.120117 0.051270 0.085938 0.079102
0 0.158203 0.202148 0.062500 0.060547
0 0.067383 0.207031 0.060547 0.058594
0 0.303711 0.269043 0.078125 0.059570
0 0.348145 0.347656 0.053711 0.062500
0 0.565918 0.382812 0.059570 0.060547
0 0.497559 0.357422 0.053711 0.056641
0 0.418457 0.369141 0.065430 0.058594
0 0.398926 0.423828 0.067383 0.050781
0 0.608887 0.463379 0.063477 0.057617
0 0.034180 0.387695 0.068359 0.060547
0 0.139648 0.463867 0.062500 0.062500
0 0.079102 0.517090 0.050781 0.051758
0 0.263672 0.432129 0.048828 0.047852
0 0.266602 0.354004 0.074219 0.079102
0 0.294434 0.497559 0.073242 0.063477
0 0.367188 0.478516 0.066406 0.042969
0 0.339355 0.672852 0.059570 0.054688
0 0.228516 0.682129 0.076172 0.049805
0 0.109863 0.762207 0.124023 0.065430
0 0.055176 0.836426 0.098633 0.053711
0 0.261230 0.816406 0.120117 0.080078
0 0.293945 0.857422 0.080078 0.058594
0 0.243164 0.950195 0.066406 0.064453
0 0.426270 0.926270 0.063477 0.079102
0 0.482910 0.810059 0.061523 0.067383
0 0.542480 0.767578 0.061523 0.085938
0 0.527344 0.612305 0.060547 0.080078
0 0.667480 0.588379 0.067383 0.114258
0 0.727539 0.533691 0.064453 0.055664
0 0.761230 0.594238 0.073242 0.075195
0 0.822266 0.556152 0.052734 0.061523
0 0.826660 0.479492 0.069336 0.056641
0 0.813477 0.402832 0.048828 0.071289
0 0.884277 0.397461 0.053711 0.052734
0 0.890625 0.583496 0.058594 0.094727
0 0.958984 0.618164 0.056641 0.064453
0 0.864746 0.694336 0.059570 0.062500
0 0.826172 0.844727 0.091797 0.060547
0 0.865723 0.918457 0.061523 0.057617
0 0.958984 0.953613 0.082031 0.090820
0 0.783691 0.978027 0.067383 0.043945
0 0.735352 0.909180 0.062500 0.087891
0 0.537109 0.921875 0.058594 0.080078
0 0.434570 0.615723 0.072266 0.049805
0 0.468262 0.746094 0.063477 0.060547
0 0.505859 0.114746 0.054688 0.059570
0 0.277832 0.468262 0.045898 0.059570
0 0.552246 0.820801 0.053711 0.053711
