0 0.115723 0.276367 0.125977 0.078125
0 0.175293 0.194824 0.110352 0.086914
0 0.270508 0.129883 0.066406 0.119141
0 0.242188 0.248047 0.076172 0.078125
0 0.065430 0.461914 0.099609 0.103516
0 0.150879 0.388672 0.073242 0.066406
0 0.181152 0.458984 0.069336 0.093750
0 0.042480 0.857910 0.071289 0.073242
0 0.184082 0.908691 0.071289 0.092773
0 0.282227 0.910156 0.068359 0.076172
0 0.350098 0.303223 0.110352 0.081055
0 0.477539 0.321289 0.076172 0.064453
0 0.697266 0.364746 0.085938 0.104492
0 0.639648 0.446777 0.070312 0.071289
0 0.612305 0.488281 0.064453 0.062500
0 0.622070 0.575195 0.083984 0.117188
0 0.727539 0.480469 0.097656 0.087891
0 0.589844 0.789062 0.107422 0.058594
0 0.611328 0.838379 0.156250 0.065430
0 0.544434 0.917969 0.110352 0.101562
0 0.351074 0.943359 0.073242 0.087891
0 0.757812 0.800293 0.056641 0.067383
0 0.854492 0.869629 0.072266 0.071289
0 0.916504 0.843750 0.069336 0.082031
0 0.860352 0.916504 0.148438 0.077148
0 0.769043 0.906738 0.041992 0.071289
0 0.970215 0.977051 0.055664 0.045898
0 0.665039 0.506348 0.062500 0.083008
