0 0.658691 0.797852 0.088867 0.091797
0 0.092773 0.133301 0.103516 0.188477
0 0.208008 0.441895 0.160156 0.112305
0 0.343262 0.710938 0.172852 0.177734
0 0.830566 0.977051 0.127930 0.045898
0 0.193359 0.168457 0.115234 0.100586
0 0.129395 0.673340 0.104492 0.112305
0 0.780762 0.874512 0.127930 0.165039
0 0.665039 0.424805 0.109375 0.195312
0 0.847168 0.381348 0.145508 0.155273
0 0.755859 0.220703 0.082031 0.167969
0 0.353027 0.495117 0.081055 0.087891
0 0.717285 0.528320 0.084961 0.136719
0 0.954590 0.101074 0.090820 0.102539
0 0.702148 0.229492 0.070312 0.109375
0 0.914551 0.894531 0.114258 0.085938
0 0.810547 0.259277 0.087891 0.120117
0 0.808105 0.530762 0.122070 0.153320
0 0.291016 0.504395 0.062500 0.155273
0 0.937500 0.961914 0.125000 0.070312
