0 0.082520 0.164551 0.047852 0.124023
0 0.262207 0.144531 0.034180 0.080078
0 0.146973 0.042480 0.047852 0.051758
0 0.194824 0.020996 0.071289 0.041992
0 0.315918 0.058594 0.055664 0.054688
0 0.471680 0.116211 0.046875 0.052734
0 0.614258 0.105469 0.056641 0.117188
0 0.656738 0.184082 0.049805 0.100586
0 0.705078 0.145020 0.058594 0.057617
0 0.875977 0.177246 0.072266 0.047852
0 0.811523 0.048828 0.070312 0.046875
0 0.880859 0.013184 0.085938 0.026367
0 0.897461 0.270996 0.101562 0.069336
0 0.384766 0.289551 0.119141 0.047852
0 0.013184 0.318848 0.026367 0.083008
0 0.020996 0.490234 0.041992 0.056641
0 0.150879 0.510742 0.069336 0.072266
0 0.239746 0.487305 0.053711 0.048828
0 0.213379 0.419434 0.061523 0.067383
0 0.283691 0.380859 0.051758 0.052734
0 0.331055 0.382812 0.066406 0.056641
0 0.424805 0.338379 0.076172 0.043945
0 0.715332 0.383301 0.051758 0.049805
0 0.937500 0.464844 0.064453 0.062500
0 0.672852 0.474121 0.064453 0.073242
0 0.722656 0.488281 0.058594 0.044922
0 0.211914 0.299316 0.076172 0.065430
0 0.161621 0.362793 0.053711 0.088867
0 0.217285 0.333984 0.061523 0.041016
0 0.498535 0.492188 0.047852 0.048828
0 0.541504 0.539551 0.067383 0.065430
0 0.560059 0.587891 0.077148 0.054688
0 0.639160 0.541992 0.061523 0.041016
0 0.729492 0.582520 0.066406 0.047852
0 0.804688 0.635742 0.068359 0.119141
0 0.967285 0.659668 0.065430 0.051758
0 0.858887 0.744629 0.100586 0.069336
0 0.806641 0.777832 0.123047 0.073242
0 0.715820 0.741211 0.054688 0.046875
0 0.649902 0.729492 0.051758 0.056641
0 0.083984 0.622070 0.042969 0.082031
0 0.245117 0.691895 0.076172 0.106445
0 0.192383 0.707520 0.054688 0.059570
0 0.132812 0.718262 0.041016 0.041992
0 0.152344 0.785645 0.056641 0.061523
0 0.281738 0.836914 0.069336 0.052734
0 0.381348 0.559570 0.090820 0.062500
0 0.495117 0.739258 0.072266 0.046875
0 0.438477 0.751953 0.105469 0.037109
0 0.353027 0.763672 0.081055 0.046875
0 0.382812 0.723633 0.056641 0.039062
0 0.712402 0.806641 0.075195 0.035156
0 0.884766 0.889648 0.078125 0.052734
0 0.968262 0.850586 0.063477 0.050781
0 0.967773 0.967285 0.054688 0.065430
0 0.830078 0.964844 0.068359 0.070312
0 0.691406 0.853516 0.046875 0.058594
0 0.463867 0.868164 0.076172 0.050781
0 0.398926 0.916504 0.040039 0.047852
0 0.331543 0.910156 0.034180 0.076172
0 0.260254 0.964844 0.100586 0.054688
0 0.564941 0.104492 0.061523 0.023438
0 0.373535 0.794434 0.100586 0.051758
0 0.090332 0.906250 0.069336 0.058594
0 0.304688 0.597656 0.052734 0.058594
