0 0.620605 0.044434 0.055664 0.088867
0 0.540039 0.676758 0.089844 0.093750
0 0.692383 0.644531 0.048828 0.083984
0 0.009277 0.742676 0.018555 0.081055
0 0.600098 0.956543 0.073242 0.086914
0 0.174805 0.312012 0.068359 0.071289
0 0.942383 0.551758 0.035156 0.072266
0 0.116211 0.484375 0.062500 0.070312
0 0.915527 0.104004 0.067383 0.071289
0 0.977539 0.373535 0.031250 0.081055
0 0.535156 0.058105 0.037109 0.114258
0 0.978516 0.969727 0.037109 0.060547
0 0.781250 0.125000 0.058594 0.058594
0 0.893066 0.284180 0.043945 0.093750
0 0.228516 0.394531 0.029297 0.091797
0 0.444336 0.604004 0.031250 0.081055
0 0.128418 0.178223 0.063477 0.071289
0 0.148438 0.801758 0.083984 0.039062
0 0.621582 0.395508 0.057617 0.052734
0 0.380859 0.583984 0.064453 0.076172
0 0.015137 0.240234 0.030273 0.052734
0 0.428223 0.821289 0.043945 0.078125
0 0.226514 0.620703 0.044824 0.084375
0 0.692383 0.150391 0.025391 0.064453
0 0.750000 0.471191 0.050781 0.081055
0 0.924316 0.430176 0.028320 0.061523
0 0.833008 0.080566 0.042969 0.084961
0 0.400879 0.708008 0.061523 0.039062
0 0.291504 0.469727 0.055664 0.046875
0 0.380371 0.765137 0.059570 0.040039
0 0.024414 0.054688 0.048828 0.068359
0 0.947754 0.612793 0.032227 0.069336
0 0.845215 0.419434 0.057617 0.045898
0 0.070312 0.681152 0.074219 0.036133
0 0.330078 0.024414 0.031250 0.048828
0 0.426270 0.983887 0.038086 0.032227
0 0.205078 0.862793 0.050781 0.034180
0 0.295410 0.725586 0.034180 0.062500
0 0.061523 0.396973 0.044922 0.061523
0 0.836914 0.033691 0.031250 0.067383
0 0.715332 0.421875 0.083008 0.050781
0 0.412598 0.469238 0.075195 0.055664
0 0.075684 0.028320 0.034180 0.056641
0 0.203125 0.709961 0.039062 0.035156
0 0.604004 0.041992 0.038086 0.074219
0 0.239746 0.338867 0.026367 0.068359
0 0.067383 0.096680 0.050781 0.064453
0 0.477051 0.500977 0.045898 0.029297
0 0.605957 0.511230 0.098633 0.047852
0 0.859863 0.793457 0.051758 0.020508
0 0.732910 0.984863 0.041992 0.030273
0 0.835449 0.416992 0.041992 0.037109
0 0.714844 0.729980 0.046875 0.038086
0 0.988281 0.671875 0.023438 0.054688
0 0.787598 0.023926 0.032227 0.047852
0 0.564941 0.269531 0.104492 0.031250
0 0.375977 0.495117 0.035156 0.050781
0 0.413086 0.511719 0.027344 0.042969
0 0.330078 0.786133 0.041016 0.044922
0 0.266602 0.458008 0.039062 0.050781
0 0.718750 0.204590 0.052734 0.065430
0 0.080566 0.875977 0.041992 0.025391
