0 0.237305 0.478516 0.105469 0.103516
0 0.268555 0.308105 0.107422 0.112305
0 0.582031 0.373535 0.134766 0.122070
0 0.398438 0.486328 0.150391 0.089844
0 0.550293 0.656250 0.088867 0.052734
0 0.548340 0.541992 0.157227 0.105469
0 0.061523 0.225586 0.119141 0.097656
0 0.595703 0.847168 0.113281 0.075195
0 0.589844 0.951172 0.160156 0.097656
0 0.480469 0.166992 0.152344 0.103516
0 0.161621 0.897949 0.081055 0.071289
0 0.923340 0.494629 0.102539 0.120117
0 0.832031 0.131348 0.130859 0.116211
0 0.284668 0.212891 0.094727 0.107422
0 0.251953 0.052246 0.105469 0.100586
0 0.449707 0.861816 0.133789 0.077148
0 0.484863 0.799805 0.104492 0.080078
0 0.399414 0.388672 0.060547 0.083984
0 0.145996 0.625488 0.083008 0.077148
0 0.983398 0.355469 0.033203 0.142578
0 0.183594 0.743652 0.052734 0.102539
0 0.877441 0.459473 0.129883 0.094727
0 0.963379 0.071777 0.073242 0.084961
0 0.581055 0.677246 0.085938 0.045898
