0 0.014160 0.269531 0.028320 0.103516
0 0.090332 0.342773 0.081055 0.080078
0 0.065918 0.444336 0.051758 0.052734
0 0.157227 0.488281 0.078125 0.070312
0 0.249023 0.454102 0.068359 0.060547
0 0.377441 0.372559 0.083008 0.090820
0 0.448730 0.243164 0.073242 0.091797
0 0.570312 0.273438 0.082031 0.082031
0 0.568848 0.375977 0.051758 0.087891
0 0.744629 0.407227 0.057617 0.062500
0 0.879883 0.394043 0.062500 0.065430
0 0.923340 0.387695 0.059570 0.060547
0 0.543457 0.089355 0.088867 0.075195
0 0.370117 0.020020 0.068359 0.040039
0 0.626465 0.014160 0.077148 0.028320
0 0.033203 0.025391 0.066406 0.050781
0 0.273926 0.184082 0.069336 0.083008
0 0.688965 0.625488 0.075195 0.059570
0 0.675781 0.714844 0.080078 0.064453
0 0.765137 0.755859 0.065430 0.072266
0 0.838867 0.758301 0.093750 0.100586
0 0.928223 0.807129 0.083008 0.055664
0 0.901855 0.698242 0.073242 0.068359
0 0.862793 0.587891 0.084961 0.066406
0 0.876465 0.522461 0.065430 0.068359
0 0.786133 0.924805 0.068359 0.070312
0 0.697266 0.976074 0.105469 0.047852
0 0.959473 0.961426 0.081055 0.077148
0 0.462891 0.868164 0.082031 0.089844
0 0.385254 0.978516 0.077148 0.042969
0 0.298828 0.953125 0.056641 0.068359
0 0.159180 0.990234 0.072266 0.019531
0 0.083496 0.992188 0.075195 0.015625
0 0.098633 0.847656 0.054688 0.060547
0 0.019531 0.767090 0.039062 0.069336
0 0.063477 0.769531 0.060547 0.078125
0 0.080078 0.698730 0.101562 0.071289
0 0.282715 0.283203 0.055664 0.080078
0 0.327637 0.743164 0.086914 0.083984
0 0.356445 0.642090 0.093750 0.100586
0 0.278320 0.850098 0.066406 0.051758
0 0.378418 0.811523 0.069336 0.058594
0 0.538574 0.019531 0.073242 0.039062
0 0.515137 0.894531 0.026367 0.027344
0 0.573730 0.959961 0.059570 0.052734
0 0.956055 0.989746 0.080078 0.020508
0 0.798340 0.174805 0.049805 0.031250
0 0.238770 0.966797 0.063477 0.048828
