0 0.948730 0.334473 0.071289 0.071289
0 0.877930 0.588379 0.078125 0.081055
0 0.536133 0.517090 0.050781 0.071289
0 0.494141 0.628418 0.068359 0.061523
0 0.414551 0.543457 0.131836 0.083008
0 0.416992 0.086914 0.111328 0.167969
0 0.557617 0.201172 0.123047 0.101562
0 0.206543 0.763672 0.163086 0.080078
0 0.630371 0.350098 0.100586 0.170898
0 0.061523 0.758789 0.123047 0.111328
0 0.446289 0.356445 0.085938 0.087891
0 0.337891 0.330566 0.101562 0.110352
0 0.341797 0.395020 0.148438 0.106445
0 0.434082 0.451660 0.028320 0.055664
