0 0.750977 0.967285 0.123047 0.065430
0 0.118164 0.785645 0.091797 0.100586
0 0.845703 0.900879 0.197266 0.077148
0 0.799805 0.755371 0.087891 0.100586
0 0.226074 0.593262 0.086914 0.083008
0 0.255371 0.852539 0.182617 0.230469
0 0.581055 0.493652 0.117188 0.192383
0 0.972656 0.852539 0.054688 0.080078
0 0.968750 0.617188 0.062500 0.150391
0 0.720703 0.852051 0.216797 0.114258
0 0.750977 0.599609 0.142578 0.199219
0 0.165039 0.121582 0.107422 0.120117
0 0.889648 0.977051 0.089844 0.045898
0 0.437500 0.493164 0.087891 0.109375
0 0.557129 0.819824 0.094727 0.360352
0 0.750977 0.335938 0.181641 0.138672
0 0.830078 0.626953 0.117188 0.115234
0 0.173340 0.334473 0.112305 0.364258
0 0.888770 0.288672 0.051758 0.084961
0 0.182129 0.046875 0.094727 0.089844
0 0.316895 0.538574 0.137695 0.362305
0 0.041504 0.206055 0.081055 0.328125
0 0.061523 0.410645 0.099609 0.172852
0 0.437012 0.224121 0.311523 0.209961
0 0.658691 0.350098 0.170898 0.194336
0 0.278320 0.024414 0.101562 0.048828
0 0.489746 0.454590 0.065430 0.114258
0 0.938477 0.328613 0.099609 0.405273
0 0.623047 0.155762 0.238281 0.249023
0 0.209473 0.645020 0.077148 0.073242
0 0.534180 0.246094 0.275391 0.134766
0 0.118164 0.031738 0.093750 0.059570
0 0.066895 0.291992 0.133789 0.130859
