0 0.484375 0.069336 0.054688 0.113281
0 0.258301 0.044434 0.067383 0.088867
0 0.062012 0.551758 0.124023 0.072266
0 0.031250 0.442383 0.062500 0.103516
0 0.150391 0.879883 0.101562 0.109375
0 0.339844 0.492188 0.076172 0.091797
0 0.756348 0.864746 0.067383 0.067383
0 0.834961 0.069336 0.054688 0.099609
0 0.689453 0.337402 0.083984 0.051758
0 0.090820 0.279785 0.064453 0.077148
0 0.729980 0.190918 0.061523 0.075195
0 0.379883 0.685547 0.068359 0.068359
0 0.916992 0.428711 0.044922 0.087891
0 0.352051 0.047363 0.071289 0.092773
0 0.522461 0.751465 0.072266 0.053711
0 0.532227 0.027832 0.039062 0.055664
0 0.079102 0.076660 0.072266 0.071289
0 0.965332 0.482910 0.057617 0.079102
0 0.870605 0.391602 0.059570 0.101562
0 0.083984 0.147949 0.078125 0.059570
0 0.604980 0.362305 0.047852 0.111328
0 0.812012 0.842773 0.071289 0.052734
0 0.551758 0.086426 0.050781 0.083008
0 0.574219 0.200684 0.044922 0.063477
0 0.538086 0.477539 0.031250 0.085938
0 0.463379 0.176758 0.090820 0.085938
0 0.143555 0.381348 0.058594 0.127930
0 0.325684 0.656250 0.057617 0.082031
0 0.837891 0.754395 0.050781 0.077148
0 0.495605 0.506836 0.055664 0.066406
0 0.962891 0.288574 0.070312 0.149414
0 0.832520 0.419434 0.051758 0.084961
0 0.984863 0.670898 0.030273 0.091797
0 0.383789 0.449707 0.050781 0.079102
0 0.038574 0.049316 0.051758 0.073242
0 0.555664 0.393066 0.087891 0.112305
0 0.588867 0.754395 0.050781 0.083008
0 0.404785 0.803223 0.053711 0.077148
0 0.971191 0.176270 0.051758 0.049805
0 0.393555 0.122070 0.062500 0.050781
0 0.504883 0.937012 0.064453 0.032227
0 0.148438 0.405273 0.093750 0.099609
0 0.027832 0.854980 0.055664 0.034180
0 0.605957 0.410156 0.055664 0.080078
0 0.464795 0.753564 0.076660 0.061035
0 0.703613 0.724121 0.090820 0.092773
0 0.062988 0.803223 0.057617 0.049805
0 0.781738 0.711914 0.040039 0.058594
0 0.146484 0.301270 0.037109 0.040039
0 0.305664 0.022461 0.031250 0.044922
0 0.193848 0.182129 0.059570 0.045898
0 0.568359 0.831055 0.085938 0.039062
0 0.821777 0.348145 0.057617 0.065430
0 0.356445 0.754395 0.046875 0.043945
0 0.880859 0.782715 0.050781 0.049805
0 0.638184 0.900879 0.063477 0.051758
0 0.335449 0.962891 0.102539 0.074219
0 0.225586 0.188477 0.076172 0.074219
0 0.229492 0.170898 0.107422 0.109375
