0 0.442871 0.617676 0.071289 0.124023
0 0.523926 0.814453 0.122070 0.048828
0 0.733398 0.637695 0.054688 0.095703
0 0.046387 0.039062 0.088867 0.078125
0 0.761230 0.202148 0.065430 0.076172
0 0.946289 0.821777 0.105469 0.075195
0 0.066406 0.767090 0.132812 0.086914
0 0.711914 0.229492 0.064453 0.087891
0 0.596680 0.936035 0.160156 0.081055
0 0.779785 0.011719 0.071289 0.021484
0 0.984863 0.247070 0.030273 0.107422
0 0.873535 0.093750 0.104492 0.093750
0 0.648438 0.961914 0.115234 0.076172
0 0.826660 0.955078 0.049805 0.080078
0 0.459961 0.874512 0.089844 0.057617
0 0.039062 0.895508 0.078125 0.064453
0 0.032715 0.496094 0.063477 0.062500
0 0.041504 0.454590 0.083008 0.059570
0 0.121094 0.435059 0.083984 0.081055
0 0.123047 0.362793 0.074219 0.061523
0 0.024414 0.262207 0.046875 0.086914
0 0.040039 0.213379 0.062500 0.065430
0 0.034668 0.127930 0.069336 0.093750
0 0.647949 0.339355 0.057617 0.090820
0 0.802734 0.352051 0.078125 0.075195
0 0.703125 0.355469 0.050781 0.082031
0 0.752930 0.977539 0.072266 0.044922
0 0.106934 0.019043 0.051758 0.038086
