0 0.937988 0.570312 0.096680 0.156250
0 0.232910 0.609375 0.137695 0.126953
0 0.919434 0.237793 0.104492 0.147461
0 0.806641 0.217285 0.107422 0.139648
0 0.276855 0.477051 0.131836 0.110352
0 0.615234 0.307617 0.103516 0.103516
0 0.262207 0.086426 0.106445 0.127930
0 0.899902 0.102051 0.083008 0.110352
0 0.147949 0.512207 0.098633 0.114258
0 0.834473 0.569824 0.110352 0.110352
0 0.346191 0.794922 0.122070 0.083984
0 0.665039 0.419922 0.091797 0.076172
0 0.793945 0.483398 0.074219 0.070312
0 0.857422 0.489258 0.080078 0.099609
0 0.045898 0.059570 0.087891 0.115234
0 0.167969 0.417969 0.095703 0.074219
0 0.035645 0.178223 0.057617 0.071289
0 0.228027 0.050781 0.081055 0.091797
0 0.951172 0.972168 0.083984 0.051758
0 0.938965 0.057129 0.098633 0.104492
