0 0.178711 0.038086 0.082031 0.076172
0 0.275391 0.181641 0.058594 0.056641
0 0.355957 0.259277 0.067383 0.061523
0 0.308105 0.337891 0.096680 0.126953
0 0.261719 0.481445 0.076172 0.072266
0 0.065430 0.526367 0.128906 0.060547
0 0.164551 0.625488 0.092773 0.100586
0 0.045410 0.666992 0.090820 0.076172
0 0.091797 0.827637 0.056641 0.088867
0 0.177734 0.830566 0.060547 0.051758
0 0.240234 0.775391 0.046875 0.052734
0 0.315430 0.561035 0.050781 0.053711
0 0.418945 0.510742 0.091797 0.085938
0 0.432617 0.615234 0.089844 0.060547
0 0.378418 0.584473 0.090820 0.053711
0 0.532715 0.655273 0.065430 0.060547
0 0.403809 0.915039 0.067383 0.062500
0 0.495605 0.923828 0.079102 0.056641
0 0.206055 0.979980 0.103516 0.040039
0 0.680176 0.706543 0.083008 0.061523
0 0.609863 0.583008 0.071289 0.128906
0 0.661133 0.593750 0.062500 0.085938
0 0.795410 0.524414 0.083008 0.103516
0 0.783691 0.677246 0.065430 0.069336
0 0.857910 0.525391 0.069336 0.058594
0 0.922852 0.557617 0.083984 0.089844
0 0.712891 0.321777 0.164062 0.114258
0 0.614258 0.200195 0.109375 0.101562
0 0.590332 0.127930 0.094727 0.064453
0 0.783691 0.206543 0.065430 0.153320
0 0.686523 0.101074 0.144531 0.170898
0 0.528320 0.034180 0.050781 0.068359
0 0.582520 0.039551 0.065430 0.079102
0 0.474609 0.080566 0.052734 0.059570
0 0.965332 0.371094 0.069336 0.125000
0 0.980469 0.824219 0.039062 0.056641
0 0.899414 0.967285 0.089844 0.065430
0 0.077637 0.223633 0.108398 0.052734
0 0.013184 0.031250 0.026367 0.062500
0 0.309082 0.015625 0.086914 0.031250
0 0.014648 0.560547 0.027344 0.039062
0 0.275391 0.760742 0.039062 0.039062
0 0.076172 0.564453 0.066406 0.044922
0 0.409180 0.749023 0.070312 0.083984
