0 0.343750 0.543457 0.042969 0.090820
0 0.130859 0.567871 0.074219 0.077148
0 0.630371 0.395508 0.061523 0.082031
0 0.305664 0.736816 0.111328 0.096680
0 0.347656 0.102539 0.082031 0.091797
0 0.559570 0.037598 0.101562 0.075195
0 0.934570 0.413574 0.076172 0.096680
0 0.072754 0.695312 0.053711 0.066406
0 0.152344 0.440430 0.070312 0.068359
0 0.212402 0.066895 0.043945 0.096680
0 0.431641 0.120117 0.052734 0.085938
0 0.649902 0.119141 0.043945 0.083984
0 0.768555 0.475098 0.042969 0.081055
0 0.336914 0.189941 0.037109 0.077148
0 0.647949 0.281250 0.040039 0.062500
0 0.049805 0.378418 0.099609 0.120117
0 0.390625 0.509277 0.089844 0.043945
0 0.694336 0.750488 0.044922 0.073242
0 0.791016 0.695312 0.083984 0.058594
0 0.084473 0.048828 0.116211 0.089844
0 0.368164 0.036621 0.044922 0.073242
0 0.418945 0.845215 0.046875 0.073242
0 0.380371 0.702148 0.049805 0.074219
0 0.251465 0.456543 0.034180 0.069336
0 0.173828 0.828613 0.062500 0.073242
0 0.821289 0.053223 0.066406 0.106445
0 0.252930 0.785645 0.060547 0.065430
0 0.826660 0.499023 0.055664 0.076172
0 0.842285 0.098145 0.055664 0.094727
0 0.629395 0.723145 0.086914 0.098633
0 0.161621 0.029297 0.049805 0.058594
0 0.090332 0.096191 0.075195 0.075195
0 0.756836 0.270996 0.042969 0.092773
0 0.728516 0.163086 0.062500 0.062500
0 0.536133 0.625000 0.097656 0.048828
0 0.911621 0.963867 0.038086 0.072266
0 0.034180 0.085938 0.068359 0.101562
0 0.149414 0.650879 0.052734 0.049805
0 0.375488 0.927734 0.045898 0.066406
0 0.975098 0.413574 0.049805 0.059570
0 0.949609 0.859961 0.065625 0.043750
0 0.192383 0.505371 0.111328 0.047852
0 0.924805 0.755859 0.037109 0.062500
0 0.283691 0.984863 0.055664 0.030273
0 0.509277 0.920410 0.055664 0.090820
0 0.337891 0.045898 0.066406 0.072266
0 0.502441 0.974609 0.038086 0.050781
0 0.510254 0.579590 0.077148 0.051758
0 0.445801 0.715820 0.069336 0.130859
0 0.083984 0.917480 0.058594 0.034180
0 0.981934 0.067871 0.036133 0.051758
0 0.980469 0.255859 0.039062 0.041016
0 0.244629 0.346680 0.081055 0.093750
0 0.016602 0.408203 0.033203 0.111328
0 0.208496 0.492676 0.043945 0.092773
0 0.370117 0.870117 0.070312 0.056641
0 0.522461 0.797363 0.054688 0.051758
0 0.493164 0.841309 0.042969 0.071289
