0 0.227051 0.976562 0.065430 0.046875
0 0.021973 0.988770 0.043945 0.022461
0 0.116211 0.852051 0.080078 0.049805
0 0.116699 0.891113 0.034180 0.038086
0 0.194336 0.883301 0.062500 0.077148
0 0.270508 0.907715 0.062500 0.071289
0 0.366699 0.924805 0.047852 0.054688
0 0.363281 0.841309 0.058594 0.053711
0 0.287598 0.808594 0.071289 0.058594
0 0.288574 0.700684 0.057617 0.079102
0 0.139160 0.746582 0.049805 0.045898
0 0.072266 0.775391 0.074219 0.058594
0 0.034668 0.609863 0.069336 0.057617
0 0.080078 0.523926 0.056641 0.063477
0 0.138184 0.588379 0.086914 0.081055
0 0.225098 0.612305 0.061523 0.062500
0 0.288086 0.519043 0.072266 0.061523
0 0.017090 0.250977 0.034180 0.060547
0 0.020020 0.168457 0.040039 0.075195
0 0.090820 0.078125 0.074219 0.066406
0 0.100586 0.021484 0.074219 0.042969
0 0.272949 0.018066 0.051758 0.036133
0 0.264648 0.088867 0.068359 0.087891
0 0.325684 0.092773 0.063477 0.066406
0 0.267090 0.179199 0.061523 0.069336
0 0.321777 0.245605 0.059570 0.071289
0 0.558594 0.114746 0.070312 0.067383
0 0.637207 0.091797 0.094727 0.072266
0 0.881348 0.034668 0.051758 0.065430
0 0.965820 0.076172 0.052734 0.082031
0 0.991699 0.177734 0.016602 0.068359
0 0.994629 0.225098 0.010742 0.043945
0 0.864258 0.298340 0.056641 0.081055
0 0.695801 0.290039 0.063477 0.080078
0 0.618164 0.263672 0.076172 0.050781
0 0.507812 0.245605 0.095703 0.077148
0 0.545898 0.205078 0.070312 0.072266
0 0.640625 0.368652 0.062500 0.057617
0 0.763672 0.378418 0.050781 0.053711
0 0.826660 0.629395 0.104492 0.088867
0 0.973145 0.650879 0.053711 0.079102
0 0.979980 0.530273 0.040039 0.107422
0 0.990234 0.431641 0.019531 0.087891
0 0.616699 0.817871 0.061523 0.059570
0 0.477539 0.719238 0.064453 0.063477
0 0.575195 0.975586 0.089844 0.048828
0 0.947266 0.947266 0.060547 0.060547
0 0.990723 0.961914 0.018555 0.054688
0 0.985352 0.868164 0.029297 0.060547
0 0.057617 0.706055 0.064453 0.060547
