0 0.693848 0.087402 0.090820 0.092773
0 0.977051 0.615723 0.045898 0.098633
0 0.582520 0.218750 0.108398 0.083984
0 0.875488 0.152344 0.077148 0.076172
0 0.626465 0.789062 0.065430 0.083984
0 0.711914 0.470703 0.046875 0.078125
0 0.808594 0.473633 0.058594 0.070312
0 0.147949 0.556152 0.124023 0.088867
0 0.954590 0.495117 0.084961 0.115234
0 0.100586 0.678711 0.128906 0.078125
0 0.964355 0.246582 0.067383 0.057617
0 0.741211 0.248535 0.062500 0.073242
0 0.059570 0.270020 0.117188 0.075195
0 0.380859 0.089355 0.111328 0.110352
0 0.119629 0.067383 0.098633 0.078125
0 0.541016 0.861328 0.109375 0.068359
0 0.587402 0.274902 0.061523 0.057617
0 0.690430 0.318848 0.074219 0.086914
0 0.380859 0.599609 0.078125 0.050781
0 0.040039 0.107910 0.080078 0.112305
0 0.071289 0.980469 0.066406 0.033203
0 0.225098 0.416504 0.120117 0.090820
0 0.548340 0.495605 0.094727 0.075195
0 0.881836 0.852051 0.046875 0.081055
0 0.441895 0.829590 0.125977 0.073242
0 0.255859 0.024902 0.072266 0.049805
0 0.665527 0.559570 0.092773 0.064453
0 0.462402 0.309082 0.098633 0.055664
0 0.150879 0.521973 0.096680 0.061523
0 0.305664 0.812012 0.048828 0.071289
0 0.062500 0.184570 0.125000 0.115234
0 0.192383 0.196777 0.113281 0.124023
0 0.278320 0.230957 0.115234 0.125977
0 0.902344 0.340820 0.078125 0.052734
0 0.714844 0.690430 0.078125 0.054688
0 0.970215 0.937012 0.059570 0.053711
0 0.358887 0.891602 0.147461 0.093750
0 0.404297 0.875977 0.181641 0.125000
0 0.302734 0.768555 0.171875 0.080078
0 0.062988 0.819824 0.124023 0.100586
0 0.190430 0.959961 0.066406 0.044922
0 0.030273 0.734863 0.060547 0.057617
0 0.028809 0.689453 0.057617 0.062500
0 0.041992 0.556641 0.083984 0.070312
0 0.320312 0.598145 0.099609 0.083008
0 0.273926 0.546875 0.063477 0.044922
0 0.361816 0.500977 0.098633 0.064453
0 0.467773 0.679688 0.091797 0.052734
0 0.875488 0.792480 0.079102 0.083008
