0 0.574219 0.233887 0.050781 0.084961
0 0.062012 0.095215 0.063477 0.098633
0 0.157227 0.943359 0.068359 0.109375
0 0.139648 0.043457 0.074219 0.086914
0 0.280762 0.124512 0.055664 0.090820
0 0.497559 0.676270 0.063477 0.137695
0 0.511230 0.148438 0.053711 0.087891
0 0.279785 0.449707 0.053711 0.096680
0 0.191406 0.669922 0.056641 0.074219
0 0.460938 0.255371 0.056641 0.114258
0 0.577148 0.444824 0.050781 0.075195
0 0.342773 0.123047 0.046875 0.078125
0 0.754883 0.145508 0.033203 0.076172
0 0.142090 0.577148 0.110352 0.091797
0 0.016602 0.254395 0.033203 0.127930
0 0.760742 0.474121 0.031250 0.090820
0 0.299316 0.282715 0.047852 0.079102
0 0.792969 0.308594 0.046875 0.123047
0 0.103516 0.723633 0.080078 0.056641
0 0.321289 0.783691 0.037109 0.090820
0 0.446289 0.048340 0.042969 0.084961
0 0.192871 0.053223 0.041992 0.106445
0 0.616699 0.043457 0.026367 0.083008
0 0.400391 0.084961 0.033203 0.087891
0 0.070801 0.615234 0.057617 0.164062
0 0.882812 0.920410 0.054688 0.118164
0 0.044922 0.732422 0.080078 0.099609
0 0.893555 0.448730 0.031250 0.075195
0 0.749512 0.817871 0.041992 0.073242
0 0.614746 0.112793 0.030273 0.084961
0 0.679688 0.409180 0.042969 0.066406
0 0.517578 0.799805 0.046875 0.072266
0 0.547852 0.670898 0.058594 0.121094
0 0.386230 0.751465 0.032227 0.083008
0 0.656738 0.707520 0.038086 0.084961
0 0.492188 0.186523 0.054688 0.066406
0 0.914062 0.109863 0.029297 0.083008
0 0.567871 0.652832 0.034180 0.090820
0 0.435059 0.917480 0.153320 0.124023
0 0.978027 0.105469 0.038086 0.121094
0 0.551758 0.764648 0.066406 0.130859
0 0.272949 0.843750 0.041992 0.087891
0 0.178223 0.838379 0.049805 0.075195
0 0.883301 0.349121 0.049805 0.108398
0 0.180176 0.385254 0.057617 0.122070
0 0.430664 0.498047 0.054688 0.056641
0 0.631348 0.468262 0.034180 0.063477
0 0.722656 0.542969 0.052734 0.148438
0 0.963867 0.769531 0.048828 0.060547
0 0.871582 0.762695 0.092773 0.058594
0 0.292969 0.769531 0.035156 0.076172
0 0.500977 0.295410 0.027344 0.053711
0 0.329590 0.664062 0.036133 0.068359
0 0.043457 0.860840 0.045898 0.114258
0 0.771484 0.980957 0.052734 0.032227
0 0.604004 0.504883 0.028320 0.052734
0 0.020020 0.981934 0.030273 0.036133
0 0.584961 0.167480 0.027344 0.059570
0 0.138672 0.412109 0.083984 0.111328
0 0.297363 0.201172 0.038086 0.046875
0 0.945312 0.032715 0.050781 0.065430
0 0.951172 0.098633 0.033203 0.064453
0 0.948242 0.462402 0.097656 0.049805
0 0.679688 0.992188 0.042969 0.015625
0 0.931152 0.733887 0.032227 0.038086
0 0.989258 0.019531 0.021484 0.039062
