0 0.055176 0.485352 0.083008 0.097656
0 0.149414 0.390625 0.089844 0.072266
0 0.818848 0.102051 0.174805 0.100586
0 0.471680 0.479004 0.105469 0.094727
0 0.117676 0.660156 0.094727 0.082031
0 0.443359 0.203125 0.087891 0.078125
0 0.198242 0.780762 0.091797 0.108398
0 0.517090 0.323242 0.094727 0.087891
0 0.072266 0.377930 0.070312 0.062500
0 0.650391 0.303223 0.097656 0.092773
0 0.294434 0.803223 0.084961 0.086914
0 0.392090 0.625977 0.084961 0.087891
0 0.808594 0.530762 0.152344 0.108398
0 0.460938 0.759766 0.066406 0.054688
0 0.581055 0.380859 0.097656 0.072266
0 0.575684 0.655762 0.083008 0.073242
0 0.063477 0.131836 0.072266 0.060547
0 0.728516 0.331543 0.097656 0.065430
0 0.704590 0.859863 0.159180 0.084961
0 0.076172 0.033691 0.152344 0.067383
0 0.531250 0.052734 0.099609 0.080078
0 0.591797 0.578613 0.107422 0.094727
0 0.760742 0.764160 0.091797 0.075195
0 0.782227 0.713379 0.115234 0.067383
0 0.699707 0.423340 0.120117 0.051758
0 0.517578 0.955078 0.140625 0.080078
0 0.740723 0.643066 0.131836 0.077148
0 0.090820 0.889648 0.097656 0.089844
0 0.372070 0.143555 0.070312 0.087891
0 0.774902 0.451660 0.094727 0.065430
0 0.206055 0.928711 0.134766 0.142578
0 0.481934 0.847656 0.094727 0.062500
0 0.710449 0.903320 0.157227 0.087891
0 0.629883 0.055664 0.080078 0.052734
0 0.615234 0.116211 0.089844 0.062500
0 0.023438 0.067871 0.046875 0.067383
0 0.951660 0.035156 0.094727 0.062500
0 0.972656 0.720703 0.050781 0.099609
0 0.974121 0.946289 0.049805 0.068359
0 0.813477 0.984863 0.152344 0.030273
0 0.624512 0.951660 0.124023 0.092773
0 0.439941 0.488281 0.075195 0.097656
0 0.645508 0.627930 0.048828 0.066406
0 0.504395 0.767578 0.055664 0.052734
