0 0.594727 0.830078 0.214844 0.085938
0 0.695801 0.695312 0.163086 0.152344
0 0.920898 0.439453 0.158203 0.091797
0 0.989746 0.640625 0.020508 0.119141
0 0.385742 0.518066 0.158203 0.081055
0 0.397949 0.337891 0.100586 0.191406
0 0.073242 0.182617 0.146484 0.097656
0 0.020996 0.653809 0.041992 0.172852
0 0.350098 0.893066 0.108398 0.139648
0 0.217773 0.739746 0.148438 0.166992
0 0.975098 0.757812 0.049805 0.093750
0 0.578613 0.989746 0.084961 0.020508
0 0.448730 0.917480 0.067383 0.096680
0 0.489258 0.742676 0.093750 0.086914
0 0.535645 0.677734 0.061523 0.050781
0 0.538086 0.516602 0.056641 0.136719
0 0.675293 0.539062 0.100586 0.064453
0 0.666016 0.458008 0.128906 0.072266
0 0.750488 0.447754 0.067383 0.110352
0 0.181641 0.458496 0.070312 0.067383
0 0.257324 0.482910 0.073242 0.057617
0 0.265137 0.558594 0.071289 0.050781
0 0.200195 0.621094 0.089844 0.052734
0 0.206543 0.394043 0.118164 0.065430
0 0.282715 0.321289 0.118164 0.113281
0 0.049316 0.274902 0.098633 0.094727
0 0.042969 0.342773 0.085938 0.066406
0 0.119629 0.055664 0.114258 0.060547
0 0.643555 0.223633 0.207031 0.099609
0 0.812988 0.188477 0.063477 0.060547
0 0.821289 0.076172 0.083984 0.044922
0 0.643555 0.029785 0.179688 0.057617
0 0.450195 0.146484 0.216797 0.148438
0 0.960938 0.356934 0.078125 0.055664
0 0.897949 0.893555 0.124023 0.089844
0 0.914062 0.798828 0.078125 0.064453
0 0.933105 0.990723 0.122070 0.018555
0 0.058105 0.876465 0.116211 0.159180
0 0.913086 0.084961 0.126953 0.169922
