0 0.908203 0.855957 0.132812 0.083008
0 0.204590 0.429199 0.120117 0.120117
0 0.750977 0.900879 0.126953 0.131836
0 0.472168 0.564453 0.139648 0.074219
0 0.450684 0.389648 0.073242 0.080078
0 0.045898 0.553223 0.091797 0.163086
0 0.014648 0.356934 0.029297 0.094727
0 0.574707 0.489258 0.084961 0.125000
0 0.373047 0.213379 0.087891 0.083008
0 0.183105 0.329590 0.067383 0.069336
0 0.027344 0.920898 0.054688 0.087891
0 0.630859 0.880859 0.087891 0.072266
0 0.771973 0.440430 0.235352 0.142578
0 0.246094 0.945801 0.242188 0.108398
0 0.135742 0.606934 0.072266 0.065430
0 0.293457 0.244629 0.077148 0.075195
0 0.921387 0.155762 0.071289 0.043945
0 0.053223 0.980957 0.067383 0.038086
0 0.596680 0.386719 0.205078 0.080078
0 0.502930 0.807129 0.097656 0.059570
0 0.745605 0.811035 0.122070 0.057617
0 0.550781 0.929688 0.142578 0.140625
0 0.625977 0.554688 0.117188 0.070312
0 0.584473 0.828613 0.104492 0.067383
0 0.108398 0.321777 0.062500 0.065430
0 0.187012 0.208008 0.110352 0.072266
0 0.334473 0.868164 0.084961 0.072266
0 0.098145 0.075684 0.092773 0.147461
0 0.862305 0.154785 0.117188 0.100586
0 0.880371 0.612305 0.057617 0.070312
0 0.100586 0.726074 0.082031 0.102539
0 0.122070 0.245605 0.064453 0.067383
0 0.653320 0.318359 0.087891 0.072266
0 0.514648 0.702148 0.054688 0.060547
0 0.465820 0.324707 0.068359 0.049805
0 0.930664 0.439453 0.132812 0.070312
0 0.785645 0.160645 0.102539 0.077148
0 0.873047 0.035645 0.132812 0.067383
0 0.493164 0.094727 0.062500 0.060547
0 0.161133 0.747070 0.072266 0.064453
0 0.041016 0.710449 0.064453 0.092773
0 0.399414 0.910645 0.089844 0.083008
0 0.948242 0.045898 0.097656 0.087891
0 0.943359 0.353027 0.107422 0.092773
0 0.722168 0.626953 0.120117 0.060547
0 0.614746 0.026855 0.094727 0.049805
0 0.961426 0.639160 0.077148 0.059570
0 0.957031 0.210449 0.080078 0.092773
0 0.022461 0.802246 0.044922 0.059570
0 0.017090 0.691406 0.034180 0.123047
0 0.059082 0.909668 0.065430 0.077148
0 0.118164 0.537109 0.072266 0.105469
0 0.978516 0.538574 0.042969 0.047852
0 0.806641 0.273438 0.158203 0.068359
