0 0.333008 0.433105 0.117188 0.083008
0 0.346191 0.019531 0.147461 0.039062
0 0.187012 0.336914 0.114258 0.099609
0 0.565430 0.009766 0.142578 0.019531
0 0.404785 0.669922 0.084961 0.080078
0 0.706055 0.065918 0.097656 0.092773
0 0.182129 0.683594 0.065430 0.062500
0 0.940430 0.665527 0.107422 0.077148
0 0.924805 0.081055 0.107422 0.099609
0 0.538574 0.625977 0.137695 0.142578
0 0.398926 0.516602 0.131836 0.072266
0 0.110840 0.625977 0.067383 0.082031
0 0.972168 0.597168 0.055664 0.069336
0 0.947266 0.499512 0.105469 0.079102
0 0.789551 0.070801 0.129883 0.112305
0 0.231934 0.177246 0.110352 0.094727
0 0.208008 0.962402 0.134766 0.075195
0 0.107910 0.873047 0.102539 0.072266
0 0.253418 0.907227 0.092773 0.070312
0 0.589355 0.976074 0.075195 0.047852
0 0.435547 0.496582 0.128906 0.059570
0 0.770996 0.984863 0.083008 0.030273
0 0.915527 0.916992 0.143555 0.062500
0 0.856934 0.708496 0.139648 0.077148
0 0.928711 0.430664 0.142578 0.072266
