0 0.113770 0.459473 0.112305 0.079102
0 0.036133 0.579102 0.072266 0.080078
0 0.969727 0.704590 0.060547 0.096680
0 0.169922 0.036621 0.087891 0.073242
0 0.330078 0.021484 0.078125 0.042969
0 0.501953 0.103027 0.138672 0.075195
0 0.477539 0.243652 0.095703 0.079102
0 0.431641 0.300293 0.060547 0.067383
0 0.418457 0.393555 0.065430 0.089844
0 0.507812 0.428223 0.068359 0.088867
0 0.552246 0.361328 0.077148 0.085938
0 0.714355 0.426758 0.086914 0.074219
0 0.669922 0.494141 0.076172 0.062500
0 0.627930 0.542480 0.087891 0.077148
0 0.765137 0.621582 0.098633 0.090820
0 0.572266 0.707520 0.101562 0.096680
0 0.781738 0.794922 0.135742 0.109375
0 0.873535 0.915527 0.098633 0.079102
0 0.346191 0.523926 0.081055 0.077148
0 0.313477 0.447754 0.089844 0.069336
0 0.214355 0.142578 0.059570 0.087891
0 0.266113 0.860352 0.102539 0.066406
0 0.423340 0.753418 0.086914 0.106445
0 0.476562 0.870117 0.080078 0.048828
0 0.576172 0.909668 0.066406 0.061523
0 0.667480 0.902832 0.067383 0.061523
0 0.758789 0.979492 0.085938 0.041016
0 0.828125 0.371582 0.072266 0.065430
0 0.805664 0.484863 0.050781 0.073242
0 0.885742 0.598145 0.074219 0.118164
0 0.948242 0.533691 0.054688 0.049805
0 0.963379 0.401367 0.073242 0.080078
0 0.892090 0.464844 0.104492 0.064453
0 0.955566 0.286621 0.088867 0.090820
0 0.930176 0.146973 0.063477 0.067383
0 0.966797 0.067383 0.066406 0.064453
0 0.851562 0.039062 0.097656 0.074219
0 0.750488 0.067383 0.090820 0.083984
0 0.704590 0.143066 0.137695 0.083008
0 0.084961 0.393555 0.062500 0.048828
