0 0.969238 0.230469 0.061523 0.083984
0 0.316895 0.079590 0.092773 0.088867
0 0.544922 0.094238 0.056641 0.065430
0 0.616211 0.069824 0.085938 0.098633
0 0.767578 0.079590 0.091797 0.065430
0 0.882812 0.061035 0.093750 0.086914
0 0.107422 0.168945 0.083984 0.070312
0 0.123047 0.250000 0.074219 0.062500
0 0.236816 0.282227 0.100586 0.064453
0 0.374512 0.344238 0.061523 0.083008
0 0.494141 0.321289 0.064453 0.080078
0 0.562500 0.346191 0.066406 0.108398
0 0.623047 0.348145 0.083984 0.084961
0 0.437500 0.245117 0.132812 0.058594
0 0.432617 0.187500 0.076172 0.056641
0 0.107910 0.549805 0.073242 0.050781
0 0.221680 0.522949 0.080078 0.063477
0 0.429688 0.591309 0.087891 0.051758
0 0.465332 0.564453 0.055664 0.044922
0 0.171875 0.688965 0.058594 0.081055
0 0.030273 0.674316 0.060547 0.061523
0 0.170410 0.799316 0.081055 0.086914
0 0.230957 0.771973 0.061523 0.061523
0 0.304688 0.704590 0.074219 0.090820
0 0.337402 0.829102 0.090820 0.105469
0 0.487793 0.931152 0.073242 0.135742
0 0.737305 0.782227 0.072266 0.082031
0 0.387207 0.700684 0.073242 0.049805
0 0.932617 0.539551 0.068359 0.096680
0 0.966309 0.606934 0.067383 0.063477
0 0.776367 0.629883 0.072266 0.101562
0 0.741699 0.494141 0.075195 0.056641
0 0.783691 0.308105 0.057617 0.069336
0 0.876953 0.314453 0.076172 0.058594
0 0.946289 0.825195 0.068359 0.054688
0 0.966309 0.919922 0.067383 0.066406
0 0.794434 0.193359 0.081055 0.074219
0 0.739258 0.878418 0.076172 0.069336
0 0.079590 0.781738 0.057617 0.061523
0 0.404297 0.962402 0.058594 0.057617
0 0.111328 0.708496 0.048828 0.065430
0 0.707520 0.626465 0.049805 0.065430
0 0.345703 0.386719 0.083984 0.056641
0 0.401855 0.659180 0.063477 0.046875
0 0.468750 0.766602 0.103516 0.064453
0 0.825195 0.654297 0.050781 0.056641
0 0.078125 0.114746 0.070312 0.067383
