0 0.944824 0.981934 0.081055 0.032227
0 0.510254 0.141602 0.084961 0.037109
0 0.019043 0.392578 0.038086 0.050781
0 0.557617 0.243652 0.042969 0.051758
0 0.666504 0.167480 0.051758 0.051758
0 0.735840 0.939941 0.094727 0.049805
0 0.766602 0.104492 0.052734 0.056641
0 0.977051 0.671387 0.043945 0.038086
0 0.107422 0.488281 0.050781 0.052734
0 0.496582 0.580566 0.094727 0.053711
0 0.301758 0.081543 0.046875 0.098633
0 0.841797 0.340332 0.097656 0.063477
0 0.591797 0.069336 0.095703 0.062500
0 0.624512 0.049316 0.100586 0.086914
0 0.177734 0.572754 0.089844 0.051758
0 0.145508 0.547363 0.044922 0.127930
0 0.201172 0.873535 0.087891 0.067383
0 0.364258 0.142578 0.115234 0.041016
0 0.536133 0.574707 0.101562 0.096680
0 0.791504 0.038086 0.053711 0.074219
0 0.260254 0.455566 0.124023 0.051758
0 0.590820 0.366699 0.115234 0.079102
0 0.685547 0.646484 0.044922 0.042969
0 0.711426 0.513184 0.077148 0.079102
0 0.500488 0.167480 0.067383 0.034180
0 0.581055 0.124512 0.083984 0.069336
0 0.090820 0.917480 0.093750 0.081055
0 0.532715 0.886719 0.090820 0.056641
0 0.031250 0.965820 0.058594 0.044922
0 0.867676 0.969727 0.041992 0.044922
0 0.969727 0.123535 0.060547 0.065430
0 0.215332 0.090332 0.079102 0.063477
0 0.437012 0.685547 0.083008 0.058594
0 0.294434 0.612305 0.106445 0.046875
0 0.635742 0.659180 0.082031 0.029297
0 0.806641 0.937988 0.097656 0.102539
0 0.247070 0.684082 0.070312 0.081055
0 0.861328 0.704102 0.060547 0.072266
0 0.238770 0.078613 0.083008 0.067383
0 0.197266 0.456055 0.082031 0.037109
0 0.292480 0.505859 0.057617 0.089844
0 0.058594 0.233887 0.115234 0.075195
0 0.057617 0.657227 0.062500 0.070312
0 0.151367 0.270020 0.087891 0.075195
0 0.816895 0.662598 0.110352 0.061523
0 0.433594 0.492188 0.064453 0.115234
0 0.344727 0.601562 0.111328 0.062500
0 0.013672 0.249023 0.025391 0.042969
0 0.024902 0.575684 0.049805 0.045898
0 0.800293 0.379395 0.098633 0.055664
0 0.959473 0.445312 0.040039 0.087891
0 0.038574 0.694336 0.063477 0.039062
0 0.396484 0.540039 0.093750 0.052734
0 0.355957 0.913086 0.063477 0.058594
0 0.055176 0.785645 0.110352 0.118164
0 0.574219 0.566895 0.095703 0.110352
0 0.030273 0.893555 0.060547 0.076172
0 0.682617 0.708008 0.101562 0.066406
0 0.839355 0.283691 0.077148 0.079102
0 0.390137 0.018555 0.026367 0.037109
0 0.433594 0.645020 0.072266 0.043945
0 0.931152 0.015625 0.028320 0.031250
0 0.993164 0.013184 0.013672 0.026367
0 0.430664 0.334961 0.060547 0.064453
0 0.924316 0.954102 0.071289 0.027344
0 0.345703 0.834473 0.066406 0.094727
0 0.263672 0.628906 0.085938 0.054688
0 0.705566 0.584473 0.069336 0.081055
0 0.961914 0.595215 0.074219 0.063477
0 0.207520 0.981934 0.190430 0.034180
0 0.239746 0.969727 0.075195 0.039062
0 0.788086 0.588379 0.109375 0.045898
0 0.860840 0.560059 0.086914 0.073242
0 0.825195 0.500000 0.060547 0.056641
0 0.826660 0.779297 0.083008 0.121094
0 0.472656 0.100586 0.048828 0.044922
0 0.587402 0.270996 0.055664 0.081055
0 0.083496 0.363281 0.120117 0.095703
0 0.131836 0.844238 0.048828 0.059570
0 0.189453 0.819336 0.066406 0.085938
0 0.968262 0.041992 0.063477 0.052734
0 0.535645 0.069824 0.069336 0.067383
0 0.163574 0.152832 0.071289 0.067383
0 0.633789 0.980469 0.072266 0.035156
0 0.967285 0.721191 0.055664 0.049805
0 0.182617 0.686035 0.062500 0.061523
