0 0.009766 0.117188 0.019531 0.070312
0 0.029297 0.213379 0.058594 0.069336
0 0.187988 0.120605 0.051758 0.098633
0 0.248047 0.149902 0.068359 0.075195
0 0.384766 0.155273 0.085938 0.101562
0 0.461426 0.044434 0.079102 0.088867
0 0.244629 0.052246 0.100586 0.104492
0 0.156738 0.027832 0.059570 0.055664
0 0.023438 0.383301 0.046875 0.083008
0 0.092773 0.854492 0.091797 0.078125
0 0.148438 0.906738 0.087891 0.077148
0 0.210449 0.974609 0.075195 0.050781
0 0.266602 0.981445 0.060547 0.037109
0 0.327148 0.871582 0.087891 0.071289
0 0.232422 0.495117 0.083984 0.097656
0 0.376953 0.419922 0.089844 0.078125
0 0.331543 0.629883 0.112305 0.109375
0 0.295410 0.659180 0.067383 0.078125
0 0.426270 0.706543 0.079102 0.104492
0 0.698730 0.631348 0.114258 0.086914
0 0.695801 0.698242 0.069336 0.062500
0 0.739746 0.430176 0.086914 0.159180
0 0.703613 0.331543 0.077148 0.061523
0 0.491211 0.333008 0.113281 0.099609
0 0.569336 0.250977 0.060547 0.078125
0 0.507812 0.246582 0.091797 0.077148
0 0.666504 0.243652 0.081055 0.079102
0 0.699219 0.142578 0.113281 0.140625
0 0.829590 0.264160 0.063477 0.141602
0 0.873047 0.266602 0.046875 0.083984
0 0.924805 0.226074 0.052734 0.073242
0 0.854004 0.142578 0.079102 0.089844
0 0.916504 0.125488 0.063477 0.083008
0 0.991211 0.107422 0.017578 0.062500
0 0.977051 0.300293 0.045898 0.098633
0 0.972656 0.384766 0.054688 0.064453
0 0.946289 0.475098 0.078125 0.086914
0 0.979492 0.492676 0.041016 0.051758
0 0.993652 0.574707 0.012695 0.084961
0 0.965332 0.726562 0.069336 0.080078
0 0.907715 0.837402 0.086914 0.122070
0 0.841797 0.892090 0.066406 0.083008
0 0.799316 0.802734 0.075195 0.058594
0 0.483887 0.197266 0.043945 0.031250
0 0.294922 0.725098 0.083984 0.061523
0 0.059570 0.929199 0.046875 0.045898
0 0.707031 0.023438 0.064453 0.046875
