0 0.044922 0.866699 0.089844 0.075195
0 0.095703 0.746094 0.076172 0.068359
0 0.044922 0.561523 0.089844 0.082031
0 0.208008 0.597656 0.109375 0.082031
0 0.215332 0.708496 0.081055 0.073242
0 0.168457 0.848633 0.069336 0.068359
0 0.299316 0.930176 0.081055 0.139648
0 0.238770 0.972656 0.063477 0.054688
0 0.242676 0.906250 0.040039 0.052734
0 0.839355 0.950195 0.079102 0.099609
0 0.742676 0.795410 0.075195 0.079102
0 0.804688 0.770996 0.060547 0.069336
0 0.878418 0.816406 0.073242 0.083984
0 0.892578 0.761719 0.076172 0.083984
0 0.956543 0.826172 0.057617 0.083984
0 0.847168 0.651367 0.131836 0.099609
0 0.677734 0.539551 0.101562 0.092773
0 0.317383 0.273926 0.056641 0.047852
0 0.419922 0.422363 0.080078 0.094727
0 0.549316 0.518066 0.084961 0.094727
0 0.648926 0.379395 0.102539 0.073242
0 0.738770 0.385742 0.090820 0.058594
0 0.690918 0.429688 0.063477 0.058594
0 0.742188 0.522949 0.052734 0.047852
0 0.786621 0.536133 0.098633 0.060547
0 0.852539 0.506836 0.087891 0.093750
0 0.937012 0.535645 0.102539 0.088867
0 0.857422 0.595703 0.123047 0.054688
0 0.955566 0.660156 0.081055 0.060547
0 0.689941 0.714355 0.081055 0.067383
0 0.103516 0.028809 0.078125 0.057617
0 0.251953 0.019531 0.117188 0.039062
0 0.170898 0.108887 0.093750 0.075195
0 0.324707 0.149414 0.131836 0.095703
0 0.408691 0.094727 0.096680 0.115234
0 0.731445 0.030762 0.068359 0.061523
0 0.956543 0.094238 0.086914 0.086914
0 0.791016 0.294434 0.066406 0.057617
0 0.826172 0.339355 0.132812 0.049805
0 0.252930 0.226562 0.054688 0.054688
0 0.327148 0.207520 0.062500 0.084961
0 0.232910 0.250000 0.059570 0.060547
0 0.973145 0.188965 0.053711 0.057617
0 0.167480 0.929199 0.045898 0.047852
0 0.957520 0.684570 0.061523 0.039062
