0 0.007324 0.808105 0.014648 0.086914
0 0.128906 0.580566 0.136719 0.057617
0 0.127930 0.703613 0.125000 0.065430
0 0.214844 0.788574 0.210938 0.086914
0 0.230469 0.690918 0.050781 0.055664
0 0.298828 0.720215 0.085938 0.045898
0 0.275391 0.932617 0.109375 0.134766
0 0.062500 0.413086 0.125000 0.126953
0 0.119629 0.340820 0.059570 0.068359
0 0.031738 0.212402 0.063477 0.047852
0 0.093262 0.102051 0.075195 0.186523
0 0.174316 0.385254 0.108398 0.071289
0 0.170410 0.441895 0.065430 0.053711
0 0.143066 0.487793 0.059570 0.088867
0 0.527344 0.813965 0.125000 0.090820
0 0.491211 0.945801 0.083984 0.108398
0 0.388184 0.971680 0.065430 0.056641
0 0.659180 0.934082 0.056641 0.131836
0 0.696777 0.846191 0.067383 0.057617
0 0.822266 0.916504 0.126953 0.088867
0 0.828613 0.819824 0.096680 0.079102
0 0.822754 0.746582 0.196289 0.067383
0 0.586914 0.690430 0.093750 0.130859
0 0.974609 0.794434 0.050781 0.043945
0 0.974609 0.859863 0.050781 0.071289
0 0.788086 0.538086 0.099609 0.064453
0 0.904297 0.558105 0.085938 0.159180
0 0.544922 0.432617 0.089844 0.121094
0 0.522461 0.502441 0.068359 0.067383
0 0.560059 0.532227 0.170898 0.142578
0 0.429199 0.398438 0.155273 0.144531
0 0.364746 0.398926 0.069336 0.043945
0 0.312500 0.255371 0.125000 0.057617
0 0.379883 0.303223 0.226562 0.049805
0 0.573730 0.338379 0.110352 0.073242
0 0.660645 0.278320 0.077148 0.056641
0 0.659180 0.348145 0.039062 0.079102
0 0.691895 0.356445 0.069336 0.082031
0 0.743652 0.399414 0.081055 0.115234
0 0.794922 0.381348 0.044922 0.083008
0 0.829590 0.413086 0.063477 0.142578
0 0.937988 0.380371 0.118164 0.092773
0 0.916992 0.201660 0.072266 0.073242
0 0.966797 0.182129 0.066406 0.057617
0 0.656250 0.064453 0.097656 0.128906
