0 0.026855 0.120117 0.053711 0.066406
0 0.143555 0.234375 0.083984 0.072266
0 0.141602 0.453613 0.132812 0.094727
0 0.283203 0.283691 0.089844 0.067383
0 0.029297 0.736328 0.050781 0.056641
0 0.121582 0.655762 0.092773 0.071289
0 0.255859 0.676758 0.062500 0.070312
0 0.354004 0.695801 0.083008 0.073242
0 0.437500 0.712402 0.101562 0.079102
0 0.545410 0.701172 0.071289 0.082031
0 0.530273 0.939453 0.070312 0.085938
0 0.735840 0.825195 0.075195 0.076172
0 0.772949 0.703613 0.065430 0.065430
0 0.833496 0.727051 0.065430 0.065430
0 0.844238 0.636230 0.077148 0.112305
0 0.957520 0.664551 0.067383 0.057617
0 0.969727 0.731445 0.060547 0.062500
0 0.957031 0.785645 0.085938 0.075195
0 0.933105 0.461914 0.059570 0.054688
0 0.570312 0.315918 0.130859 0.057617
0 0.604980 0.265137 0.063477 0.045898
0 0.478516 0.177246 0.056641 0.069336
0 0.411133 0.069336 0.056641 0.074219
0 0.586914 0.158691 0.111328 0.104492
0 0.664551 0.105957 0.092773 0.100586
0 0.788574 0.246582 0.051758 0.055664
0 0.938965 0.115723 0.073242 0.075195
0 0.965332 0.320312 0.069336 0.066406
