0 0.826660 0.045898 0.088867 0.087891
0 0.683594 0.218750 0.074219 0.076172
0 0.812500 0.345215 0.097656 0.110352
0 0.975098 0.174805 0.049805 0.148438
0 0.596191 0.554199 0.100586 0.061523
0 0.798828 0.218750 0.134766 0.054688
0 0.886719 0.815430 0.027344 0.074219
0 0.508789 0.237793 0.087891 0.040039
0 0.214844 0.804199 0.111328 0.036133
0 0.211914 0.238281 0.121094 0.042969
0 0.135742 0.318359 0.109375 0.037109
0 0.048340 0.168945 0.096680 0.058594
0 0.969727 0.088379 0.060547 0.057617
0 0.097168 0.354980 0.131836 0.030273
0 0.540527 0.072266 0.090820 0.052734
0 0.671387 0.875977 0.106445 0.033203
0 0.081543 0.557617 0.137695 0.033203
0 0.290039 0.064941 0.085938 0.047852
0 0.139160 0.536621 0.166992 0.043945
0 0.691406 0.389648 0.080078 0.068359
0 0.390137 0.621582 0.075195 0.036133
0 0.497070 0.726562 0.113281 0.050781
0 0.323242 0.557617 0.080078 0.041016
0 0.353516 0.669434 0.078125 0.041992
0 0.378418 0.328125 0.083008 0.035156
0 0.363281 0.536133 0.207031 0.082031
0 0.348145 0.074219 0.057617 0.037109
0 0.637207 0.031250 0.139648 0.058594
0 0.685059 0.536621 0.124023 0.077148
0 0.469238 0.374023 0.061523 0.021484
0 0.216309 0.633789 0.094727 0.025391
0 0.608887 0.595703 0.061523 0.035156
0 0.565918 0.103516 0.069336 0.035156
0 0.924805 0.251953 0.078125 0.025391
0 0.578613 0.687988 0.120117 0.041992
0 0.214844 0.055176 0.089844 0.026367
0 0.854980 0.548340 0.102539 0.028320
0 0.883789 0.987305 0.115234 0.025391
0 0.786621 0.897949 0.051758 0.026367
0 0.378906 0.355957 0.052734 0.030273
0 0.931641 0.886230 0.130859 0.040039
0 0.722168 0.373047 0.120117 0.035156
0 0.415283 0.308643 0.105957 0.025488
0 0.578125 0.276367 0.058594 0.025391
0 0.121582 0.259277 0.086914 0.018555
0 0.497559 0.899902 0.084961 0.022461
0 0.574707 0.991211 0.065430 0.017578
0 0.053223 0.926758 0.098633 0.025391
0 0.827637 0.603516 0.135742 0.037109
0 0.628418 0.955566 0.131836 0.051758
0 0.630371 0.733887 0.096680 0.026367
0 0.048828 0.676270 0.095703 0.038086
0 0.806641 0.271973 0.070312 0.022461
0 0.966309 0.394531 0.067383 0.025391
0 0.619141 0.525879 0.083984 0.043945
0 0.677246 0.603516 0.065430 0.015625
0 0.014648 0.762207 0.029297 0.055664
0 0.920410 0.261230 0.069336 0.030273
0 0.419922 0.756836 0.099609 0.039062
