0 0.023926 0.287598 0.047852 0.043945
0 0.058105 0.186523 0.092773 0.042969
0 0.067383 0.228027 0.099609 0.055664
0 0.183105 0.240234 0.149414 0.050781
0 0.298828 0.187500 0.138672 0.052734
0 0.132812 0.118164 0.083984 0.044922
0 0.198242 0.169434 0.070312 0.112305
0 0.030273 0.006836 0.060547 0.013672
0 0.388672 0.021484 0.048828 0.042969
0 0.470215 0.136230 0.067383 0.075195
0 0.442383 0.254395 0.064453 0.059570
0 0.243652 0.321289 0.065430 0.050781
0 0.103516 0.337891 0.046875 0.097656
0 0.090820 0.444824 0.056641 0.051758
0 0.142090 0.437500 0.043945 0.042969
0 0.154297 0.469238 0.085938 0.047852
0 0.034668 0.531738 0.069336 0.065430
0 0.030762 0.581543 0.061523 0.053711
0 0.088379 0.636719 0.090820 0.076172
0 0.023438 0.712402 0.046875 0.083008
0 0.081543 0.751465 0.061523 0.065430
0 0.184570 0.714844 0.087891 0.042969
0 0.241211 0.636230 0.087891 0.049805
0 0.363281 0.607422 0.048828 0.083984
0 0.289551 0.466797 0.098633 0.044922
0 0.382812 0.394531 0.080078 0.050781
0 0.339355 0.365723 0.049805 0.040039
0 0.101074 0.845215 0.073242 0.061523
0 0.022949 0.853027 0.045898 0.069336
0 0.312988 0.893555 0.057617 0.082031
0 0.239746 0.833008 0.049805 0.091797
0 0.166992 0.780273 0.082031 0.060547
0 0.307617 0.773926 0.068359 0.059570
0 0.368164 0.762207 0.064453 0.045898
0 0.428223 0.614746 0.055664 0.063477
0 0.472168 0.477539 0.047852 0.074219
0 0.508789 0.385742 0.048828 0.072266
0 0.554688 0.354004 0.074219 0.057617
0 0.680664 0.278809 0.119141 0.055664
0 0.643066 0.144043 0.112305 0.053711
0 0.655762 0.037598 0.086914 0.075195
0 0.972656 0.132324 0.048828 0.084961
0 0.772949 0.216797 0.094727 0.060547
0 0.774902 0.170898 0.047852 0.052734
0 0.582031 0.440430 0.062500 0.074219
0 0.563477 0.481934 0.119141 0.043945
0 0.650391 0.486816 0.083984 0.077148
0 0.749512 0.326660 0.114258 0.083008
0 0.869629 0.384766 0.061523 0.046875
0 0.778320 0.462891 0.099609 0.085938
0 0.782715 0.397461 0.104492 0.048828
0 0.431152 0.671387 0.106445 0.063477
0 0.432617 0.879883 0.068359 0.113281
0 0.485352 0.893555 0.052734 0.052734
0 0.488281 0.936523 0.058594 0.046875
0 0.545410 0.861816 0.063477 0.077148
0 0.578125 0.694336 0.082031 0.105469
0 0.800293 0.718262 0.061523 0.057617
0 0.757324 0.755859 0.077148 0.066406
0 0.819336 0.600586 0.083984 0.054688
0 0.740723 0.562988 0.100586 0.040039
0 0.827148 0.520996 0.117188 0.086914
0 0.975586 0.606445 0.046875 0.058594
0 0.964844 0.683594 0.070312 0.056641
0 0.713379 0.813477 0.096680 0.072266
0 0.562012 0.768066 0.079102 0.045898
0 0.640625 0.783691 0.048828 0.067383
0 0.653809 0.942871 0.061523 0.059570
0 0.640137 0.884766 0.069336 0.068359
0 0.718262 0.920410 0.063477 0.069336
0 0.856445 0.822266 0.080078 0.060547
0 0.947266 0.860352 0.105469 0.083984
0 0.966309 0.813965 0.067383 0.040039
0 0.285645 0.398438 0.036133 0.033203
0 0.602051 0.810059 0.043945 0.040039
0 0.666016 0.838379 0.042969 0.041992
0 0.557129 0.604980 0.043945 0.049805
0 0.661133 0.314453 0.082031 0.089844
0 0.463379 0.682617 0.129883 0.033203
0 0.208008 0.854492 0.041016 0.060547
0 0.920410 0.927734 0.057617 0.058594
0 0.668945 0.539551 0.083984 0.049805
