0 0.012695 0.199707 0.025391 0.043945
0 0.019043 0.371094 0.038086 0.041016
0 0.066406 0.457520 0.085938 0.081055
0 0.082520 0.541992 0.081055 0.099609
0 0.058105 0.792969 0.057617 0.080078
0 0.105957 0.702148 0.061523 0.101562
0 0.204590 0.974121 0.061523 0.051758
0 0.271973 0.934082 0.071289 0.084961
0 0.289062 0.914062 0.046875 0.050781
0 0.417969 0.869629 0.052734 0.069336
0 0.353027 0.694824 0.073242 0.110352
0 0.404297 0.518066 0.083984 0.069336
0 0.108887 0.100586 0.084961 0.070312
0 0.366699 0.294434 0.084961 0.084961
0 0.375000 0.224121 0.054688 0.040039
0 0.333496 0.042969 0.067383 0.056641
0 0.935547 0.018066 0.066406 0.036133
0 0.760254 0.020508 0.061523 0.041016
0 0.593750 0.174805 0.105469 0.066406
0 0.441895 0.303711 0.065430 0.072266
0 0.493164 0.500000 0.076172 0.111328
0 0.594727 0.520508 0.037109 0.062500
0 0.711914 0.530273 0.076172 0.097656
0 0.820801 0.413086 0.055664 0.050781
0 0.754883 0.356445 0.050781 0.056641
0 0.660156 0.297852 0.056641 0.044922
0 0.972168 0.215820 0.055664 0.054688
0 0.921875 0.450195 0.101562 0.091797
0 0.980469 0.678223 0.039062 0.061523
0 0.678223 0.716309 0.102539 0.084961
0 0.594727 0.710938 0.056641 0.082031
0 0.595215 0.782227 0.051758 0.060547
0 0.518555 0.674805 0.054688 0.080078
0 0.493164 0.887695 0.078125 0.093750
0 0.489258 0.976074 0.048828 0.047852
0 0.702148 0.978516 0.056641 0.042969
0 0.849121 0.965820 0.067383 0.068359
0 0.958496 0.964844 0.067383 0.070312
0 0.819824 0.729004 0.081055 0.147461
0 0.841797 0.842285 0.103516 0.124023
0 0.945801 0.787109 0.051758 0.058594
