0 0.479492 0.236816 0.068359 0.071289
0 0.298828 0.073730 0.058594 0.077148
0 0.484863 0.083496 0.057617 0.079102
0 0.544922 0.102051 0.054688 0.086914
0 0.616699 0.090332 0.073242 0.081055
0 0.713379 0.065430 0.077148 0.058594
0 0.788574 0.025391 0.057617 0.050781
0 0.864258 0.047363 0.087891 0.067383
0 0.707520 0.210449 0.079102 0.081055
0 0.582031 0.243164 0.107422 0.091797
0 0.528809 0.303711 0.063477 0.054688
0 0.667480 0.300293 0.067383 0.063477
0 0.646484 0.394043 0.062500 0.067383
0 0.669434 0.364746 0.067383 0.057617
0 0.742676 0.355957 0.090820 0.075195
0 0.878906 0.408691 0.093750 0.081055
0 0.865234 0.604980 0.080078 0.067383
0 0.893066 0.670898 0.088867 0.080078
0 0.778809 0.751953 0.084961 0.066406
0 0.698730 0.780762 0.063477 0.065430
0 0.564453 0.772949 0.087891 0.057617
0 0.590820 0.940918 0.056641 0.067383
0 0.810547 0.925293 0.072266 0.063477
0 0.876953 0.979980 0.091797 0.040039
0 0.901855 0.876465 0.063477 0.073242
0 0.224609 0.779297 0.068359 0.091797
0 0.207520 0.640137 0.071289 0.069336
0 0.496582 0.512695 0.051758 0.070312
0 0.452637 0.485840 0.049805 0.069336
0 0.392578 0.530273 0.062500 0.060547
0 0.437500 0.694824 0.060547 0.049805
0 0.492188 0.807129 0.048828 0.043945
0 0.507324 0.888184 0.065430 0.055664
0 0.497559 0.966797 0.063477 0.050781
0 0.373535 0.942871 0.049805 0.075195
0 0.281250 0.925293 0.080078 0.077148
0 0.230957 0.518555 0.067383 0.058594
0 0.084961 0.760254 0.056641 0.055664
0 0.121094 0.885254 0.054688 0.053711
0 0.141113 0.937012 0.059570 0.057617
0 0.054199 0.975586 0.059570 0.048828
0 0.045898 0.426758 0.054688 0.058594
0 0.088867 0.440918 0.048828 0.088867
0 0.130859 0.457520 0.052734 0.061523
0 0.149414 0.354980 0.072266 0.053711
0 0.218750 0.326660 0.052734 0.069336
0 0.361328 0.354492 0.074219 0.054688
0 0.419434 0.407227 0.063477 0.050781
0 0.184570 0.100098 0.058594 0.069336
0 0.066406 0.240234 0.056641 0.054688
0 0.383789 0.791504 0.080078 0.065430
0 0.414062 0.744141 0.082031 0.066406
0 0.358887 0.700684 0.071289 0.051758
0 0.314941 0.752441 0.096680 0.073242
0 0.035156 0.746582 0.046875 0.053711
0 0.965820 0.379395 0.068359 0.084961
0 0.820801 0.036621 0.053711 0.065430
0 0.763184 0.658691 0.049805 0.038086
0 0.831543 0.785645 0.110352 0.053711
0 0.843750 0.788086 0.113281 0.066406
0 0.701172 0.486328 0.035156 0.033203
0 0.173340 0.045410 0.045898 0.071289
0 0.981445 0.828125 0.035156 0.056641
0 0.938477 0.376465 0.056641 0.059570
