0 0.022461 0.866699 0.044922 0.075195
0 0.170410 0.848145 0.083008 0.104492
0 0.028809 0.679199 0.057617 0.065430
0 0.155762 0.670898 0.069336 0.066406
0 0.283691 0.687500 0.073242 0.072266
0 0.025879 0.237305 0.051758 0.099609
0 0.174805 0.341309 0.123047 0.088867
0 0.176270 0.204590 0.102539 0.086914
0 0.386719 0.052734 0.062500 0.056641
0 0.482910 0.105957 0.108398 0.077148
0 0.675293 0.069336 0.092773 0.074219
0 0.687988 0.143555 0.145508 0.087891
0 0.956055 0.025879 0.048828 0.051758
0 0.441406 0.263672 0.103516 0.117188
0 0.537109 0.355469 0.097656 0.076172
0 0.599121 0.419434 0.114258 0.098633
0 0.658203 0.317871 0.103516 0.063477
0 0.803223 0.503906 0.081055 0.078125
0 0.874512 0.559570 0.051758 0.103516
0 0.500000 0.622070 0.039062 0.064453
0 0.542480 0.623047 0.061523 0.064453
0 0.754395 0.704102 0.088867 0.080078
0 0.500977 0.772461 0.105469 0.138672
0 0.932617 0.878418 0.089844 0.059570
0 0.981445 0.967285 0.037109 0.057617
0 0.746094 0.969238 0.125000 0.061523
0 0.615723 0.924805 0.081055 0.136719
0 0.321289 0.796387 0.056641 0.079102
0 0.291016 0.845215 0.082031 0.077148
0 0.386230 0.820801 0.061523 0.108398
0 0.492188 0.972168 0.121094 0.055664
0 0.857422 0.367188 0.052734 0.072266
0 0.963867 0.079102 0.072266 0.083984
0 0.022461 0.433105 0.044922 0.100586
