0 0.743164 0.646973 0.097656 0.100586
0 0.238281 0.401367 0.115234 0.095703
0 0.621094 0.020996 0.107422 0.041992
0 0.748047 0.770508 0.087891 0.072266
0 0.809570 0.335938 0.115234 0.082031
0 0.653320 0.653320 0.087891 0.082031
0 0.688477 0.225586 0.082031 0.062500
0 0.309570 0.152344 0.089844 0.080078
0 0.850586 0.243652 0.109375 0.110352
0 0.921875 0.899414 0.125000 0.089844
0 0.103027 0.244629 0.057617 0.069336
0 0.733398 0.262207 0.087891 0.075195
0 0.914551 0.528320 0.139648 0.107422
0 0.301758 0.312012 0.089844 0.090820
0 0.620605 0.841797 0.077148 0.080078
0 0.879883 0.742188 0.115234 0.089844
0 0.041992 0.120605 0.074219 0.112305
0 0.714844 0.500488 0.089844 0.077148
0 0.568359 0.087402 0.097656 0.075195
0 0.332031 0.240723 0.130859 0.067383
0 0.234375 0.956055 0.140625 0.087891
0 0.259766 0.526855 0.134766 0.094727
0 0.188477 0.868652 0.087891 0.057617
0 0.192383 0.804199 0.125000 0.075195
0 0.232910 0.680664 0.112305 0.123047
0 0.813477 0.948242 0.123047 0.087891
0 0.179688 0.060547 0.070312 0.087891
0 0.183105 0.190918 0.077148 0.086914
0 0.097168 0.016113 0.065430 0.032227
0 0.183105 0.188477 0.083008 0.082031
0 0.959473 0.315430 0.075195 0.097656
0 0.247070 0.248535 0.054688 0.057617
0 0.247070 0.247070 0.064453 0.060547
0 0.651855 0.402344 0.084961 0.080078
0 0.102051 0.868164 0.075195 0.078125
0 0.068359 0.056152 0.082031 0.067383
0 0.228027 0.129883 0.077148 0.080078
