0 0.958008 0.696289 0.083984 0.082031
0 0.855469 0.897949 0.060547 0.069336
0 0.791504 0.854004 0.053711 0.067383
0 0.833496 0.823242 0.084961 0.068359
0 0.834473 0.724609 0.057617 0.076172
0 0.750000 0.688965 0.062500 0.049805
0 0.713379 0.670898 0.045898 0.056641
0 0.662598 0.634766 0.077148 0.064453
0 0.657715 0.499512 0.053711 0.081055
0 0.693848 0.498047 0.065430 0.083984
0 0.582031 0.374023 0.076172 0.078125
0 0.604492 0.343750 0.062500 0.062500
0 0.701660 0.261719 0.069336 0.103516
0 0.877930 0.302734 0.070312 0.072266
0 0.977539 0.189453 0.044922 0.078125
0 0.713867 0.068359 0.095703 0.074219
0 0.773438 0.052246 0.054688 0.071289
0 0.580566 0.124023 0.077148 0.103516
0 0.517090 0.173828 0.051758 0.087891
0 0.570801 0.204590 0.067383 0.077148
0 0.411621 0.258301 0.067383 0.086914
0 0.684082 0.792969 0.063477 0.060547
0 0.618164 0.749512 0.093750 0.079102
0 0.607910 0.811523 0.094727 0.074219
0 0.454590 0.980957 0.090820 0.038086
0 0.299805 0.972168 0.091797 0.051758
0 0.192383 0.946289 0.080078 0.060547
0 0.047363 0.835938 0.094727 0.066406
0 0.046387 0.734375 0.086914 0.099609
0 0.152832 0.762207 0.067383 0.063477
0 0.240234 0.782227 0.087891 0.060547
0 0.214844 0.851562 0.082031 0.060547
0 0.290527 0.681641 0.071289 0.119141
0 0.418457 0.798828 0.069336 0.072266
0 0.510742 0.843262 0.095703 0.059570
0 0.607910 0.904785 0.055664 0.057617
0 0.466797 0.670898 0.089844 0.056641
0 0.420898 0.706055 0.083984 0.048828
0 0.520020 0.740234 0.067383 0.058594
0 0.419922 0.584961 0.072266 0.062500
0 0.389160 0.526367 0.081055 0.078125
0 0.212891 0.548828 0.097656 0.058594
0 0.366211 0.634766 0.064453 0.044922
0 0.105469 0.509277 0.068359 0.081055
0 0.070801 0.568359 0.114258 0.072266
0 0.064453 0.619141 0.087891 0.050781
0 0.036621 0.654297 0.073242 0.046875
0 0.163086 0.385742 0.083984 0.054688
0 0.217285 0.362305 0.083008 0.068359
0 0.163086 0.226562 0.080078 0.076172
0 0.036621 0.264160 0.073242 0.053711
0 0.037598 0.139648 0.071289 0.054688
0 0.041992 0.033203 0.083984 0.066406
0 0.136230 0.025879 0.055664 0.051758
0 0.217285 0.036133 0.073242 0.072266
0 0.278809 0.094238 0.075195 0.079102
0 0.280273 0.163574 0.087891 0.079102
0 0.406250 0.094238 0.068359 0.092773
0 0.381836 0.020996 0.058594 0.041992
0 0.495605 0.030273 0.063477 0.060547
0 0.276367 0.724609 0.091797 0.056641
0 0.755371 0.142090 0.059570 0.092773
0 0.824219 0.206055 0.078125 0.078125
0 0.831543 0.141602 0.073242 0.103516
0 0.075684 0.833984 0.040039 0.042969
0 0.571777 0.488770 0.034180 0.045898
0 0.172363 0.356445 0.069336 0.033203
