0 0.382812 0.979492 0.130859 0.041016
0 0.102539 0.980469 0.083984 0.039062
0 0.021484 0.930664 0.042969 0.113281
0 0.018555 0.690430 0.037109 0.066406
0 0.229004 0.788086 0.067383 0.052734
0 0.537109 0.823242 0.134766 0.083984
0 0.417480 0.829590 0.059570 0.059570
0 0.715332 0.940430 0.071289 0.085938
0 0.891113 0.937988 0.081055 0.124023
0 0.902832 0.834961 0.079102 0.068359
0 0.336914 0.690430 0.115234 0.085938
0 0.281250 0.570801 0.083984 0.063477
0 0.044922 0.308105 0.070312 0.106445
0 0.146973 0.322754 0.061523 0.073242
0 0.230469 0.378418 0.076172 0.073242
0 0.246094 0.465820 0.072266 0.068359
0 0.338379 0.438477 0.079102 0.072266
0 0.458496 0.334961 0.104492 0.093750
0 0.412598 0.355957 0.057617 0.061523
0 0.610840 0.335938 0.077148 0.068359
0 0.316406 0.225586 0.082031 0.066406
0 0.361328 0.168945 0.060547 0.044922
0 0.370117 0.082520 0.070312 0.067383
0 0.326172 0.106934 0.062500 0.059570
0 0.189453 0.179688 0.093750 0.074219
0 0.019531 0.115234 0.039062 0.056641
0 0.010742 0.203125 0.021484 0.058594
0 0.732910 0.186523 0.067383 0.064453
0 0.816406 0.186035 0.083984 0.057617
0 0.730469 0.422363 0.095703 0.075195
0 0.880859 0.379883 0.064453 0.066406
0 0.914062 0.368652 0.082031 0.069336
0 0.896484 0.270996 0.058594 0.051758
0 0.960449 0.267090 0.079102 0.059570
0 0.956055 0.177734 0.087891 0.062500
0 0.789551 0.601074 0.100586 0.116211
0 0.789062 0.695801 0.123047 0.081055
0 0.920410 0.599609 0.110352 0.074219
0 0.932129 0.760254 0.125977 0.081055
0 0.561523 0.586914 0.076172 0.029297
