0 0.853027 0.148926 0.075195 0.100586
0 0.825195 0.806152 0.076172 0.079102
0 0.949219 0.529297 0.054688 0.083984
0 0.870605 0.416016 0.065430 0.097656
0 0.983887 0.448730 0.032227 0.106445
0 0.901367 0.568359 0.068359 0.076172
0 0.925293 0.155762 0.049805 0.083008
0 0.046875 0.436523 0.070312 0.105469
0 0.168945 0.522461 0.128906 0.085938
0 0.439453 0.371094 0.089844 0.105469
0 0.637207 0.079590 0.051758 0.075195
0 0.624023 0.862793 0.083984 0.075195
0 0.574707 0.108887 0.065430 0.075195
0 0.039062 0.500977 0.078125 0.058594
0 0.697754 0.630859 0.059570 0.097656
0 0.591309 0.379395 0.112305 0.047852
0 0.078613 0.074707 0.118164 0.088867
0 0.608398 0.651367 0.058594 0.074219
0 0.247070 0.868164 0.054688 0.083984
0 0.280273 0.834961 0.089844 0.113281
0 0.955566 0.865234 0.071289 0.091797
0 0.487305 0.165527 0.095703 0.110352
0 0.880371 0.785645 0.086914 0.124023
0 0.792480 0.455078 0.040039 0.099609
0 0.422852 0.779785 0.064453 0.110352
0 0.234863 0.201172 0.131836 0.080078
0 0.688965 0.230957 0.067383 0.073242
0 0.181641 0.206055 0.105469 0.085938
0 0.636719 0.811035 0.058594 0.081055
0 0.750488 0.095703 0.077148 0.050781
0 0.408691 0.212891 0.092773 0.082031
0 0.740234 0.458984 0.048828 0.119141
0 0.521484 0.911621 0.058594 0.086914
0 0.377441 0.342285 0.063477 0.067383
0 0.226074 0.029297 0.055664 0.058594
0 0.208984 0.425781 0.085938 0.060547
0 0.446289 0.971680 0.064453 0.052734
0 0.989258 0.579590 0.021484 0.075195
0 0.516602 0.525391 0.074219 0.083984
0 0.573730 0.928711 0.051758 0.072266
0 0.203125 0.355469 0.068359 0.072266
0 0.132812 0.224121 0.064453 0.067383
0 0.126953 0.789062 0.107422 0.072266
0 0.973145 0.252441 0.053711 0.047852
0 0.654785 0.331055 0.079102 0.046875
0 0.510254 0.767578 0.081055 0.050781
0 0.319336 0.584961 0.087891 0.044922
0 0.360352 0.255371 0.031250 0.063477
0 0.205078 0.664551 0.080078 0.065430
0 0.038086 0.809082 0.066406 0.065430
0 0.486816 0.454590 0.041992 0.069336
0 0.024414 0.918457 0.048828 0.040039
0 0.345703 0.041992 0.062500 0.052734
0 0.669434 0.265137 0.067383 0.040039
0 0.386230 0.161621 0.063477 0.051758
0 0.860352 0.672852 0.054688 0.064453
0 0.723145 0.527344 0.088867 0.033203
0 0.130859 0.740234 0.074219 0.099609
0 0.568359 0.984863 0.097656 0.030273
0 0.395508 0.470215 0.111328 0.051758
0 0.833008 0.414062 0.058594 0.066406
0 0.361328 0.806152 0.056641 0.053711
0 0.165527 0.739746 0.145508 0.096680
0 0.937500 0.016113 0.052734 0.032227
0 0.191895 0.880371 0.092773 0.043945
0 0.736328 0.014648 0.027344 0.029297
0 0.910156 0.292480 0.072266 0.040039
0 0.646484 0.542480 0.027344 0.057617
0 0.855469 0.905273 0.056641 0.044922
0 0.272949 0.670898 0.055664 0.044922
