0 0.793457 0.653320 0.096680 0.085938
0 0.639160 0.430176 0.077148 0.065430
0 0.691895 0.409668 0.073242 0.084961
0 0.918457 0.641602 0.163086 0.087891
0 0.156738 0.736816 0.061523 0.139648
0 0.276855 0.675781 0.116211 0.078125
0 0.602539 0.775391 0.078125 0.117188
0 0.697754 0.197266 0.100586 0.113281
0 0.076172 0.212402 0.083984 0.127930
0 0.839355 0.714844 0.102539 0.078125
0 0.587402 0.326660 0.065430 0.083008
0 0.613281 0.249023 0.087891 0.093750
0 0.933594 0.737305 0.111328 0.134766
0 0.826172 0.251953 0.125000 0.058594
0 0.477539 0.038574 0.087891 0.077148
0 0.210449 0.839355 0.129883 0.083008
0 0.712402 0.801270 0.090820 0.090820
0 0.140137 0.959473 0.141602 0.081055
0 0.582520 0.019043 0.077148 0.038086
0 0.120605 0.397461 0.090820 0.195312
0 0.522949 0.847168 0.090820 0.110352
0 0.787598 0.318359 0.092773 0.072266
0 0.020508 0.945312 0.041016 0.109375
0 0.702637 0.618164 0.084961 0.060547
0 0.609863 0.604980 0.081055 0.100586
0 0.683594 0.522949 0.091797 0.084961
0 0.798828 0.187988 0.123047 0.063477
0 0.961426 0.203125 0.077148 0.083984
0 0.927246 0.098633 0.100586 0.062500
0 0.777832 0.094238 0.090820 0.063477
0 0.709961 0.045898 0.083984 0.060547
0 0.663574 0.089355 0.077148 0.086914
