0 0.105957 0.077148 0.135742 0.072266
0 0.217285 0.030273 0.112305 0.058594
0 0.046875 0.159180 0.056641 0.121094
0 0.175293 0.195801 0.069336 0.063477
0 0.393066 0.121582 0.077148 0.149414
0 0.350586 0.325684 0.066406 0.077148
0 0.282715 0.388184 0.125977 0.100586
0 0.172363 0.450684 0.098633 0.088867
0 0.070312 0.430176 0.117188 0.102539
0 0.602539 0.075195 0.066406 0.128906
0 0.508301 0.115234 0.065430 0.064453
0 0.533203 0.179688 0.070312 0.062500
0 0.540039 0.296387 0.097656 0.110352
0 0.480957 0.363281 0.071289 0.070312
0 0.661621 0.287598 0.094727 0.061523
0 0.638672 0.220703 0.066406 0.109375
0 0.742676 0.156738 0.065430 0.084961
0 0.771484 0.318359 0.062500 0.128906
0 0.597168 0.384277 0.081055 0.065430
0 0.587402 0.479004 0.051758 0.049805
0 0.428223 0.520996 0.094727 0.061523
0 0.401855 0.628418 0.038086 0.041992
0 0.536133 0.619141 0.044922 0.066406
0 0.686035 0.640625 0.063477 0.064453
0 0.747559 0.611328 0.065430 0.083984
0 0.799805 0.545898 0.064453 0.064453
0 0.855957 0.450195 0.055664 0.050781
0 0.955566 0.307129 0.071289 0.069336
0 0.145996 0.786621 0.104492 0.059570
0 0.104004 0.837891 0.165039 0.072266
0 0.362793 0.812988 0.108398 0.081055
0 0.062012 0.976562 0.065430 0.046875
0 0.674316 0.977051 0.086914 0.045898
0 0.607910 0.897949 0.088867 0.053711
0 0.580078 0.827148 0.060547 0.064453
0 0.517578 0.780273 0.080078 0.064453
0 0.666016 0.822266 0.105469 0.109375
0 0.753418 0.761719 0.075195 0.091797
0 0.982910 0.438477 0.034180 0.054688
0 0.892090 0.026855 0.061523 0.053711
0 0.749512 0.023438 0.069336 0.044922
0 0.030273 0.314941 0.060547 0.067383
0 0.446289 0.039551 0.078125 0.073242
0 0.766602 0.696777 0.089844 0.073242
0 0.403320 0.437988 0.078125 0.047852
0 0.489746 0.506348 0.049805 0.065430
0 0.472168 0.438477 0.055664 0.060547
0 0.029297 0.612305 0.052734 0.052734
0 0.459961 0.741211 0.056641 0.074219
0 0.305176 0.194336 0.055664 0.072266
0 0.102051 0.033691 0.098633 0.045898
0 0.131836 0.120117 0.070312 0.066406
0 0.618652 0.733887 0.053711 0.045898
0 0.828613 0.258789 0.049805 0.054688
0 0.831543 0.023438 0.055664 0.037109
0 0.402344 0.599121 0.037109 0.051758
0 0.938477 0.881348 0.046875 0.065430
0 0.984375 0.732910 0.031250 0.053711
0 0.566406 0.458496 0.050781 0.051758
0 0.528320 0.453125 0.042969 0.039062
0 0.503418 0.607910 0.049805 0.061523
0 0.405762 0.371582 0.081055 0.043945
0 0.037109 0.239746 0.072266 0.053711
