0 0.011230 0.331055 0.022461 0.101562
0 0.059082 0.967285 0.065430 0.065430
0 0.109863 0.924316 0.055664 0.061523
0 0.913086 0.989746 0.062500 0.020508
0 0.776367 0.708984 0.130859 0.074219
0 0.637695 0.896484 0.091797 0.070312
0 0.437988 0.920410 0.083008 0.079102
0 0.377930 0.984863 0.066406 0.030273
0 0.401367 0.810059 0.072266 0.063477
0 0.485352 0.776367 0.064453 0.068359
0 0.552734 0.775879 0.083984 0.100586
0 0.488281 0.846191 0.089844 0.063477
0 0.540527 0.885254 0.065430 0.063477
0 0.261719 0.858398 0.121094 0.062500
0 0.181152 0.775879 0.071289 0.098633
0 0.166016 0.825195 0.052734 0.080078
0 0.247559 0.732910 0.055664 0.071289
0 0.341309 0.739258 0.137695 0.056641
0 0.179199 0.618652 0.090820 0.077148
0 0.401367 0.624512 0.078125 0.094727
0 0.461426 0.637695 0.069336 0.080078
0 0.551758 0.670898 0.062500 0.068359
0 0.625000 0.623047 0.074219 0.070312
0 0.240234 0.437012 0.056641 0.077148
0 0.765137 0.553711 0.114258 0.052734
0 0.705566 0.489258 0.063477 0.060547
0 0.823730 0.408691 0.088867 0.061523
0 0.861816 0.541504 0.081055 0.065430
0 0.920898 0.315430 0.107422 0.056641
0 0.553711 0.338867 0.056641 0.068359
0 0.470703 0.332520 0.056641 0.059570
0 0.395996 0.314941 0.067383 0.081055
0 0.289062 0.274414 0.048828 0.058594
0 0.686035 0.238281 0.065430 0.072266
0 0.750000 0.202148 0.058594 0.060547
0 0.770996 0.132812 0.069336 0.083984
0 0.554199 0.193848 0.079102 0.067383
0 0.490234 0.254395 0.068359 0.053711
0 0.404785 0.256836 0.059570 0.068359
0 0.309570 0.161133 0.082031 0.101562
0 0.557129 0.099121 0.086914 0.094727
0 0.485840 0.046387 0.063477 0.063477
0 0.764648 0.049805 0.082031 0.066406
0 0.927734 0.086426 0.080078 0.104492
0 0.985352 0.088867 0.029297 0.095703
0 0.607422 0.019043 0.076172 0.038086
0 0.299805 0.010254 0.087891 0.020508
0 0.083984 0.255859 0.123047 0.070312
0 0.199219 0.209961 0.052734 0.058594
0 0.151855 0.180664 0.055664 0.083984
0 0.099121 0.153320 0.079102 0.099609
0 0.354004 0.448730 0.077148 0.079102
0 0.506348 0.504883 0.047852 0.097656
0 0.140137 0.665039 0.116211 0.085938
0 0.088867 0.735352 0.064453 0.054688
0 0.799805 0.598145 0.050781 0.053711
0 0.892578 0.613770 0.056641 0.059570
0 0.980469 0.315430 0.039062 0.046875
0 0.041016 0.327148 0.066406 0.041016
0 0.314941 0.106445 0.059570 0.070312
