0 0.061035 0.049316 0.114258 0.067383
0 0.152344 0.300781 0.089844 0.082031
0 0.118164 0.164551 0.132812 0.104492
0 0.734863 0.176758 0.084961 0.080078
0 0.673340 0.646973 0.067383 0.069336
0 0.743652 0.332031 0.112305 0.085938
0 0.496094 0.078125 0.072266 0.097656
0 0.073242 0.458496 0.087891 0.067383
0 0.042480 0.340820 0.084961 0.082031
0 0.565918 0.252930 0.092773 0.062500
0 0.315430 0.025879 0.177734 0.051758
0 0.847656 0.117676 0.166016 0.086914
0 0.627441 0.596191 0.129883 0.067383
0 0.466797 0.312012 0.115234 0.110352
0 0.058594 0.875977 0.097656 0.097656
0 0.170898 0.433105 0.072266 0.092773
0 0.853516 0.955078 0.105469 0.052734
0 0.613281 0.407227 0.082031 0.070312
0 0.000977 0.616699 0.001953 0.075195
0 0.725586 0.833496 0.107422 0.112305
0 0.668457 0.397949 0.077148 0.067383
0 0.646484 0.972656 0.087891 0.054688
0 0.000977 0.498535 0.001953 0.067383
0 0.510254 0.958008 0.127930 0.083984
0 0.698730 0.874512 0.147461 0.084961
