0 0.879395 0.408203 0.079102 0.056641
0 0.410156 0.587891 0.083984 0.064453
0 0.290527 0.320801 0.079102 0.049805
0 0.752441 0.521973 0.090820 0.104492
0 0.126953 0.387207 0.078125 0.045898
0 0.106934 0.448730 0.120117 0.079102
0 0.910645 0.336426 0.057617 0.073242
0 0.243164 0.955078 0.078125 0.083984
0 0.846191 0.323730 0.086914 0.073242
0 0.178711 0.314941 0.074219 0.094727
0 0.285645 0.360840 0.061523 0.045898
0 0.885254 0.724121 0.067383 0.067383
0 0.975586 0.518066 0.048828 0.071289
0 0.118164 0.164062 0.111328 0.119141
0 0.341797 0.967773 0.089844 0.064453
0 0.436035 0.158203 0.090820 0.087891
0 0.908691 0.502441 0.081055 0.071289
0 0.855957 0.626953 0.075195 0.150391
0 0.745605 0.730957 0.077148 0.114258
0 0.698242 0.847656 0.095703 0.111328
0 0.785156 0.089355 0.078125 0.147461
0 0.923340 0.092773 0.096680 0.140625
0 0.357422 0.212891 0.103516 0.156250
0 0.104492 0.044922 0.146484 0.080078
0 0.315918 0.043457 0.100586 0.086914
0 0.337402 0.483887 0.110352 0.172852
0 0.780273 0.428223 0.087891 0.061523
0 0.251465 0.872559 0.083008 0.084961
0 0.789062 0.849121 0.089844 0.069336
0 0.896484 0.269531 0.080078 0.072266
0 0.260254 0.132324 0.102539 0.118164
0 0.233398 0.232910 0.087891 0.106445
0 0.275879 0.244141 0.040039 0.062500
0 0.654297 0.395508 0.095703 0.054688
0 0.328613 0.130371 0.059570 0.090820
