0 0.332031 0.456055 0.070312 0.070312
0 0.301758 0.594238 0.089844 0.084961
0 0.193359 0.056152 0.080078 0.104492
0 0.413086 0.608398 0.082031 0.072266
0 0.211914 0.419922 0.095703 0.080078
0 0.747070 0.204590 0.109375 0.075195
0 0.132324 0.291992 0.084961 0.095703
0 0.689941 0.719727 0.084961 0.125000
0 0.572266 0.054688 0.099609 0.080078
0 0.446777 0.223145 0.139648 0.127930
0 0.753906 0.612305 0.068359 0.052734
0 0.877930 0.750977 0.085938 0.140625
0 0.735840 0.854492 0.112305 0.095703
0 0.250977 0.761230 0.062500 0.065430
0 0.581543 0.440430 0.057617 0.060547
0 0.188477 0.859375 0.076172 0.072266
0 0.748535 0.372559 0.063477 0.059570
0 0.163086 0.368652 0.062500 0.049805
0 0.166016 0.757324 0.070312 0.075195
0 0.034180 0.485352 0.064453 0.064453
0 0.098633 0.604004 0.089844 0.086914
0 0.077148 0.396973 0.054688 0.075195
0 0.025879 0.411621 0.051758 0.104492
0 0.795898 0.054199 0.087891 0.094727
0 0.852051 0.066406 0.075195 0.107422
0 0.037598 0.663574 0.073242 0.116211
0 0.078125 0.761719 0.062500 0.044922
0 0.356445 0.391113 0.101562 0.055664
