0 0.416016 0.360840 0.099609 0.055664
0 0.344727 0.236816 0.066406 0.069336
0 0.228027 0.215820 0.049805 0.125000
0 0.535156 0.771973 0.054688 0.110352
0 0.284668 0.170410 0.069336 0.077148
0 0.655273 0.511719 0.037109 0.064453
0 0.368164 0.442871 0.070312 0.092773
0 0.339844 0.778320 0.062500 0.066406
0 0.226562 0.558594 0.058594 0.080078
0 0.933594 0.368164 0.042969 0.062500
0 0.598145 0.410645 0.059570 0.079102
0 0.366211 0.925293 0.060547 0.065430
0 0.647461 0.125488 0.050781 0.133789
0 0.536133 0.161621 0.046875 0.071289
0 0.940918 0.117188 0.055664 0.076172
0 0.889648 0.592285 0.046875 0.065430
0 0.907227 0.035156 0.046875 0.041016
0 0.338867 0.610352 0.054688 0.072266
0 0.849609 0.854980 0.070312 0.051758
0 0.463867 0.079590 0.068359 0.069336
0 0.043945 0.907227 0.087891 0.076172
0 0.770508 0.802246 0.072266 0.083008
0 0.441406 0.781250 0.056641 0.062500
0 0.871094 0.590820 0.046875 0.062500
0 0.254883 0.821289 0.039062 0.058594
0 0.070801 0.027832 0.049805 0.055664
0 0.449707 0.112305 0.047852 0.058594
0 0.233398 0.416016 0.052734 0.054688
0 0.758301 0.719238 0.045898 0.053711
0 0.418945 0.745117 0.091797 0.060547
0 0.409180 0.032227 0.058594 0.056641
0 0.237305 0.648926 0.046875 0.053711
0 0.633301 0.207031 0.071289 0.054688
0 0.974121 0.911621 0.051758 0.045898
0 0.826660 0.802246 0.051758 0.065430
0 0.434082 0.901855 0.053711 0.045898
0 0.452637 0.982910 0.069336 0.034180
0 0.097656 0.548828 0.066406 0.052734
0 0.039062 0.614258 0.052734 0.046875
0 0.503418 0.361328 0.059570 0.074219
0 0.848633 0.357910 0.060547 0.034180
0 0.775879 0.646484 0.049805 0.070312
0 0.801270 0.661133 0.028320 0.041016
0 0.103516 0.307617 0.058594 0.050781
