0 0.673828 0.963867 0.113281 0.072266
0 0.541992 0.223633 0.080078 0.072266
0 0.073730 0.683594 0.124023 0.093750
0 0.680664 0.474121 0.082031 0.096680
0 0.744629 0.705566 0.075195 0.077148
0 0.036133 0.408203 0.072266 0.097656
0 0.028320 0.116699 0.056641 0.075195
0 0.808105 0.027344 0.172852 0.054688
0 0.773926 0.499023 0.059570 0.080078
0 0.649902 0.046875 0.075195 0.064453
0 0.634277 0.324707 0.075195 0.059570
0 0.780762 0.190430 0.112305 0.072266
0 0.530762 0.944336 0.092773 0.064453
0 0.501953 0.080566 0.089844 0.057617
0 0.702148 0.102051 0.054688 0.055664
0 0.799805 0.074219 0.099609 0.080078
0 0.070801 0.398438 0.092773 0.107422
0 0.546875 0.538086 0.052734 0.087891
0 0.765625 0.143066 0.117188 0.067383
0 0.957031 0.218262 0.085938 0.108398
0 0.968262 0.291992 0.063477 0.068359
0 0.908691 0.979004 0.137695 0.041992
