0 0.049316 0.031738 0.096680 0.063477
0 0.036621 0.126465 0.073242 0.092773
0 0.370605 0.084961 0.077148 0.080078
0 0.512207 0.275879 0.061523 0.100586
0 0.463379 0.226074 0.061523 0.075195
0 0.376953 0.239258 0.056641 0.083984
0 0.353516 0.313477 0.126953 0.160156
0 0.036621 0.331543 0.073242 0.083008
0 0.089355 0.492188 0.075195 0.109375
0 0.171387 0.537109 0.088867 0.070312
0 0.386719 0.468750 0.068359 0.068359
0 0.585938 0.365234 0.126953 0.082031
0 0.793945 0.386230 0.085938 0.077148
0 0.216797 0.658203 0.101562 0.082031
0 0.147949 0.711914 0.077148 0.068359
0 0.289551 0.773438 0.143555 0.150391
0 0.154785 0.928711 0.069336 0.136719
0 0.093750 0.937988 0.062500 0.061523
0 0.209961 0.952148 0.076172 0.074219
0 0.037598 0.766113 0.073242 0.067383
0 0.562500 0.764648 0.078125 0.085938
0 0.496582 0.935059 0.084961 0.088867
0 0.294922 0.946777 0.060547 0.106445
0 0.894043 0.159668 0.067383 0.116211
0 0.943359 0.224609 0.058594 0.066406
0 0.765625 0.032227 0.085938 0.062500
0 0.664062 0.031738 0.087891 0.063477
0 0.701660 0.641602 0.083008 0.076172
0 0.633789 0.724121 0.064453 0.057617
0 0.757812 0.648926 0.058594 0.108398
0 0.810547 0.632324 0.109375 0.129883
0 0.833008 0.729004 0.062500 0.077148
0 0.807617 0.782715 0.080078 0.086914
0 0.671387 0.845703 0.124023 0.074219
0 0.905273 0.983398 0.070312 0.033203
0 0.977539 0.628906 0.044922 0.072266
0 0.770020 0.332031 0.084961 0.070312
0 0.133301 0.258789 0.106445 0.070312
0 0.207031 0.295898 0.066406 0.052734
0 0.016602 0.580566 0.033203 0.049805
0 0.025391 0.641113 0.050781 0.073242
