0 0.609863 0.939453 0.073242 0.085938
0 0.238770 0.440918 0.075195 0.084961
0 0.884766 0.112793 0.052734 0.088867
0 0.737793 0.506836 0.047852 0.085938
0 0.039551 0.178711 0.063477 0.089844
0 0.291016 0.957520 0.068359 0.075195
0 0.944824 0.761719 0.053711 0.078125
0 0.754883 0.092285 0.056641 0.096680
0 0.121094 0.169434 0.066406 0.081055
0 0.838867 0.172852 0.046875 0.087891
0 0.948242 0.030273 0.033203 0.060547
0 0.073730 0.454590 0.069336 0.108398
0 0.532715 0.412109 0.055664 0.099609
0 0.459473 0.934570 0.045898 0.080078
0 0.849121 0.547363 0.065430 0.104492
0 0.716797 0.891602 0.064453 0.074219
0 0.007324 0.776855 0.014648 0.075195
0 0.427246 0.593262 0.043945 0.086914
0 0.125488 0.610352 0.073242 0.072266
0 0.120605 0.219238 0.065430 0.069336
0 0.939453 0.855469 0.060547 0.050781
0 0.657227 0.218750 0.039062 0.078125
0 0.889648 0.207520 0.041016 0.077148
0 0.479980 0.831055 0.036133 0.068359
0 0.970215 0.288574 0.055664 0.053711
0 0.006348 0.883301 0.012695 0.047852
0 0.772461 0.219238 0.041016 0.065430
0 0.968262 0.228027 0.063477 0.079102
0 0.166992 0.868164 0.076172 0.039062
0 0.516113 0.805664 0.030273 0.068359
0 0.984375 0.513184 0.031250 0.051758
0 0.197754 0.928711 0.036133 0.066406
0 0.316406 0.508789 0.076172 0.050781
0 0.622559 0.338867 0.051758 0.062500
0 0.051270 0.975098 0.083008 0.018555
0 0.744141 0.221680 0.052734 0.060547
0 0.344238 0.968262 0.067383 0.030273
0 0.374023 0.518066 0.029297 0.055664
0 0.314453 0.328125 0.054688 0.041016
0 0.162598 0.061523 0.079102 0.041016
0 0.976562 0.979980 0.029297 0.040039
0 0.071777 0.802734 0.036133 0.054688
0 0.590820 0.160645 0.048828 0.053711
0 0.672852 0.192871 0.052734 0.067383
0 0.897461 0.896484 0.031250 0.050781
0 0.217773 0.897461 0.041016 0.062500
0 0.751953 0.305176 0.033203 0.047852
0 0.199707 0.676758 0.069336 0.027344
0 0.924316 0.876465 0.038086 0.043945
0 0.352539 0.818848 0.046875 0.041992
0 0.360498 0.676904 0.088184 0.050098
0 0.539062 0.639648 0.048828 0.027344
0 0.551758 0.197266 0.050781 0.029297
0 0.660156 0.054688 0.044922 0.031250
0 0.435547 0.786133 0.042969 0.052734
0 0.535156 0.306152 0.046875 0.016602
0 0.026367 0.402344 0.052734 0.064453
0 0.189453 0.991699 0.052734 0.016602
0 0.007812 0.206055 0.015625 0.029297
0 0.270020 0.708984 0.034180 0.042969
0 0.365234 0.544434 0.101562 0.067383
0 0.898438 0.938965 0.050781 0.040039
0 0.533691 0.939941 0.041992 0.045898
0 0.264648 0.888672 0.044922 0.046875
0 0.382324 0.875000 0.036133 0.035156
0 0.436035 0.818359 0.055664 0.044922
0 0.799316 0.884277 0.049805 0.040039
0 0.688477 0.745605 0.064453 0.055664
