0 0.682129 0.448242 0.053711 0.099609
0 0.364258 0.491211 0.068359 0.080078
0 0.316895 0.911133 0.096680 0.058594
0 0.940430 0.045898 0.062500 0.076172
0 0.353516 0.338867 0.070312 0.068359
0 0.224121 0.131836 0.075195 0.072266
0 0.292969 0.082520 0.058594 0.065430
0 0.022461 0.188965 0.044922 0.061523
0 0.695312 0.032227 0.087891 0.052734
0 0.829590 0.919922 0.079102 0.054688
0 0.229980 0.554199 0.104492 0.071289
0 0.029297 0.291504 0.046875 0.079102
0 0.830078 0.042969 0.042969 0.082031
0 0.822266 0.957520 0.037109 0.081055
0 0.015625 0.313965 0.031250 0.061523
0 0.134766 0.703125 0.068359 0.046875
0 0.477051 0.679199 0.063477 0.055664
0 0.461914 0.948242 0.066406 0.046875
0 0.258301 0.506836 0.071289 0.048828
0 0.277832 0.698730 0.098633 0.043945
0 0.526855 0.163086 0.081055 0.080078
0 0.384277 0.016113 0.088867 0.030273
0 0.182617 0.353516 0.076172 0.044922
0 0.029785 0.546875 0.059570 0.048828
0 0.768555 0.526367 0.066406 0.044922
0 0.083008 0.083008 0.083984 0.041016
0 0.312012 0.017578 0.059570 0.035156
0 0.776855 0.704590 0.061523 0.047852
0 0.743164 0.625977 0.062500 0.035156
0 0.060059 0.261230 0.096680 0.090820
0 0.537109 0.333496 0.066406 0.038086
0 0.249512 0.318848 0.043945 0.057617
0 0.120117 0.025879 0.039062 0.051758
0 0.383301 0.791504 0.069336 0.041992
0 0.804199 0.368652 0.041992 0.053711
0 0.502441 0.210449 0.065430 0.061523
0 0.011230 0.932617 0.022461 0.029297
0 0.523926 0.638672 0.065430 0.033203
0 0.166992 0.206543 0.099609 0.124023
0 0.898926 0.628418 0.049805 0.057617
0 0.576172 0.921875 0.064453 0.046875
0 0.775879 0.566895 0.047852 0.067383
0 0.914551 0.141602 0.065430 0.046875
0 0.017090 0.561035 0.034180 0.047852
0 0.407715 0.989258 0.075195 0.017578
0 0.241211 0.987305 0.070312 0.015625
0 0.146484 0.054199 0.058594 0.026367
0 0.637207 0.362793 0.051758 0.041992
0 0.261719 0.952148 0.060547 0.023438
0 0.770996 0.911621 0.059570 0.047852
0 0.495605 0.366211 0.055664 0.027344
0 0.922852 0.364258 0.046875 0.023438
0 0.894531 0.731934 0.050781 0.028320
0 0.869141 0.520508 0.042969 0.058594
0 0.666504 0.894531 0.081055 0.033203
0 0.421875 0.724121 0.068359 0.036133
0 0.909180 0.334473 0.068359 0.038086
0 0.533691 0.735840 0.049805 0.032227
0 0.544922 0.366699 0.042969 0.038086
0 0.896973 0.912598 0.100586 0.096680
0 0.414551 0.343262 0.065430 0.026367
0 0.395508 0.610840 0.101562 0.067383
0 0.718750 0.965820 0.083984 0.025391
0 0.942383 0.556641 0.054688 0.042969
0 0.980957 0.932617 0.038086 0.037109
0 0.563477 0.950195 0.037109 0.044922
0 0.213867 0.665527 0.050781 0.038086
0 0.008301 0.749023 0.016602 0.029297
0 0.970215 0.553223 0.047852 0.034180
0 0.575684 0.211426 0.063477 0.073242
0 0.946289 0.924316 0.107422 0.051758
0 0.983887 0.969238 0.032227 0.051758
