0 0.146484 0.981445 0.083984 0.037109
0 0.254395 0.973145 0.065430 0.053711
0 0.312500 0.981445 0.072266 0.037109
0 0.078613 0.872070 0.075195 0.076172
0 0.021973 0.795410 0.043945 0.069336
0 0.199707 0.854492 0.071289 0.083984
0 0.116699 0.752930 0.086914 0.054688
0 0.018555 0.726074 0.037109 0.047852
0 0.513672 0.964355 0.076172 0.069336
0 0.689453 0.975586 0.072266 0.048828
0 0.739258 0.909180 0.082031 0.080078
0 0.640625 0.783691 0.085938 0.110352
0 0.612793 0.743164 0.077148 0.074219
0 0.526367 0.740234 0.083984 0.068359
0 0.313965 0.717773 0.065430 0.060547
0 0.319336 0.631348 0.054688 0.081055
0 0.422852 0.581543 0.070312 0.069336
0 0.454590 0.517090 0.061523 0.059570
0 0.569824 0.546875 0.077148 0.068359
0 0.521484 0.339844 0.082031 0.103516
0 0.495605 0.474609 0.057617 0.066406
0 0.533691 0.436035 0.040039 0.059570
0 0.852051 0.360352 0.096680 0.074219
0 0.373047 0.348145 0.066406 0.075195
0 0.315430 0.416504 0.113281 0.059570
0 0.225098 0.467773 0.071289 0.091797
0 0.209961 0.376465 0.080078 0.067383
0 0.270996 0.324219 0.108398 0.050781
0 0.279297 0.363770 0.074219 0.059570
0 0.065918 0.364746 0.061523 0.065430
0 0.136719 0.435059 0.074219 0.065430
0 0.054199 0.510254 0.057617 0.063477
0 0.112793 0.208496 0.045898 0.045898
0 0.098145 0.079590 0.061523 0.047852
0 0.363281 0.042480 0.103516 0.083008
0 0.439453 0.049316 0.074219 0.071289
0 0.648926 0.151855 0.077148 0.077148
0 0.827148 0.198730 0.089844 0.084961
0 0.933105 0.149902 0.069336 0.102539
0 0.979004 0.127930 0.041992 0.054688
0 0.969238 0.086914 0.061523 0.052734
0 0.963379 0.487793 0.073242 0.081055
0 0.861328 0.647949 0.064453 0.118164
0 0.918457 0.698730 0.092773 0.090820
0 0.977051 0.780273 0.045898 0.064453
0 0.925293 0.775879 0.065430 0.069336
0 0.860840 0.770508 0.104492 0.066406
0 0.832520 0.870605 0.071289 0.053711
0 0.816406 0.923340 0.054688 0.057617
0 0.877930 0.919434 0.062500 0.081055
0 0.908691 0.858398 0.075195 0.083984
0 0.106445 0.522461 0.056641 0.058594
0 0.609375 0.033203 0.105469 0.062500
0 0.816406 0.634277 0.064453 0.083008
0 0.041016 0.020020 0.060547 0.040039
0 0.010742 0.017090 0.021484 0.034180
0 0.013184 0.060547 0.026367 0.083984
0 0.347168 0.252441 0.057617 0.059570
0 0.221680 0.599609 0.048828 0.062500
0 0.446777 0.609375 0.053711 0.072266
0 0.435547 0.359863 0.070312 0.049805
0 0.493652 0.400879 0.034180 0.026367
0 0.084473 0.194336 0.055664 0.052734
0 0.361816 0.005859 0.038086 0.011719
