0 0.593750 0.965332 0.082031 0.069336
0 0.697754 0.906738 0.088867 0.069336
0 0.473633 0.885742 0.058594 0.066406
0 0.418945 0.961914 0.056641 0.076172
0 0.500977 0.936523 0.050781 0.056641
0 0.394531 0.878906 0.060547 0.064453
0 0.531738 0.855469 0.055664 0.058594
0 0.103516 0.925781 0.072266 0.072266
0 0.239746 0.866699 0.084961 0.069336
0 0.314941 0.774414 0.069336 0.062500
0 0.263672 0.745605 0.089844 0.063477
0 0.421875 0.733398 0.064453 0.068359
0 0.073242 0.692871 0.072266 0.057617
0 0.097168 0.805664 0.069336 0.082031
0 0.031250 0.779785 0.062500 0.061523
0 0.059570 0.299316 0.119141 0.100586
0 0.210938 0.221680 0.072266 0.095703
0 0.317383 0.321289 0.072266 0.101562
0 0.278809 0.404297 0.065430 0.062500
0 0.151855 0.566406 0.075195 0.113281
0 0.402832 0.616699 0.092773 0.088867
0 0.424805 0.318359 0.083984 0.107422
0 0.183105 0.310059 0.059570 0.057617
0 0.066895 0.045410 0.061523 0.059570
0 0.494141 0.214844 0.058594 0.068359
0 0.586426 0.162598 0.094727 0.086914
0 0.745117 0.110840 0.078125 0.059570
0 0.706543 0.252441 0.065430 0.086914
0 0.570312 0.372559 0.066406 0.106445
0 0.515625 0.296387 0.060547 0.069336
0 0.825195 0.269531 0.101562 0.078125
0 0.758301 0.338379 0.069336 0.057617
0 0.667969 0.357910 0.050781 0.071289
0 0.872070 0.354492 0.085938 0.066406
0 0.664551 0.495117 0.133789 0.085938
0 0.820312 0.513672 0.074219 0.080078
0 0.914062 0.656738 0.085938 0.088867
0 0.918457 0.765137 0.106445 0.071289
0 0.877930 0.852539 0.074219 0.070312
0 0.963867 0.864746 0.072266 0.061523
0 0.922363 0.968262 0.077148 0.063477
0 0.740723 0.054688 0.071289 0.060547
0 0.661133 0.024902 0.058594 0.043945
0 0.561035 0.023926 0.083008 0.047852
0 0.984863 0.291992 0.030273 0.066406
0 0.974121 0.653320 0.051758 0.054688
0 0.308105 0.483398 0.036133 0.035156
0 0.235352 0.388672 0.050781 0.050781
0 0.330078 0.242188 0.046875 0.044922
0 0.443359 0.265137 0.050781 0.043945
0 0.209473 0.813477 0.079102 0.039062
0 0.171875 0.779297 0.068359 0.052734
0 0.042480 0.985352 0.061523 0.029297
0 0.144531 0.621582 0.044922 0.051758
0 0.637207 0.438965 0.041992 0.049805
0 0.728516 0.458008 0.041016 0.080078
