0 0.299805 0.028320 0.087891 0.056641
0 0.389160 0.044922 0.059570 0.089844
0 0.439453 0.088867 0.099609 0.085938
0 0.965332 0.066406 0.069336 0.080078
0 0.698242 0.085449 0.085938 0.075195
0 0.626953 0.065430 0.093750 0.064453
0 0.886230 0.110840 0.092773 0.071289
0 0.793945 0.133301 0.062500 0.075195
0 0.615723 0.352051 0.088867 0.047852
0 0.688965 0.449707 0.118164 0.104492
0 0.288574 0.164062 0.081055 0.085938
0 0.347168 0.198730 0.047852 0.106445
0 0.028320 0.305176 0.056641 0.065430
0 0.094238 0.487305 0.063477 0.062500
0 0.099121 0.570312 0.065430 0.070312
0 0.205566 0.570801 0.077148 0.096680
0 0.231445 0.488281 0.068359 0.082031
0 0.531738 0.512695 0.073242 0.089844
0 0.622070 0.625977 0.121094 0.076172
0 0.782715 0.719238 0.112305 0.139648
0 0.730957 0.790527 0.069336 0.073242
0 0.629395 0.704102 0.096680 0.064453
0 0.524414 0.872070 0.072266 0.160156
0 0.648926 0.883789 0.067383 0.062500
0 0.731934 0.902344 0.065430 0.089844
0 0.395996 0.803711 0.084961 0.076172
0 0.374512 0.902344 0.081055 0.091797
0 0.214355 0.870117 0.086914 0.068359
0 0.145020 0.802246 0.067383 0.065430
0 0.085449 0.797363 0.063477 0.092773
0 0.020996 0.768555 0.041992 0.068359
0 0.147949 0.951660 0.073242 0.096680
0 0.240723 0.741211 0.051758 0.046875
0 0.272461 0.680176 0.050781 0.034180
0 0.300293 0.632324 0.077148 0.063477
0 0.348633 0.651855 0.064453 0.073242
0 0.265625 0.291992 0.035156 0.058594
0 0.401367 0.421387 0.042969 0.053711
0 0.194824 0.131348 0.047852 0.063477
0 0.607910 0.256836 0.098633 0.074219
0 0.662109 0.541992 0.068359 0.048828
0 0.436035 0.570801 0.075195 0.063477
0 0.460938 0.667969 0.066406 0.074219
0 0.675781 0.967285 0.056641 0.051758
0 0.872559 0.690918 0.057617 0.036133
0 0.937988 0.481934 0.069336 0.047852
0 0.974609 0.433594 0.050781 0.085938
