0 0.541016 0.351074 0.132812 0.102539
0 0.528809 0.838867 0.081055 0.085938
0 0.730957 0.743164 0.092773 0.087891
0 0.650391 0.896973 0.097656 0.090820
0 0.416992 0.459473 0.095703 0.084961
0 0.438477 0.242188 0.072266 0.130859
0 0.795410 0.280762 0.102539 0.073242
0 0.432617 0.905273 0.072266 0.074219
0 0.529785 0.713379 0.084961 0.086914
0 0.841797 0.560547 0.115234 0.107422
0 0.822266 0.187012 0.179688 0.129883
0 0.974609 0.654785 0.050781 0.075195
0 0.825684 0.429199 0.083008 0.075195
0 0.936035 0.754395 0.102539 0.084961
0 0.732910 0.970215 0.079102 0.059570
0 0.976074 0.812012 0.047852 0.079102
0 0.536621 0.269531 0.075195 0.052734
0 0.623047 0.556152 0.056641 0.065430
0 0.872070 0.802246 0.144531 0.075195
0 0.445801 0.787598 0.071289 0.069336
0 0.786133 0.935059 0.099609 0.083008
0 0.716797 0.321777 0.080078 0.094727
0 0.943359 0.229980 0.113281 0.202148
0 0.960938 0.114746 0.076172 0.122070
0 0.930176 0.394531 0.118164 0.074219
0 0.851074 0.876465 0.137695 0.067383
0 0.386719 0.923828 0.085938 0.103516
