0 0.710938 0.405762 0.123047 0.112305
0 0.544434 0.181152 0.114258 0.147461
0 0.274414 0.299805 0.099609 0.099609
0 0.530762 0.617188 0.096680 0.105469
0 0.605957 0.960938 0.112305 0.078125
0 0.944824 0.552246 0.110352 0.129883
0 0.234863 0.437988 0.084961 0.112305
0 0.883301 0.352051 0.108398 0.100586
0 0.113281 0.301758 0.171875 0.099609
0 0.854492 0.859375 0.179688 0.115234
0 0.359375 0.914551 0.105469 0.069336
0 0.971191 0.406250 0.057617 0.054688
0 0.754883 0.104492 0.134766 0.179688
0 0.516113 0.686035 0.092773 0.057617
0 0.678223 0.779785 0.083008 0.065430
0 0.208984 0.726562 0.070312 0.056641
0 0.427734 0.472656 0.099609 0.115234
0 0.490723 0.920898 0.122070 0.152344
0 0.853516 0.661133 0.087891 0.072266
0 0.242188 0.860840 0.064453 0.057617
0 0.066895 0.924316 0.100586 0.075195
0 0.657227 0.496094 0.048828 0.046875
0 0.846191 0.440430 0.057617 0.052734
0 0.610352 0.870605 0.107422 0.092773
0 0.474609 0.110840 0.050781 0.096680
0 0.698242 0.040527 0.082031 0.077148
0 0.304688 0.954590 0.064453 0.075195
0 0.799316 0.818359 0.065430 0.062500
0 0.514648 0.874512 0.089844 0.065430
0 0.909668 0.307129 0.055664 0.059570
0 0.394531 0.202148 0.064453 0.121094
0 0.442383 0.403809 0.070312 0.057617
0 0.163574 0.343750 0.071289 0.056641
0 0.625000 0.439453 0.050781 0.054688
0 0.743164 0.199707 0.052734 0.094727
0 0.015625 0.819336 0.027344 0.054688
0 0.601562 0.919922 0.070312 0.160156
0 0.581543 0.411133 0.055664 0.093750
