0 0.703125 0.750000 0.058594 0.093750
0 0.035645 0.600098 0.071289 0.092773
0 0.605957 0.333984 0.069336 0.080078
0 0.769043 0.276855 0.061523 0.079102
0 0.365234 0.521973 0.087891 0.092773
0 0.161621 0.614258 0.065430 0.072266
0 0.228516 0.170898 0.076172 0.068359
0 0.140137 0.787109 0.063477 0.076172
0 0.284180 0.108887 0.076172 0.075195
0 0.733398 0.580566 0.058594 0.077148
0 0.611816 0.719238 0.069336 0.069336
0 0.776855 0.164062 0.055664 0.083984
0 0.449219 0.060059 0.083984 0.120117
0 0.617676 0.101074 0.049805 0.077148
0 0.799805 0.870117 0.062500 0.130859
0 0.048828 0.925781 0.066406 0.046875
0 0.906250 0.136230 0.037109 0.100586
0 0.612793 0.506348 0.088867 0.081055
0 0.833984 0.376465 0.054688 0.069336
0 0.460449 0.812988 0.083008 0.092773
0 0.732422 0.850098 0.105469 0.055664
0 0.707520 0.138184 0.053711 0.077148
0 0.214844 0.378906 0.064453 0.068359
0 0.050293 0.433105 0.081055 0.083008
0 0.354004 0.254883 0.090820 0.046875
0 0.020020 0.127930 0.040039 0.046875
0 0.530273 0.691406 0.046875 0.082031
0 0.585938 0.159180 0.054688 0.111328
0 0.832031 0.840820 0.046875 0.078125
0 0.881348 0.418457 0.043945 0.069336
0 0.144531 0.348633 0.046875 0.072266
0 0.348633 0.294434 0.072266 0.055664
0 0.685059 0.634277 0.063477 0.053711
0 0.980957 0.325195 0.038086 0.066406
0 0.131348 0.867676 0.096680 0.077148
0 0.966309 0.149902 0.051758 0.081055
0 0.397949 0.400391 0.051758 0.087891
0 0.524414 0.450684 0.029297 0.088867
0 0.884766 0.526367 0.046875 0.072266
0 0.314453 0.873047 0.033203 0.066406
0 0.543945 0.363281 0.039062 0.083984
0 0.521484 0.163574 0.064453 0.053711
0 0.556152 0.473633 0.045898 0.068359
0 0.962402 0.176758 0.041992 0.070312
0 0.103516 0.023926 0.076172 0.047852
0 0.101562 0.476562 0.050781 0.085938
0 0.605469 0.844727 0.060547 0.044922
0 0.803223 0.124023 0.026367 0.076172
0 0.398438 0.655762 0.050781 0.036133
0 0.064941 0.376465 0.055664 0.047852
0 0.730469 0.943848 0.078125 0.047852
0 0.104492 0.713379 0.082031 0.063477
0 0.815430 0.127441 0.023438 0.075195
0 0.520508 0.843750 0.054688 0.050781
0 0.246582 0.952148 0.065430 0.048828
0 0.703125 0.023438 0.132812 0.046875
0 0.687500 0.074219 0.076172 0.103516
0 0.824219 0.201660 0.035156 0.051758
0 0.318848 0.594727 0.065430 0.039062
0 0.651367 0.793457 0.052734 0.036133
0 0.822754 0.591309 0.038086 0.079102
0 0.352539 0.256836 0.054688 0.136719
0 0.713379 0.593262 0.049805 0.049805
0 0.013184 0.044434 0.026367 0.088867
0 0.884766 0.759766 0.072266 0.044922
0 0.791016 0.600098 0.035156 0.043945
0 0.666992 0.796387 0.083984 0.040039
0 0.295898 0.518066 0.083984 0.032227
0 0.283691 0.495605 0.040039 0.047852
0 0.135742 0.481445 0.066406 0.074219
0 0.552246 0.210938 0.051758 0.033203
0 0.257324 0.241699 0.053711 0.057617
0 0.020996 0.236816 0.036133 0.067383
0 0.756836 0.901367 0.054688 0.056641
0 0.447754 0.092773 0.098633 0.105469
