0 0.896973 0.013672 0.065430 0.027344
0 0.766602 0.043457 0.130859 0.079102
0 0.524902 0.025391 0.073242 0.050781
0 0.376953 0.049316 0.082031 0.073242
0 0.138184 0.102539 0.067383 0.066406
0 0.034668 0.073730 0.069336 0.063477
0 0.177246 0.973633 0.083008 0.052734
0 0.283203 0.935547 0.072266 0.062500
0 0.170898 0.893066 0.072266 0.088867
0 0.129395 0.782227 0.100586 0.109375
0 0.212891 0.807617 0.072266 0.107422
0 0.147949 0.635742 0.084961 0.066406
0 0.196777 0.713379 0.079102 0.069336
0 0.330566 0.698242 0.100586 0.093750
0 0.301270 0.782715 0.071289 0.084961
0 0.349609 0.837402 0.080078 0.129883
0 0.502930 0.756348 0.070312 0.067383
0 0.573242 0.825684 0.060547 0.073242
0 0.661621 0.888184 0.061523 0.069336
0 0.385742 0.982422 0.072266 0.035156
0 0.684570 0.991211 0.054688 0.017578
0 0.729980 0.932617 0.063477 0.060547
0 0.846191 0.976562 0.065430 0.046875
0 0.886719 0.939941 0.060547 0.055664
0 0.947266 0.979980 0.076172 0.040039
0 0.908203 0.873047 0.052734 0.048828
0 0.828125 0.813477 0.128906 0.062500
0 0.947266 0.831543 0.062500 0.063477
0 0.900879 0.743164 0.149414 0.064453
0 0.993164 0.667969 0.013672 0.064453
0 0.887207 0.666992 0.067383 0.064453
0 0.827148 0.596680 0.091797 0.109375
0 0.686035 0.521973 0.077148 0.073242
0 0.894531 0.582520 0.050781 0.057617
0 0.608887 0.618164 0.071289 0.072266
0 0.565918 0.555664 0.067383 0.066406
0 0.463867 0.586426 0.103516 0.075195
0 0.089355 0.486816 0.069336 0.065430
0 0.151367 0.453125 0.056641 0.078125
0 0.219727 0.501465 0.099609 0.075195
0 0.249023 0.384766 0.056641 0.080078
0 0.121582 0.347168 0.104492 0.094727
0 0.340820 0.333008 0.083984 0.087891
0 0.457520 0.399902 0.069336 0.116211
0 0.536621 0.456055 0.065430 0.082031
0 0.100586 0.206543 0.087891 0.077148
0 0.266113 0.128418 0.083008 0.083008
0 0.314941 0.187500 0.084961 0.091797
0 0.417969 0.268066 0.060547 0.065430
0 0.546387 0.205078 0.090820 0.066406
0 0.569824 0.272949 0.069336 0.077148
0 0.647949 0.349609 0.073242 0.080078
0 0.731934 0.261719 0.106445 0.066406
0 0.705078 0.423340 0.082031 0.051758
0 0.816406 0.417480 0.062500 0.053711
0 0.858887 0.476562 0.096680 0.083984
0 0.978516 0.439941 0.042969 0.069336
0 0.902344 0.092773 0.066406 0.060547
0 0.831543 0.172852 0.071289 0.123047
0 0.742676 0.157715 0.073242 0.077148
0 0.636230 0.102539 0.067383 0.062500
0 0.027344 0.703125 0.048828 0.056641
0 0.837891 0.339355 0.066406 0.057617
0 0.479004 0.250488 0.045898 0.053711
0 0.544434 0.150391 0.055664 0.066406
0 0.733398 0.545410 0.076172 0.057617
0 0.966309 0.559570 0.045898 0.052734
0 0.959961 0.639160 0.056641 0.057617
0 0.943359 0.686523 0.031250 0.031250
