0 0.119629 0.156250 0.122070 0.101562
0 0.080566 0.448730 0.100586 0.206055
0 0.292480 0.608398 0.178711 0.085938
0 0.458008 0.339355 0.136719 0.075195
0 0.391602 0.141602 0.119141 0.111328
0 0.829102 0.168457 0.085938 0.100586
0 0.808105 0.449219 0.079102 0.123047
0 0.867676 0.635742 0.131836 0.115234
0 0.947754 0.286621 0.077148 0.202148
0 0.984375 0.316895 0.031250 0.184570
0 0.740723 0.695801 0.110352 0.077148
0 0.409180 0.870605 0.111328 0.084961
0 0.360840 0.964355 0.077148 0.071289
0 0.244629 0.993164 0.063477 0.013672
0 0.692871 0.943848 0.086914 0.112305
0 0.890137 0.925293 0.065430 0.067383
0 0.984375 0.921387 0.031250 0.106445
0 0.987305 0.755371 0.025391 0.088867
0 0.455078 0.275391 0.126953 0.066406
0 0.670898 0.024414 0.150391 0.048828
0 0.030762 0.908203 0.061523 0.080078
0 0.469727 0.977051 0.093750 0.045898
0 0.832031 0.962402 0.087891 0.059570
