0 0.237305 0.643066 0.099609 0.102539
0 0.680664 0.340820 0.087891 0.113281
0 0.664551 0.585938 0.104492 0.072266
0 0.847168 0.363281 0.129883 0.078125
0 0.336914 0.150879 0.125000 0.077148
0 0.500977 0.125488 0.117188 0.112305
0 0.324707 0.688477 0.075195 0.082031
0 0.788086 0.177246 0.117188 0.174805
0 0.398438 0.268066 0.087891 0.127930
0 0.623047 0.084473 0.062500 0.114258
0 0.040527 0.158203 0.077148 0.117188
0 0.828613 0.909668 0.157227 0.149414
0 0.044434 0.974609 0.069336 0.050781
0 0.018555 0.551758 0.037109 0.070312
0 0.823242 0.992188 0.082031 0.015625
0 0.131836 0.401855 0.070312 0.165039
0 0.579590 0.820801 0.129883 0.131836
0 0.547363 0.356934 0.120117 0.084961
0 0.423340 0.646973 0.118164 0.104492
0 0.812012 0.748047 0.104492 0.082031
0 0.860840 0.578125 0.147461 0.078125
0 0.696777 0.875977 0.184570 0.087891
0 0.151855 0.595703 0.065430 0.082031
0 0.944824 0.178223 0.110352 0.182617
0 0.114746 0.934570 0.110352 0.074219
0 0.333496 0.387207 0.092773 0.120117
0 0.114258 0.122070 0.070312 0.144531
0 0.545898 0.942383 0.082031 0.080078
0 0.356934 0.836914 0.069336 0.089844
0 0.615723 0.743164 0.092773 0.046875
0 0.302246 0.039551 0.059570 0.065430
0 0.265625 0.803223 0.072266 0.157227
0 0.200684 0.165527 0.092773 0.137695
0 0.264160 0.568359 0.084961 0.091797
0 0.299316 0.515625 0.120117 0.082031
0 0.445801 0.715820 0.083008 0.082031
0 0.873047 0.769531 0.072266 0.060547
0 0.039551 0.376953 0.055664 0.080078
0 0.260742 0.876953 0.062500 0.099609
0 0.526855 0.437988 0.139648 0.137695
0 0.253418 0.065430 0.083008 0.107422
0 0.498047 0.704590 0.062500 0.069336
0 0.810547 0.493652 0.097656 0.147461
0 0.284668 0.356934 0.069336 0.139648
0 0.565918 0.034668 0.086914 0.065430
0 0.188477 0.265625 0.087891 0.107422
0 0.089844 0.248047 0.070312 0.142578
0 0.964355 0.698242 0.059570 0.091797
0 0.858398 0.484375 0.078125 0.070312
0 0.942383 0.605957 0.115234 0.067383
0 0.968750 0.803223 0.062500 0.073242
0 0.899414 0.527344 0.185547 0.044922
0 0.429688 0.928223 0.070312 0.073242
0 0.027344 0.571777 0.054688 0.075195
0 0.141113 0.971191 0.057617 0.057617
0 0.614258 0.959473 0.099609 0.049805
0 0.713379 0.791016 0.051758 0.037109
0 0.587891 0.875488 0.062500 0.047852
0 0.704590 0.833496 0.245117 0.083008
0 0.435547 0.546875 0.117188 0.134766
0 0.979980 0.561035 0.040039 0.057617
0 0.043457 0.302246 0.041992 0.065430
0 0.362305 0.435547 0.070312 0.037109
0 0.358398 0.387207 0.152344 0.049805
0 0.263184 0.472168 0.077148 0.084961
0 0.977051 0.243164 0.045898 0.062500
0 0.805664 0.188477 0.091797 0.152344
0 0.109375 0.044434 0.054688 0.084961
