0 0.549316 0.118652 0.114258 0.237305
0 0.646973 0.143555 0.090820 0.162109
0 0.828613 0.166992 0.114258 0.146484
0 0.013672 0.416016 0.027344 0.117188
0 0.310547 0.263672 0.095703 0.193359
0 0.655273 0.563477 0.126953 0.093750
0 0.938477 0.629395 0.123047 0.133789
0 0.925781 0.458496 0.097656 0.075195
0 0.422363 0.718750 0.110352 0.099609
0 0.185547 0.026367 0.087891 0.052734
0 0.451660 0.019043 0.049805 0.038086
0 0.852539 0.035156 0.099609 0.070312
0 0.955078 0.081543 0.080078 0.065430
0 0.960938 0.226074 0.070312 0.108398
0 0.787598 0.353516 0.086914 0.082031
0 0.694336 0.521484 0.080078 0.060547
0 0.366699 0.628418 0.090820 0.059570
0 0.632812 0.707520 0.248047 0.077148
0 0.820312 0.874023 0.056641 0.070312
0 0.968262 0.836914 0.063477 0.072266
0 0.925781 0.917480 0.068359 0.083008
0 0.907227 0.947266 0.060547 0.105469
0 0.698730 0.807129 0.094727 0.059570
0 0.661133 0.892090 0.146484 0.122070
0 0.732910 0.865723 0.059570 0.041992
0 0.508301 0.874512 0.063477 0.067383
0 0.385254 0.848145 0.092773 0.131836
0 0.244629 0.778320 0.084961 0.062500
0 0.215820 0.841309 0.162109 0.088867
0 0.355469 0.917480 0.097656 0.143555
0 0.272949 0.630859 0.067383 0.066406
0 0.162109 0.195312 0.087891 0.083984
0 0.098633 0.228027 0.062500 0.102539
0 0.017090 0.319336 0.034180 0.080078
