0 0.043945 0.870117 0.087891 0.099609
0 0.364746 0.671875 0.129883 0.109375
0 0.879883 0.551758 0.080078 0.130859
0 0.542480 0.528320 0.129883 0.087891
0 0.479492 0.083008 0.093750 0.115234
0 0.582520 0.067871 0.131836 0.120117
0 0.320801 0.540039 0.096680 0.136719
0 0.086426 0.211914 0.083008 0.113281
0 0.312500 0.285156 0.074219 0.068359
0 0.473145 0.458496 0.114258 0.067383
0 0.379883 0.927246 0.087891 0.102539
0 0.726562 0.423828 0.068359 0.087891
0 0.765137 0.770996 0.071289 0.086914
0 0.851562 0.056641 0.103516 0.080078
0 0.843262 0.442871 0.081055 0.081055
0 0.397949 0.109863 0.063477 0.102539
