0 0.168457 0.107422 0.092773 0.089844
0 0.780762 0.811035 0.102539 0.137695
0 0.294434 0.190918 0.065430 0.092773
0 0.888184 0.316895 0.110352 0.102539
0 0.867188 0.475586 0.150391 0.152344
0 0.320801 0.074707 0.073242 0.149414
0 0.094727 0.072266 0.070312 0.070312
0 0.944336 0.368652 0.089844 0.094727
0 0.170410 0.458496 0.112305 0.127930
0 0.820801 0.540527 0.073242 0.112305
0 0.738281 0.019531 0.068359 0.039062
0 0.251953 0.029297 0.083984 0.058594
0 0.981934 0.047363 0.036133 0.073242
0 0.967285 0.519531 0.065430 0.125000
0 0.664551 0.937988 0.065430 0.124023
0 0.085449 0.354492 0.112305 0.169922
0 0.869629 0.220703 0.084961 0.132812
0 0.977051 0.883301 0.045898 0.157227
0 0.099609 0.921875 0.070312 0.140625
0 0.210938 0.383301 0.087891 0.112305
0 0.266602 0.085449 0.072266 0.063477
0 0.233398 0.278320 0.062500 0.132812
0 0.158691 0.859863 0.102539 0.141602
0 0.632324 0.630859 0.075195 0.078125
0 0.194824 0.892578 0.083008 0.214844
0 0.930664 0.217773 0.078125 0.099609
0 0.919434 0.487305 0.075195 0.160156
0 0.030762 0.457031 0.057617 0.214844
0 0.021973 0.770508 0.040039 0.162109
0 0.081055 0.786133 0.087891 0.152344
0 0.237305 0.885742 0.054688 0.162109
0 0.290527 0.861816 0.077148 0.200195
0 0.378418 0.729492 0.057617 0.095703
0 0.326172 0.925781 0.062500 0.132812
0 0.868164 0.963379 0.107422 0.073242
0 0.736816 0.972168 0.084961 0.055664
0 0.020508 0.131836 0.041016 0.083984
0 0.157715 0.015625 0.077148 0.031250
