0 0.067871 0.942383 0.114258 0.101562
0 0.163574 0.968750 0.065430 0.062500
0 0.223633 0.921875 0.080078 0.072266
0 0.362305 0.959473 0.085938 0.081055
0 0.038086 0.364258 0.058594 0.152344
0 0.069336 0.067871 0.115234 0.071289
0 0.159668 0.080078 0.073242 0.076172
0 0.208984 0.044922 0.140625 0.089844
0 0.291016 0.062012 0.072266 0.075195
0 0.375000 0.152344 0.087891 0.103516
0 0.427734 0.069336 0.136719 0.068359
0 0.377930 0.363281 0.062500 0.119141
0 0.459473 0.383789 0.129883 0.082031
0 0.207031 0.500488 0.105469 0.182617
0 0.275391 0.596680 0.076172 0.115234
0 0.138184 0.639160 0.090820 0.083008
0 0.546387 0.583984 0.116211 0.105469
0 0.585449 0.679688 0.063477 0.074219
0 0.527832 0.717773 0.077148 0.093750
0 0.368652 0.695312 0.122070 0.111328
0 0.125000 0.792969 0.250000 0.089844
0 0.697266 0.929688 0.132812 0.068359
0 0.835938 0.797852 0.068359 0.107422
0 0.930664 0.822266 0.138672 0.078125
0 0.975586 0.754395 0.048828 0.075195
0 0.873535 0.944824 0.061523 0.055664
0 0.897949 0.691895 0.075195 0.069336
0 0.867676 0.649414 0.079102 0.070312
0 0.799805 0.622070 0.068359 0.175781
0 0.894043 0.559570 0.118164 0.087891
0 0.921875 0.374512 0.091797 0.077148
0 0.787598 0.368164 0.077148 0.080078
0 0.736816 0.329102 0.081055 0.070312
0 0.800293 0.195801 0.071289 0.067383
0 0.920410 0.106934 0.088867 0.147461
0 0.055176 0.463867 0.045898 0.056641
0 0.643066 0.013672 0.081055 0.023438
0 0.777832 0.542480 0.067383 0.053711
0 0.667480 0.882812 0.057617 0.050781
