0 0.594238 0.057617 0.092773 0.089844
0 0.087402 0.461914 0.104492 0.076172
0 0.257324 0.962891 0.141602 0.074219
0 0.885742 0.221680 0.119141 0.083984
0 0.227051 0.406250 0.098633 0.080078
0 0.108887 0.526367 0.092773 0.042969
0 0.584473 0.148926 0.090820 0.071289
0 0.778809 0.386719 0.110352 0.054688
0 0.931641 0.385742 0.136719 0.089844
0 0.761230 0.649414 0.098633 0.041016
0 0.304639 0.557373 0.146777 0.048926
0 0.233887 0.156738 0.106445 0.063477
0 0.632812 0.663086 0.093750 0.046875
0 0.223633 0.616699 0.152344 0.077148
0 0.278809 0.246094 0.168945 0.089844
0 0.786133 0.791016 0.125000 0.048828
0 0.993164 0.134277 0.013672 0.083008
0 0.596191 0.545410 0.139648 0.065430
0 0.920898 0.115723 0.080078 0.055664
0 0.578125 0.680176 0.109375 0.084961
0 0.920898 0.528320 0.082031 0.039062
0 0.039551 0.899414 0.077148 0.044922
0 0.704102 0.884277 0.076172 0.038086
0 0.436523 0.834961 0.087891 0.052734
0 0.636719 0.485352 0.134766 0.052734
0 0.339844 0.528320 0.142578 0.062500
0 0.143066 0.622070 0.104492 0.099609
0 0.524902 0.605469 0.088867 0.056641
0 0.660645 0.219727 0.055664 0.035156
0 0.596680 0.895020 0.099609 0.041992
0 0.426758 0.364258 0.126953 0.083984
0 0.042969 0.546387 0.078125 0.040039
0 0.477051 0.971680 0.157227 0.056641
0 0.037109 0.812988 0.074219 0.041992
0 0.772461 0.420410 0.070312 0.028320
0 0.975586 0.653320 0.048828 0.060547
0 0.946777 0.276855 0.086914 0.041992
0 0.433105 0.642090 0.112305 0.034180
0 0.817383 0.771484 0.076172 0.042969
0 0.141113 0.778320 0.149414 0.105469
0 0.481934 0.119141 0.083008 0.046875
0 0.947754 0.012207 0.055664 0.024414
0 0.971191 0.956543 0.057617 0.051758
0 0.829102 0.944824 0.080078 0.034180
0 0.586426 0.404297 0.090820 0.037109
0 0.832031 0.010254 0.068359 0.020508
0 0.112793 0.295898 0.118164 0.060547
0 0.888672 0.929688 0.072266 0.039062
0 0.536621 0.679199 0.086914 0.069336
0 0.366211 0.887207 0.109375 0.040039
0 0.246094 0.028320 0.072266 0.054688
0 0.962891 0.872559 0.074219 0.090820
0 0.308594 0.901855 0.185547 0.047852
0 0.656250 0.062988 0.105469 0.125977
0 0.015625 0.983398 0.029297 0.029297
0 0.552246 0.464844 0.065430 0.031250
0 0.716309 0.834473 0.161133 0.043945
0 0.718750 0.140137 0.119141 0.045898
0 0.781250 0.237793 0.105469 0.030273
0 0.330566 0.164551 0.133789 0.166992
0 0.480469 0.434570 0.041016 0.062500
0 0.216309 0.357910 0.100586 0.028320
0 0.091309 0.983887 0.040039 0.032227
0 0.964355 0.696289 0.071289 0.035156
0 0.036133 0.727539 0.072266 0.064453
0 0.137207 0.736816 0.155273 0.075195
0 0.322754 0.860352 0.124023 0.033203
0 0.770508 0.316406 0.138672 0.050781
0 0.714844 0.781738 0.158203 0.110352
0 0.822266 0.056152 0.042969 0.063477
0 0.393066 0.791992 0.069336 0.046875
0 0.053711 0.984863 0.039062 0.030273
0 0.390625 0.046875 0.070312 0.027344
0 0.844727 0.087402 0.136719 0.049805
0 0.489746 0.472656 0.049805 0.064453
0 0.358887 0.717285 0.186523 0.063477
0 0.419434 0.713867 0.090820 0.029297
0 0.066895 0.095703 0.079102 0.037109
0 0.384277 0.965820 0.041992 0.050781
0 0.484863 0.447266 0.047852 0.072266
0 0.978516 0.939453 0.042969 0.035156
0 0.180664 0.118164 0.089844 0.027344
0 0.291504 0.072266 0.065430 0.044922
0 0.035645 0.264160 0.071289 0.030273
0 0.062012 0.478027 0.069336 0.040039
