0 0.059570 0.988281 0.074219 0.023438
0 0.075684 0.953125 0.077148 0.062500
0 0.070312 0.869141 0.078125 0.091797
0 0.220215 0.920410 0.073242 0.069336
0 0.303223 0.969727 0.057617 0.060547
0 0.234863 0.979980 0.067383 0.040039
0 0.431152 0.967285 0.073242 0.065430
0 0.514160 0.950195 0.065430 0.064453
0 0.609863 0.971191 0.069336 0.057617
0 0.717285 0.973145 0.063477 0.053711
0 0.802246 0.934570 0.114258 0.064453
0 0.710449 0.833984 0.104492 0.080078
0 0.474121 0.866699 0.159180 0.079102
0 0.397461 0.744141 0.091797 0.078125
0 0.212891 0.705078 0.070312 0.089844
0 0.078125 0.777832 0.078125 0.090820
0 0.016602 0.742188 0.033203 0.101562
0 0.761230 0.913574 0.071289 0.063477
0 0.886230 0.935059 0.071289 0.071289
0 0.953125 0.881836 0.085938 0.080078
0 0.841309 0.836914 0.098633 0.072266
0 0.809082 0.726074 0.094727 0.081055
0 0.526855 0.722168 0.069336 0.065430
0 0.492188 0.611816 0.078125 0.153320
0 0.948730 0.560547 0.102539 0.076172
0 0.795410 0.499512 0.084961 0.073242
0 0.924316 0.416992 0.100586 0.076172
0 0.775879 0.417480 0.098633 0.069336
0 0.721680 0.322266 0.089844 0.111328
0 0.459961 0.388184 0.089844 0.092773
0 0.209473 0.338867 0.069336 0.105469
0 0.237793 0.427246 0.065430 0.067383
0 0.323730 0.343750 0.073242 0.066406
0 0.351562 0.524414 0.083984 0.082031
0 0.324219 0.636719 0.103516 0.064453
0 0.024902 0.461426 0.049805 0.094727
0 0.052734 0.371094 0.105469 0.072266
0 0.133301 0.185547 0.077148 0.087891
0 0.472656 0.242676 0.138672 0.075195
0 0.372070 0.134277 0.072266 0.073242
0 0.312012 0.080566 0.077148 0.088867
0 0.207520 0.070312 0.086914 0.078125
0 0.054199 0.071777 0.057617 0.071289
0 0.016113 0.010254 0.032227 0.020508
0 0.096191 0.019531 0.073242 0.039062
0 0.381836 0.023438 0.091797 0.046875
0 0.441406 0.071777 0.085938 0.084961
0 0.540527 0.014648 0.075195 0.029297
0 0.624023 0.066406 0.101562 0.068359
0 0.701660 0.059570 0.075195 0.072266
0 0.864258 0.011719 0.121094 0.023438
0 0.986816 0.023926 0.026367 0.047852
0 0.919922 0.080078 0.066406 0.074219
0 0.962891 0.150879 0.074219 0.081055
0 0.987305 0.089355 0.025391 0.055664
0 0.101562 0.515137 0.078125 0.055664
0 0.592773 0.912109 0.062500 0.068359
0 0.725098 0.772949 0.067383 0.067383
0 0.722656 0.714355 0.074219 0.065430
0 0.160645 0.455566 0.059570 0.063477
0 0.036621 0.126953 0.065430 0.066406
0 0.179688 0.020996 0.064453 0.041992
