0 0.586914 0.733398 0.089844 0.107422
0 0.972168 0.774414 0.055664 0.064453
0 0.895996 0.586914 0.083008 0.095703
0 0.767090 0.788086 0.094727 0.126953
0 0.643066 0.140625 0.077148 0.072266
0 0.723633 0.036133 0.074219 0.064453
0 0.688477 0.189453 0.087891 0.074219
0 0.971191 0.690430 0.057617 0.085938
0 0.632324 0.229980 0.084961 0.084961
0 0.942383 0.369141 0.080078 0.080078
0 0.965820 0.260742 0.068359 0.068359
0 0.890625 0.464844 0.078125 0.070312
0 0.932617 0.107910 0.078125 0.073242
0 0.659180 0.396973 0.080078 0.084961
0 0.670898 0.707031 0.082031 0.099609
0 0.715820 0.492188 0.082031 0.099609
0 0.770508 0.591797 0.072266 0.080078
0 0.957031 0.185547 0.080078 0.072266
0 0.558594 0.823242 0.072266 0.068359
0 0.049316 0.024414 0.057617 0.048828
0 0.590820 0.960449 0.056641 0.079102
0 0.980469 0.075195 0.039062 0.044922
0 0.808594 0.589844 0.062500 0.070312
0 0.595703 0.904297 0.072266 0.070312
0 0.886719 0.954590 0.054688 0.090820
0 0.716309 0.256836 0.077148 0.078125
