0 0.271973 0.572266 0.084961 0.115234
0 0.473145 0.568359 0.172852 0.097656
0 0.276855 0.124512 0.139648 0.065430
0 0.059570 0.556152 0.070312 0.102539
0 0.784668 0.504395 0.104492 0.129883
0 0.622070 0.870605 0.099609 0.122070
0 0.217285 0.859375 0.075195 0.099609
0 0.903320 0.892090 0.113281 0.139648
0 0.062988 0.109375 0.077148 0.070312
0 0.630859 0.228027 0.078125 0.092773
0 0.369629 0.465820 0.100586 0.082031
0 0.517090 0.214844 0.084961 0.070312
0 0.039551 0.234375 0.059570 0.064453
0 0.709473 0.105469 0.069336 0.052734
0 0.570801 0.079590 0.077148 0.159180
0 0.827148 0.146973 0.080078 0.094727
0 0.376953 0.182129 0.095703 0.059570
0 0.140625 0.426758 0.089844 0.134766
0 0.939941 0.762207 0.098633 0.081055
0 0.505859 0.836914 0.082031 0.134766
0 0.935547 0.172363 0.072266 0.069336
0 0.814453 0.028320 0.074219 0.056641
0 0.305664 0.423340 0.097656 0.073242
0 0.564453 0.654297 0.134766 0.150391
0 0.020508 0.032227 0.041016 0.062500
0 0.202148 0.521973 0.080078 0.180664
0 0.691895 0.750977 0.165039 0.142578
0 0.880859 0.323242 0.113281 0.222656
0 0.875977 0.614746 0.072266 0.145508
0 0.383301 0.729492 0.163086 0.230469
0 0.428223 0.373535 0.127930 0.122070
0 0.949219 0.027344 0.080078 0.054688
0 0.323242 0.899414 0.072266 0.169922
0 0.405762 0.090332 0.083008 0.124023
0 0.525879 0.280762 0.086914 0.112305
0 0.779785 0.795898 0.094727 0.177734
0 0.693848 0.972168 0.079102 0.055664
0 0.131836 0.264160 0.064453 0.084961
0 0.941895 0.534668 0.110352 0.069336
0 0.372070 0.613281 0.074219 0.072266
0 0.428223 0.036133 0.073242 0.062500
0 0.913574 0.428223 0.077148 0.083008
0 0.311035 0.079590 0.077148 0.059570
0 0.509766 0.956055 0.160156 0.087891
0 0.197266 0.588379 0.070312 0.131836
0 0.134766 0.955566 0.078125 0.088867
0 0.967285 0.613281 0.065430 0.072266
0 0.083496 0.969238 0.077148 0.061523
0 0.028320 0.727051 0.056641 0.120117
0 0.440918 0.956055 0.102539 0.087891
0 0.584473 0.876953 0.084961 0.134766
0 0.320801 0.193359 0.057617 0.062500
0 0.977051 0.345703 0.040039 0.132812
0 0.465820 0.524414 0.087891 0.080078
0 0.055176 0.915039 0.073242 0.119141
