0 0.105957 0.118164 0.211914 0.216797
0 0.094727 0.507324 0.150391 0.165039
0 0.599609 0.787109 0.144531 0.304688
0 0.741211 0.911133 0.128906 0.177734
0 0.737305 0.593750 0.144531 0.443359
0 0.943359 0.555664 0.107422 0.402344
0 0.326172 0.126953 0.142578 0.230469
0 0.653320 0.075684 0.152344 0.147461
0 0.105469 0.828125 0.210938 0.333984
0 0.084473 0.691895 0.100586 0.100586
0 0.180176 0.140137 0.190430 0.280273
0 0.812012 0.906738 0.094727 0.186523
0 0.183594 0.881348 0.089844 0.104492
0 0.695312 0.214844 0.123047 0.125000
0 0.539551 0.505859 0.108398 0.093750
