0 0.843750 0.111328 0.039062 0.048828
0 0.899902 0.203125 0.071289 0.056641
0 0.833984 0.185547 0.037109 0.046875
0 0.781738 0.014160 0.041992 0.028320
0 0.760742 0.057617 0.039062 0.039062
0 0.782227 0.184570 0.042969 0.042969
0 0.715820 0.177246 0.048828 0.041992
0 0.550781 0.331055 0.085938 0.037109
0 0.580078 0.028809 0.052734 0.055664
0 0.657715 0.018555 0.053711 0.037109
0 0.664062 0.045898 0.056641 0.039062
0 0.662598 0.105469 0.053711 0.052734
0 0.566895 0.135254 0.038086 0.043945
0 0.501953 0.181152 0.066406 0.075195
0 0.443848 0.181641 0.034180 0.044922
0 0.353516 0.137207 0.035156 0.047852
0 0.156250 0.182617 0.041016 0.039062
0 0.124023 0.173340 0.041016 0.067383
0 0.039062 0.087891 0.048828 0.048828
0 0.147461 0.501465 0.056641 0.040039
0 0.212891 0.593262 0.042969 0.071289
0 0.220215 0.780762 0.055664 0.065430
0 0.162598 0.819824 0.040039 0.069336
0 0.277832 0.790527 0.051758 0.047852
0 0.342773 0.617676 0.041016 0.047852
0 0.372070 0.647949 0.027344 0.032227
0 0.269531 0.625000 0.046875 0.062500
0 0.261719 0.544434 0.039062 0.051758
0 0.312012 0.416504 0.043945 0.043945
0 0.462402 0.487793 0.036133 0.092773
0 0.633789 0.478027 0.050781 0.040039
0 0.615723 0.550293 0.034180 0.040039
0 0.715820 0.628418 0.060547 0.075195
0 0.708008 0.675781 0.066406 0.039062
0 0.645508 0.709961 0.054688 0.060547
0 0.665039 0.736328 0.029297 0.042969
0 0.571289 0.716797 0.056641 0.042969
0 0.618164 0.838867 0.046875 0.066406
0 0.567871 0.818848 0.045898 0.053711
0 0.533203 0.764160 0.074219 0.051758
0 0.863281 0.766602 0.072266 0.050781
0 0.861816 0.705078 0.055664 0.072266
0 0.931152 0.479492 0.043945 0.048828
0 0.905762 0.467773 0.045898 0.050781
