0 0.498535 0.977051 0.069336 0.045898
0 0.602539 0.902832 0.062500 0.104492
0 0.683594 0.870117 0.091797 0.087891
0 0.979980 0.820801 0.040039 0.061523
0 0.940918 0.742188 0.077148 0.095703
0 0.979980 0.719238 0.040039 0.079102
0 0.826172 0.630371 0.066406 0.063477
0 0.470215 0.872070 0.100586 0.062500
0 0.374023 0.954102 0.101562 0.066406
0 0.548340 0.810547 0.090820 0.113281
0 0.488770 0.769043 0.051758 0.067383
0 0.605469 0.813965 0.064453 0.071289
0 0.909180 0.520508 0.070312 0.076172
0 0.969727 0.532715 0.060547 0.159180
0 0.863281 0.414062 0.115234 0.072266
0 0.973633 0.400391 0.050781 0.052734
0 0.963867 0.124512 0.072266 0.110352
0 0.884766 0.166992 0.078125 0.082031
0 0.781250 0.152344 0.142578 0.083984
0 0.770508 0.040527 0.083984 0.071289
0 0.720215 0.228027 0.125977 0.088867
0 0.653320 0.284180 0.058594 0.126953
0 0.584961 0.447266 0.095703 0.074219
0 0.552734 0.548340 0.060547 0.114258
0 0.520996 0.571777 0.057617 0.096680
0 0.398926 0.595215 0.081055 0.053711
0 0.319336 0.474609 0.068359 0.072266
0 0.407715 0.344727 0.069336 0.089844
0 0.370117 0.652832 0.093750 0.083008
0 0.300293 0.697266 0.065430 0.048828
0 0.309570 0.739746 0.080078 0.047852
0 0.314453 0.781738 0.060547 0.077148
0 0.357422 0.825195 0.078125 0.058594
0 0.258789 0.933105 0.089844 0.067383
0 0.173828 0.974609 0.060547 0.050781
0 0.062500 0.980469 0.111328 0.039062
0 0.065430 0.844727 0.056641 0.109375
0 0.106934 0.881348 0.045898 0.057617
0 0.029785 0.717773 0.059570 0.089844
0 0.203613 0.664062 0.061523 0.074219
0 0.053711 0.598145 0.080078 0.098633
0 0.125000 0.590332 0.082031 0.086914
0 0.055664 0.244141 0.078125 0.066406
0 0.049316 0.376465 0.069336 0.061523
0 0.116211 0.333984 0.054688 0.052734
0 0.220215 0.327148 0.129883 0.099609
0 0.256348 0.451172 0.059570 0.078125
0 0.019531 0.140625 0.039062 0.048828
0 0.176758 0.038086 0.050781 0.056641
0 0.259766 0.029297 0.125000 0.058594
0 0.394531 0.054199 0.076172 0.104492
0 0.479980 0.062988 0.081055 0.063477
0 0.373047 0.143555 0.107422 0.119141
0 0.375000 0.203613 0.080078 0.083008
0 0.436523 0.147461 0.068359 0.058594
0 0.461426 0.018555 0.104492 0.037109
0 0.954590 0.697754 0.047852 0.090820
0 0.678223 0.035645 0.069336 0.071289
0 0.115234 0.091797 0.066406 0.070312
0 0.093262 0.799805 0.077148 0.052734
0 0.986328 0.344238 0.027344 0.065430
0 0.939941 0.566406 0.059570 0.056641
0 0.118652 0.984863 0.073242 0.030273
0 0.012207 0.805176 0.024414 0.061523
