0 0.024902 0.946777 0.049805 0.081055
0 0.061523 0.830566 0.085938 0.092773
0 0.293457 0.783203 0.256836 0.136719
0 0.224609 0.931152 0.226562 0.086914
0 0.164551 0.945312 0.106445 0.109375
0 0.105957 0.625977 0.084961 0.189453
0 0.172363 0.597656 0.069336 0.146484
0 0.266113 0.623047 0.145508 0.132812
0 0.033203 0.508789 0.066406 0.070312
0 0.032227 0.565918 0.064453 0.096680
0 0.118652 0.417969 0.077148 0.064453
0 0.163086 0.332031 0.091797 0.060547
0 0.236328 0.255859 0.087891 0.078125
0 0.333008 0.181152 0.097656 0.075195
0 0.233887 0.130859 0.139648 0.152344
0 0.364746 0.043457 0.079102 0.086914
0 0.352051 0.359375 0.110352 0.103516
0 0.450195 0.279785 0.132812 0.071289
0 0.546387 0.359863 0.196289 0.065430
0 0.550293 0.296875 0.116211 0.119141
0 0.663086 0.146484 0.126953 0.087891
0 0.741211 0.069336 0.138672 0.130859
0 0.625977 0.558594 0.148438 0.142578
0 0.759277 0.578125 0.149414 0.107422
0 0.948242 0.714355 0.103516 0.084961
0 0.864746 0.773926 0.237305 0.110352
0 0.892090 0.894531 0.057617 0.062500
0 0.921387 0.957520 0.047852 0.077148
0 0.928711 0.956055 0.074219 0.087891
0 0.955566 0.850098 0.088867 0.059570
0 0.176270 0.803711 0.100586 0.167969
0 0.433105 0.417480 0.051758 0.079102
0 0.224121 0.821777 0.112305 0.081055
0 0.600098 0.188965 0.069336 0.071289
