0 0.100098 0.954590 0.065430 0.055664
0 0.022461 0.855957 0.044922 0.088867
0 0.033203 0.767578 0.066406 0.085938
0 0.010742 0.392090 0.021484 0.129883
0 0.116699 0.446777 0.067383 0.075195
0 0.030762 0.295898 0.061523 0.062500
0 0.076172 0.251465 0.074219 0.071289
0 0.110840 0.203125 0.047852 0.056641
0 0.917480 0.070312 0.108398 0.074219
0 0.843750 0.059082 0.083984 0.077148
0 0.841309 0.165527 0.084961 0.069336
0 0.701172 0.162109 0.072266 0.074219
0 0.978027 0.209961 0.043945 0.070312
0 0.977539 0.345215 0.044922 0.065430
0 0.971191 0.434082 0.057617 0.079102
0 0.966309 0.895996 0.067383 0.092773
0 0.858887 0.939453 0.081055 0.058594
0 0.925293 0.910645 0.077148 0.083008
0 0.854004 0.882324 0.098633 0.063477
0 0.880859 0.815918 0.080078 0.075195
0 0.407227 0.050293 0.162109 0.100586
0 0.736816 0.903320 0.067383 0.068359
0 0.766113 0.973633 0.094727 0.052734
0 0.702637 0.802734 0.108398 0.101562
0 0.635742 0.772949 0.080078 0.081055
0 0.578125 0.667480 0.074219 0.100586
0 0.797852 0.605469 0.068359 0.064453
0 0.867188 0.613770 0.066406 0.077148
0 0.762695 0.543945 0.097656 0.056641
0 0.839844 0.476562 0.070312 0.091797
0 0.804688 0.417969 0.123047 0.087891
0 0.802734 0.355469 0.060547 0.058594
0 0.745605 0.288086 0.083008 0.068359
0 0.651855 0.275879 0.096680 0.067383
0 0.648438 0.339355 0.058594 0.077148
0 0.589355 0.390137 0.129883 0.124023
0 0.488281 0.290527 0.064453 0.077148
0 0.526367 0.323242 0.076172 0.054688
0 0.437500 0.356445 0.123047 0.121094
0 0.381348 0.441406 0.053711 0.068359
0 0.446777 0.492188 0.090820 0.074219
0 0.521484 0.501953 0.083984 0.062500
0 0.572266 0.572266 0.138672 0.078125
0 0.419922 0.589355 0.091797 0.077148
0 0.422363 0.919434 0.135742 0.112305
0 0.691895 0.771973 0.049805 0.059570
0 0.503906 0.924316 0.080078 0.081055
0 0.614258 0.899902 0.072266 0.081055
0 0.470215 0.869629 0.110352 0.069336
0 0.443848 0.915039 0.077148 0.082031
0 0.322754 0.820801 0.100586 0.104492
0 0.401855 0.978027 0.139648 0.043945
0 0.255859 0.964355 0.115234 0.071289
0 0.717285 0.016113 0.127930 0.032227
0 0.506348 0.060059 0.083008 0.083008
0 0.309570 0.018555 0.099609 0.037109
0 0.611816 0.202148 0.069336 0.099609
0 0.828613 0.113281 0.112305 0.066406
0 0.053223 0.988281 0.038086 0.023438
0 0.027832 0.981445 0.055664 0.037109
0 0.570312 0.945801 0.095703 0.108398
0 0.558105 0.863281 0.106445 0.146484
0 0.747559 0.795410 0.057617 0.073242
0 0.795898 0.808105 0.060547 0.075195
0 0.647461 0.929688 0.054688 0.048828
0 0.648438 0.015625 0.048828 0.031250
