0 0.376465 0.032715 0.106445 0.065430
0 0.263184 0.046387 0.114258 0.084961
0 0.228027 0.208496 0.067383 0.084961
0 0.509277 0.046875 0.081055 0.052734
0 0.478516 0.111816 0.089844 0.127930
0 0.321289 0.394043 0.050781 0.057617
0 0.285645 0.483887 0.081055 0.079102
0 0.341309 0.516113 0.073242 0.077148
0 0.395996 0.483398 0.075195 0.062500
0 0.459961 0.401855 0.087891 0.063477
0 0.545410 0.502930 0.088867 0.070312
0 0.401367 0.597656 0.072266 0.109375
0 0.277344 0.571777 0.158203 0.096680
0 0.228027 0.615234 0.081055 0.056641
0 0.260254 0.685059 0.053711 0.053711
0 0.160156 0.654785 0.060547 0.053711
0 0.181641 0.739258 0.064453 0.082031
0 0.152832 0.823730 0.075195 0.163086
0 0.096680 0.910645 0.091797 0.096680
0 0.026367 0.854004 0.052734 0.102539
0 0.288574 0.794434 0.049805 0.106445
0 0.333496 0.785156 0.051758 0.068359
0 0.322754 0.705566 0.040039 0.055664
0 0.362793 0.690430 0.071289 0.082031
0 0.332520 0.640625 0.051758 0.060547
0 0.464844 0.731934 0.062500 0.092773
0 0.513184 0.732910 0.075195 0.114258
0 0.431641 0.808594 0.142578 0.154297
0 0.420410 0.869629 0.155273 0.067383
0 0.271484 0.953613 0.072266 0.081055
0 0.465820 0.959473 0.076172 0.081055
0 0.598633 0.923828 0.101562 0.068359
0 0.549316 0.972168 0.057617 0.045898
0 0.750000 0.940430 0.070312 0.068359
0 0.743652 0.978027 0.069336 0.043945
0 0.896973 0.934082 0.102539 0.081055
0 0.783203 0.800781 0.087891 0.062500
0 0.728027 0.657715 0.100586 0.069336
0 0.816895 0.620117 0.065430 0.109375
0 0.714355 0.520996 0.079102 0.104492
0 0.840332 0.537598 0.124023 0.067383
0 0.729004 0.401855 0.073242 0.079102
0 0.958496 0.426270 0.075195 0.075195
0 0.864258 0.173340 0.076172 0.213867
0 0.785645 0.256836 0.075195 0.146484
0 0.813477 0.215820 0.066406 0.095703
0 0.680176 0.196777 0.057617 0.120117
0 0.653809 0.273438 0.055664 0.080078
0 0.707031 0.095215 0.062500 0.127930
0 0.751465 0.099609 0.065430 0.093750
0 0.794434 0.062988 0.051758 0.065430
0 0.579590 0.044434 0.073242 0.088867
0 0.757324 0.013672 0.079102 0.027344
0 0.106445 0.966309 0.074219 0.067383
