0 0.147949 0.042969 0.084961 0.085938
0 0.016113 0.023926 0.032227 0.047852
0 0.678223 0.011230 0.081055 0.022461
0 0.908203 0.093750 0.097656 0.142578
0 0.665039 0.112305 0.095703 0.089844
0 0.363281 0.223633 0.099609 0.140625
0 0.341309 0.407715 0.092773 0.112305
0 0.031738 0.392090 0.063477 0.092773
0 0.648438 0.341797 0.140625 0.099609
0 0.855957 0.470703 0.151367 0.095703
0 0.638672 0.523438 0.089844 0.074219
0 0.490723 0.444824 0.086914 0.067383
0 0.472168 0.699219 0.176758 0.148438
0 0.155273 0.758301 0.083984 0.090820
0 0.033691 0.491211 0.067383 0.101562
0 0.045898 0.742676 0.091797 0.170898
0 0.011230 0.826660 0.022461 0.081055
0 0.257324 0.941895 0.116211 0.092773
0 0.382812 0.890137 0.121094 0.081055
0 0.412109 0.840332 0.093750 0.077148
0 0.583008 0.909668 0.097656 0.086914
0 0.818848 0.745605 0.061523 0.073242
0 0.924805 0.787598 0.099609 0.081055
0 0.869629 0.556152 0.090820 0.098633
0 0.065918 0.549316 0.067383 0.045898
