0 0.792969 0.443359 0.097656 0.162109
0 0.801270 0.635254 0.112305 0.116211
0 0.784180 0.121582 0.115234 0.084961
0 0.864258 0.707031 0.080078 0.089844
0 0.644531 0.217285 0.074219 0.075195
0 0.791992 0.271973 0.095703 0.120117
0 0.916016 0.079590 0.087891 0.069336
0 0.722168 0.683105 0.069336 0.157227
0 0.704102 0.836914 0.080078 0.099609
0 0.828125 0.000977 0.078125 0.001953
0 0.918457 0.193359 0.092773 0.097656
0 0.932129 0.295898 0.100586 0.070312
0 0.857910 0.469727 0.102539 0.105469
0 0.751465 0.574707 0.055664 0.135742
