0 0.348145 0.282227 0.071289 0.103516
0 0.121582 0.487305 0.079102 0.087891
0 0.589355 0.181641 0.088867 0.103516
0 0.967773 0.049805 0.064453 0.083984
0 0.942383 0.933594 0.072266 0.070312
0 0.572754 0.064453 0.104492 0.083984
0 0.228516 0.716797 0.080078 0.060547
0 0.973145 0.650879 0.053711 0.104492
0 0.710449 0.250488 0.073242 0.112305
0 0.056152 0.392578 0.104492 0.087891
0 0.672363 0.960938 0.077148 0.078125
0 0.144531 0.060059 0.058594 0.081055
0 0.281250 0.042480 0.078125 0.083008
0 0.678711 0.106445 0.078125 0.093750
0 0.119629 0.716797 0.106445 0.132812
0 0.843262 0.256836 0.094727 0.101562
0 0.977539 0.276855 0.044922 0.088867
0 0.583984 0.772949 0.082031 0.067383
0 0.453125 0.552734 0.080078 0.052734
0 0.291504 0.382812 0.061523 0.070312
0 0.837891 0.742188 0.054688 0.087891
0 0.882324 0.108398 0.083008 0.083984
0 0.844238 0.208496 0.059570 0.090820
0 0.240234 0.061035 0.048828 0.088867
0 0.742188 0.074219 0.085938 0.072266
0 0.386230 0.964355 0.084961 0.071289
0 0.182617 0.639160 0.119141 0.090820
0 0.102539 0.132812 0.083984 0.087891
0 0.620117 0.853027 0.148438 0.057617
0 0.307617 0.617676 0.087891 0.071289
0 0.720215 0.371582 0.071289 0.155273
0 0.772949 0.047363 0.047852 0.069336
0 0.335938 0.027344 0.080078 0.054688
0 0.811035 0.975098 0.059570 0.049805
0 0.077148 0.194336 0.062500 0.132812
0 0.287598 0.690430 0.059570 0.080078
0 0.884766 0.821777 0.056641 0.094727
0 0.966309 0.430176 0.067383 0.127930
0 0.490723 0.270996 0.055664 0.161133
0 0.208984 0.458496 0.074219 0.077148
0 0.135254 0.883301 0.065430 0.047852
0 0.380371 0.573242 0.057617 0.076172
0 0.574219 0.375488 0.050781 0.063477
0 0.495117 0.447266 0.074219 0.074219
0 0.641113 0.765625 0.040039 0.056641
0 0.555176 0.926270 0.047852 0.110352
0 0.653809 0.310059 0.032227 0.067383
0 0.029785 0.569336 0.055664 0.076172
0 0.911133 0.235840 0.054688 0.057617
0 0.397949 0.558105 0.069336 0.041992
0 0.909180 0.699219 0.046875 0.083984
0 0.062500 0.711426 0.062500 0.047852
0 0.342285 0.684082 0.065430 0.055664
0 0.571289 0.659180 0.042969 0.087891
0 0.604004 0.694336 0.065430 0.058594
0 0.398926 0.737793 0.045898 0.137695
0 0.855957 0.546875 0.036133 0.066406
0 0.377930 0.105469 0.037109 0.121094
0 0.712402 0.024902 0.057617 0.041992
0 0.334961 0.773926 0.058594 0.045898
0 0.042969 0.513184 0.083984 0.051758
0 0.929688 0.020996 0.025391 0.041992
0 0.551758 0.416992 0.044922 0.029297
0 0.021973 0.798340 0.043945 0.041992
0 0.661621 0.134766 0.036133 0.068359
0 0.604492 0.896973 0.025391 0.090820
0 0.754883 0.746094 0.039062 0.060547
0 0.977051 0.919434 0.043945 0.030273
0 0.428223 0.477051 0.038086 0.043945
0 0.281738 0.880371 0.166992 0.116211
0 0.675781 0.399902 0.087891 0.028320
0 0.210938 0.783691 0.041016 0.043945
0 0.657715 0.398926 0.122070 0.081055
0 0.067871 0.015625 0.043945 0.031250
0 0.625488 0.432129 0.034180 0.051758
0 0.460938 0.388672 0.035156 0.058594
0 0.481934 0.989258 0.065430 0.021484
0 0.418457 0.145508 0.043945 0.048828
0 0.031250 0.136230 0.050781 0.036133
0 0.227539 0.946289 0.062500 0.037109
0 0.749512 0.911621 0.075195 0.047852
