0 0.007324 0.553223 0.014648 0.081055
0 0.098145 0.534180 0.077148 0.093750
0 0.022949 0.423828 0.045898 0.132812
0 0.268066 0.332520 0.059570 0.061523
0 0.185059 0.650391 0.079102 0.152344
0 0.230957 0.567871 0.063477 0.094727
0 0.302246 0.673828 0.079102 0.160156
0 0.472656 0.674805 0.087891 0.126953
0 0.390625 0.437988 0.085938 0.100586
0 0.354004 0.509277 0.071289 0.077148
0 0.471191 0.495605 0.079102 0.073242
0 0.175293 0.909180 0.114258 0.123047
0 0.029297 0.956543 0.058594 0.086914
0 0.359375 0.908203 0.126953 0.105469
0 0.563477 0.959473 0.089844 0.081055
0 0.674316 0.762207 0.069336 0.190430
0 0.729980 0.740234 0.073242 0.146484
0 0.768555 0.697754 0.115234 0.145508
0 0.582031 0.546875 0.107422 0.140625
0 0.936035 0.854004 0.127930 0.086914
0 0.879395 0.631348 0.083008 0.090820
0 0.609863 0.360840 0.083008 0.100586
0 0.618652 0.177246 0.088867 0.090820
0 0.960449 0.406250 0.079102 0.097656
0 0.947754 0.036133 0.104492 0.072266
0 0.163574 0.020996 0.098633 0.041992
0 0.336426 0.030273 0.081055 0.060547
0 0.461914 0.022949 0.093750 0.045898
0 0.280273 0.074707 0.078125 0.057617
0 0.393555 0.078613 0.097656 0.112305
0 0.977051 0.645996 0.045898 0.161133
