0 0.204590 0.831055 0.159180 0.132812
0 0.908691 0.780762 0.182617 0.112305
0 0.864258 0.656738 0.189453 0.124023
0 0.305664 0.445801 0.197266 0.112305
0 0.261230 0.651855 0.127930 0.305664
0 0.331543 0.915527 0.084961 0.059570
0 0.055664 0.062500 0.111328 0.121094
0 0.548340 0.554199 0.438477 0.149414
0 0.955566 0.543457 0.088867 0.088867
0 0.904785 0.109375 0.190430 0.214844
0 0.457031 0.313477 0.214844 0.119141
0 0.206543 0.474609 0.407227 0.361328
0 0.031738 0.335449 0.063477 0.104492
0 0.908691 0.309570 0.147461 0.425781
0 0.321289 0.047852 0.097656 0.091797
0 0.057617 0.740723 0.113281 0.131836
0 0.645508 0.210938 0.371094 0.183594
0 0.958008 0.216797 0.083984 0.101562
