0 0.028320 0.123047 0.056641 0.072266
0 0.558105 0.129395 0.157227 0.084961
0 0.027344 0.470703 0.054688 0.091797
0 0.442383 0.056152 0.119141 0.092773
0 0.284668 0.610840 0.184570 0.112305
0 0.683105 0.638184 0.083008 0.086914
0 0.852051 0.948242 0.194336 0.091797
0 0.214844 0.110840 0.089844 0.092773
0 0.085449 0.754395 0.067383 0.075195
0 0.537109 0.527344 0.125000 0.115234
0 0.145996 0.911133 0.127930 0.107422
0 0.691895 0.459473 0.155273 0.094727
0 0.790527 0.080566 0.102539 0.067383
0 0.880859 0.418457 0.087891 0.102539
0 0.678223 0.039551 0.112305 0.079102
0 0.163086 0.154785 0.097656 0.075195
0 0.968262 0.870605 0.057617 0.067383
0 0.958496 0.544922 0.083008 0.082031
0 0.235840 0.660645 0.157227 0.067383
0 0.972168 0.785645 0.055664 0.118164
