0 0.167969 0.393555 0.056641 0.091797
0 0.131836 0.461426 0.082031 0.071289
0 0.059570 0.550293 0.068359 0.077148
0 0.164551 0.675781 0.057617 0.060547
0 0.336426 0.578613 0.081055 0.086914
0 0.386230 0.671875 0.106445 0.070312
0 0.460449 0.420898 0.084961 0.080078
0 0.485352 0.489258 0.076172 0.062500
0 0.548340 0.401855 0.084961 0.073242
0 0.692871 0.436035 0.088867 0.102539
0 0.747559 0.387695 0.061523 0.050781
0 0.765625 0.321289 0.080078 0.099609
0 0.710449 0.320312 0.065430 0.095703
0 0.782227 0.465820 0.093750 0.060547
0 0.843262 0.436523 0.059570 0.066406
0 0.843750 0.500488 0.072266 0.055664
0 0.893066 0.453125 0.081055 0.044922
0 0.892090 0.517090 0.075195 0.083008
0 0.781738 0.615234 0.077148 0.085938
0 0.960449 0.290527 0.065430 0.077148
0 0.518555 0.860840 0.074219 0.086914
0 0.684082 0.763184 0.071289 0.096680
0 0.816406 0.818848 0.078125 0.061523
0 0.729492 0.846680 0.097656 0.062500
0 0.744629 0.903809 0.071289 0.067383
0 0.440918 0.884277 0.067383 0.071289
0 0.325684 0.907715 0.057617 0.069336
0 0.272461 0.930176 0.064453 0.055664
0 0.271484 0.978516 0.050781 0.042969
0 0.313965 0.981934 0.071289 0.036133
0 0.932129 0.984863 0.079102 0.030273
0 0.965820 0.526367 0.068359 0.078125
0 0.881836 0.114258 0.070312 0.050781
0 0.914062 0.162598 0.080078 0.065430
0 0.034180 0.023926 0.066406 0.045898
0 0.823242 0.488281 0.066406 0.041016
0 0.829590 0.535645 0.049805 0.028320
0 0.990723 0.466797 0.018555 0.064453
0 0.727051 0.977051 0.045898 0.045898
0 0.015137 0.439453 0.030273 0.056641
0 0.012695 0.557617 0.025391 0.048828
