0 0.238770 0.301270 0.110352 0.198242
0 0.451172 0.383301 0.130859 0.145508
0 0.299316 0.326172 0.053711 0.039062
0 0.354492 0.164551 0.101562 0.049805
0 0.458984 0.075195 0.121094 0.150391
0 0.376953 0.063477 0.068359 0.052734
0 0.150391 0.148926 0.191406 0.094727
0 0.054688 0.384766 0.109375 0.132812
0 0.348145 0.532715 0.063477 0.139648
0 0.625977 0.449219 0.066406 0.119141
0 0.558105 0.371582 0.041992 0.049805
0 0.603027 0.284180 0.051758 0.066406
0 0.943359 0.274902 0.113281 0.063477
0 0.821289 0.205566 0.173828 0.161133
0 0.775879 0.528320 0.122070 0.185547
0 0.817383 0.626953 0.126953 0.078125
0 0.969727 0.530273 0.060547 0.093750
0 0.591309 0.663574 0.061523 0.190430
0 0.518066 0.705566 0.063477 0.168945
0 0.442383 0.730469 0.070312 0.144531
0 0.271973 0.745605 0.059570 0.086914
0 0.165527 0.699219 0.079102 0.103516
0 0.068848 0.796387 0.090820 0.145508
0 0.259766 0.897949 0.068359 0.071289
0 0.492676 0.955078 0.057617 0.089844
0 0.655273 0.756348 0.056641 0.063477
0 0.880859 0.956055 0.052734 0.083984
0 0.898438 0.817383 0.117188 0.164062
0 0.805176 0.799805 0.075195 0.162109
0 0.728516 0.790039 0.048828 0.125000
