0 0.990234 0.693359 0.019531 0.095703
0 0.704102 0.836914 0.066406 0.054688
0 0.753418 0.892578 0.077148 0.087891
0 0.886230 0.749512 0.045898 0.088867
0 0.853516 0.801758 0.052734 0.074219
0 0.922363 0.831055 0.065430 0.146484
0 0.762207 0.675781 0.059570 0.109375
0 0.719727 0.630859 0.062500 0.136719
0 0.747559 0.547363 0.057617 0.086914
0 0.659180 0.351562 0.117188 0.062500
0 0.719727 0.258789 0.054688 0.052734
0 0.555664 0.563477 0.062500 0.132812
0 0.615234 0.704590 0.076172 0.102539
0 0.505371 0.875000 0.083008 0.183594
0 0.567383 0.964844 0.070312 0.070312
0 0.162598 0.918457 0.124023 0.098633
0 0.184082 0.751465 0.120117 0.104492
0 0.252930 0.768555 0.068359 0.083984
0 0.384277 0.675781 0.069336 0.134766
0 0.405762 0.556152 0.047852 0.090820
0 0.440918 0.575684 0.051758 0.102539
0 0.154785 0.447266 0.063477 0.164062
0 0.095703 0.634277 0.083984 0.088867
0 0.043457 0.700684 0.086914 0.073242
0 0.061523 0.781738 0.064453 0.061523
0 0.175781 0.114746 0.080078 0.047852
0 0.091309 0.150391 0.057617 0.068359
0 0.029297 0.051270 0.058594 0.102539
0 0.652832 0.020020 0.088867 0.040039
0 0.501953 0.020996 0.109375 0.041992
0 0.549805 0.049316 0.136719 0.081055
0 0.625977 0.086426 0.076172 0.073242
0 0.822266 0.033691 0.089844 0.053711
0 0.924316 0.095703 0.104492 0.091797
0 0.944824 0.030273 0.079102 0.060547
0 0.729492 0.771484 0.066406 0.083984
0 0.828125 0.083496 0.056641 0.090820
