0 0.967773 0.804688 0.058594 0.093750
0 0.170410 0.466797 0.069336 0.103516
0 0.068848 0.547363 0.049805 0.083008
0 0.355469 0.296387 0.085938 0.098633
0 0.574219 0.473633 0.093750 0.082031
0 0.760742 0.600098 0.050781 0.081055
0 0.457031 0.369629 0.101562 0.124023
0 0.231445 0.113281 0.060547 0.080078
0 0.327148 0.550293 0.101562 0.061523
0 0.328125 0.134766 0.054688 0.078125
0 0.892578 0.929199 0.066406 0.061523
0 0.830078 0.871094 0.093750 0.046875
0 0.928223 0.493164 0.081055 0.066406
0 0.331543 0.920898 0.098633 0.107422
0 0.489258 0.855469 0.068359 0.058594
0 0.193848 0.112305 0.073242 0.062500
0 0.673340 0.156738 0.051758 0.096680
0 0.212891 0.191406 0.064453 0.066406
0 0.841309 0.054199 0.041992 0.108398
0 0.837891 0.809570 0.050781 0.085938
0 0.246094 0.948242 0.072266 0.052734
0 0.539062 0.582031 0.041016 0.072266
0 0.641113 0.768066 0.040039 0.083008
0 0.359863 0.508789 0.110352 0.062500
0 0.085449 0.227051 0.045898 0.069336
0 0.506836 0.020508 0.060547 0.033203
0 0.923828 0.411621 0.042969 0.075195
0 0.190430 0.585938 0.058594 0.042969
0 0.870117 0.082520 0.041016 0.153320
0 0.126953 0.152832 0.068359 0.067383
0 0.537598 0.288086 0.071289 0.048828
0 0.538574 0.828125 0.043945 0.060547
0 0.676270 0.644043 0.043945 0.067383
0 0.011230 0.188477 0.022461 0.126953
0 0.399902 0.244629 0.079102 0.038086
0 0.081055 0.496094 0.072266 0.046875
0 0.373047 0.981934 0.066406 0.034180
0 0.831543 0.247559 0.032227 0.055664
0 0.488770 0.966309 0.045898 0.067383
0 0.643555 0.599121 0.052734 0.043945
0 0.718262 0.844238 0.034180 0.137695
0 0.235352 0.816406 0.105469 0.054688
0 0.857422 0.506836 0.025391 0.070312
0 0.333984 0.513184 0.058594 0.055664
0 0.926270 0.506836 0.071289 0.054688
0 0.955566 0.324219 0.024414 0.052734
0 0.274902 0.639648 0.059570 0.027344
0 0.073242 0.966797 0.050781 0.054688
0 0.029785 0.917480 0.057617 0.045898
0 0.071289 0.330566 0.037109 0.065430
0 0.064941 0.849121 0.055664 0.018555
0 0.191406 0.652832 0.058594 0.034180
0 0.639648 0.837402 0.035156 0.059570
0 0.010254 0.915527 0.020508 0.028320
0 0.828613 0.345215 0.032227 0.040039
0 0.268066 0.943359 0.041992 0.023438
0 0.176270 0.209473 0.065430 0.043945
0 0.195312 0.244629 0.050781 0.069336
0 0.919922 0.576172 0.054688 0.027344
0 0.205566 0.115723 0.065430 0.077148
0 0.083008 0.896973 0.117188 0.049805
0 0.780762 0.893555 0.041992 0.068359
0 0.335449 0.713867 0.041992 0.050781
0 0.165527 0.699707 0.055664 0.030273
0 0.457031 0.657227 0.066406 0.041016
0 0.590332 0.731934 0.051758 0.034180
0 0.447266 0.788574 0.054688 0.038086
0 0.131348 0.739258 0.047852 0.021484
0 0.794922 0.483887 0.078125 0.061523
0 0.798828 0.827637 0.029297 0.034180
0 0.505371 0.917969 0.079102 0.060547
0 0.991211 0.554688 0.017578 0.070312
