0 0.733398 0.814941 0.107422 0.129883
0 0.098145 0.864746 0.157227 0.110352
0 0.854492 0.678223 0.099609 0.137695
0 0.489258 0.971191 0.099609 0.057617
0 0.268555 0.473145 0.132812 0.127930
0 0.491699 0.781738 0.094727 0.120117
0 0.939453 0.658203 0.074219 0.087891
0 0.143066 0.618652 0.102539 0.112305
0 0.593262 0.468262 0.083008 0.108398
0 0.347168 0.338379 0.084961 0.112305
0 0.476562 0.339844 0.087891 0.089844
0 0.070801 0.531738 0.092773 0.084961
0 0.329590 0.984863 0.094727 0.030273
0 0.986816 0.626953 0.026367 0.060547
0 0.413086 0.798340 0.087891 0.086914
0 0.523438 0.221680 0.082031 0.089844
0 0.263184 0.918457 0.077148 0.102539
0 0.389648 0.473145 0.080078 0.077148
0 0.998535 0.363281 0.002930 0.142578
0 0.250000 0.323242 0.125000 0.117188
0 0.971191 0.063477 0.057617 0.123047
0 0.855957 0.090820 0.127930 0.162109
0 0.745605 0.501953 0.083008 0.095703
0 0.139160 0.122070 0.120117 0.099609
0 0.750977 0.207031 0.087891 0.109375
0 0.581055 0.278320 0.072266 0.082031
0 0.457031 0.048340 0.095703 0.092773
0 0.888184 0.412109 0.102539 0.125000
0 0.094727 0.203613 0.169922 0.182617
0 0.904785 0.527344 0.065430 0.070312
0 0.654785 0.422852 0.073242 0.087891
0 0.159668 0.040527 0.094727 0.077148
0 0.332031 0.664551 0.085938 0.110352
0 0.985840 0.243164 0.028320 0.082031
0 0.725586 0.716797 0.107422 0.105469
0 0.715820 0.146973 0.087891 0.110352
0 0.463379 0.666992 0.112305 0.140625
0 0.757324 0.044434 0.084961 0.084961
0 0.062012 0.026855 0.100586 0.049805
0 0.218262 0.977051 0.073242 0.045898
0 0.600586 0.602051 0.080078 0.075195
0 0.400879 0.945801 0.067383 0.073242
0 0.166992 0.683105 0.064453 0.077148
0 0.939453 0.210938 0.064453 0.097656
0 0.959473 0.300781 0.069336 0.078125
0 0.039551 0.977051 0.075195 0.045898
0 0.579590 0.664551 0.055664 0.055664
0 0.040527 0.620605 0.077148 0.102539
0 0.433105 0.574707 0.086914 0.110352
0 0.934570 0.443359 0.074219 0.078125
0 0.621094 0.022461 0.066406 0.044922
0 0.748535 0.673340 0.067383 0.092773
0 0.906738 0.107910 0.049805 0.102539
0 0.673340 0.370117 0.045898 0.074219
0 0.479004 0.439453 0.051758 0.042969
0 0.678223 0.624512 0.096680 0.065430
0 0.662109 0.707031 0.074219 0.060547
0 0.389648 0.825684 0.099609 0.083008
0 0.355469 0.604492 0.062500 0.044922
