0 0.272949 0.039062 0.053711 0.078125
0 0.706055 0.117676 0.064453 0.094727
0 0.274414 0.519531 0.066406 0.089844
0 0.130859 0.453613 0.076172 0.081055
0 0.435059 0.136719 0.040039 0.080078
0 0.930176 0.960938 0.084961 0.078125
0 0.423340 0.853027 0.034180 0.114258
0 0.411621 0.242676 0.047852 0.073242
0 0.283203 0.748535 0.066406 0.112305
0 0.241699 0.223145 0.073242 0.051758
0 0.124023 0.162109 0.130859 0.068359
0 0.230957 0.952148 0.067383 0.062500
0 0.742676 0.215820 0.049805 0.066406
0 0.074707 0.525391 0.057617 0.091797
0 0.783691 0.314453 0.053711 0.072266
0 0.613770 0.031250 0.061523 0.062500
0 0.050293 0.751465 0.100586 0.053711
0 0.615723 0.555664 0.043945 0.072266
0 0.808594 0.479980 0.035156 0.124023
0 0.349609 0.099609 0.033203 0.101562
0 0.127930 0.537598 0.068359 0.051758
0 0.183105 0.854980 0.118164 0.094727
0 0.214355 0.813965 0.063477 0.063477
0 0.007324 0.496582 0.014648 0.040039
0 0.701660 0.294922 0.079102 0.041016
0 0.010254 0.284180 0.020508 0.046875
0 0.866699 0.818848 0.065430 0.043945
0 0.488770 0.026855 0.047852 0.051758
0 0.937012 0.756836 0.055664 0.066406
0 0.361328 0.543945 0.060547 0.041016
0 0.017578 0.818848 0.035156 0.038086
0 0.022949 0.244141 0.045898 0.066406
0 0.083008 0.176270 0.070312 0.063477
0 0.623535 0.227539 0.055664 0.052734
0 0.044434 0.554199 0.036133 0.125977
0 0.127930 0.585938 0.083984 0.035156
0 0.655762 0.165527 0.065430 0.041992
0 0.100098 0.217773 0.075195 0.050781
0 0.067383 0.897461 0.042969 0.033203
0 0.046387 0.926758 0.065430 0.044922
0 0.932129 0.818359 0.051758 0.072266
0 0.446777 0.318359 0.049805 0.058594
0 0.489258 0.635742 0.039062 0.068359
0 0.817383 0.306152 0.027344 0.071289
0 0.748047 0.938965 0.056641 0.036133
0 0.150879 0.942871 0.063477 0.059570
0 0.586426 0.523438 0.032227 0.064453
0 0.627246 0.820654 0.051563 0.106738
0 0.710938 0.537598 0.041016 0.065430
0 0.358398 0.629395 0.058594 0.057617
0 0.706055 0.978516 0.052734 0.042969
0 0.655762 0.950195 0.043945 0.042969
0 0.212402 0.115234 0.028320 0.076172
0 0.773926 0.497070 0.047852 0.058594
0 0.787598 0.715332 0.032227 0.040039
0 0.547852 0.609863 0.046875 0.055664
0 0.775391 0.093262 0.027344 0.049805
0 0.610352 0.758789 0.050781 0.039062
0 0.848145 0.590332 0.040039 0.049805
0 0.301758 0.007812 0.031250 0.015625
0 0.125977 0.013184 0.091797 0.026367
0 0.052246 0.018066 0.073242 0.036133
0 0.140137 0.312988 0.045898 0.034180
0 0.593262 0.867188 0.053711 0.046875
0 0.648438 0.376465 0.087891 0.055664
0 0.815430 0.592285 0.035156 0.053711
0 0.557617 0.014648 0.058594 0.029297
