0 0.787109 0.549805 0.089844 0.080078
0 0.740723 0.043457 0.067383 0.086914
0 0.672363 0.529785 0.075195 0.075195
0 0.837402 0.134766 0.084961 0.125000
0 0.535645 0.889160 0.088867 0.071289
0 0.770508 0.272461 0.087891 0.080078
0 0.679199 0.908203 0.075195 0.107422
0 0.953613 0.774414 0.092773 0.080078
0 0.634766 0.181641 0.093750 0.091797
0 0.838379 0.400879 0.067383 0.073242
0 0.837402 0.926758 0.084961 0.089844
0 0.956055 0.024902 0.087891 0.049805
0 0.837402 0.669434 0.129883 0.065430
0 0.642090 0.032227 0.090820 0.064453
0 0.464355 0.650879 0.075195 0.086914
0 0.557129 0.442383 0.084961 0.089844
0 0.653320 0.662109 0.087891 0.097656
0 0.919434 0.044434 0.055664 0.059570
0 0.468262 0.562012 0.086914 0.094727
0 0.434570 0.417480 0.070312 0.084961
0 0.759766 0.382324 0.070312 0.094727
0 0.665527 0.439453 0.077148 0.064453
0 0.563477 0.611816 0.072266 0.104492
0 0.562012 0.707031 0.069336 0.074219
0 0.939453 0.828125 0.080078 0.078125
