0 0.747070 0.296387 0.042969 0.061523
0 0.902344 0.702148 0.070312 0.093750
0 0.390137 0.604492 0.055664 0.109375
0 0.851074 0.549805 0.041992 0.082031
0 0.210938 0.830566 0.093750 0.041992
0 0.342773 0.546387 0.046875 0.120117
0 0.137207 0.170410 0.047852 0.084961
0 0.782227 0.034180 0.027344 0.060547
0 0.804199 0.504395 0.040039 0.069336
0 0.014160 0.399414 0.026367 0.052734
0 0.489258 0.243164 0.064453 0.064453
0 0.351074 0.381348 0.047852 0.075195
0 0.088867 0.750488 0.050781 0.055664
0 0.903809 0.361328 0.096680 0.041016
0 0.082031 0.587402 0.076172 0.081055
0 0.714355 0.475586 0.053711 0.062500
0 0.643066 0.699707 0.045898 0.061523
0 0.247559 0.275391 0.049805 0.078125
0 0.626953 0.091309 0.052734 0.053711
0 0.480469 0.783203 0.056641 0.052734
0 0.011719 0.030762 0.023438 0.043945
0 0.841797 0.018555 0.029297 0.037109
0 0.145508 0.082520 0.054688 0.069336
0 0.336426 0.817871 0.065430 0.053711
0 0.326172 0.506836 0.060547 0.066406
0 0.764160 0.098145 0.045898 0.053711
0 0.926270 0.189941 0.061523 0.081055
0 0.886719 0.510254 0.035156 0.059570
0 0.880859 0.638184 0.048828 0.059570
0 0.020508 0.607422 0.041016 0.054688
0 0.559082 0.637207 0.036133 0.079102
0 0.045410 0.825195 0.047852 0.060547
0 0.739746 0.784668 0.053711 0.049805
0 0.578125 0.543945 0.042969 0.052734
0 0.174316 0.742676 0.045898 0.065430
0 0.148926 0.558594 0.040039 0.058594
0 0.163086 0.625000 0.062500 0.046875
0 0.563965 0.424805 0.083008 0.064453
0 0.185059 0.024902 0.045898 0.049805
0 0.075684 0.811035 0.092773 0.032227
0 0.059570 0.545898 0.078125 0.070312
0 0.030273 0.513672 0.031250 0.093750
0 0.024902 0.660645 0.041992 0.071289
0 0.475586 0.314941 0.078125 0.086914
0 0.203125 0.714844 0.072266 0.042969
0 0.472168 0.581543 0.043945 0.049805
0 0.698730 0.506836 0.030273 0.054688
0 0.874512 0.387207 0.055664 0.047852
0 0.440918 0.912598 0.053711 0.057617
0 0.765137 0.421387 0.038086 0.067383
0 0.881348 0.803711 0.041992 0.058594
0 0.234375 0.561523 0.048828 0.062500
0 0.209473 0.534668 0.081055 0.053711
0 0.961914 0.731934 0.044922 0.057617
0 0.099609 0.868164 0.046875 0.052734
0 0.076660 0.098145 0.043945 0.071289
0 0.229980 0.009277 0.051758 0.018555
0 0.796387 0.205566 0.053711 0.055664
0 0.853516 0.118652 0.064453 0.090820
0 0.583008 0.455078 0.058594 0.052734
0 0.358398 0.864746 0.066406 0.073242
0 0.510254 0.956055 0.069336 0.058594
0 0.455566 0.977539 0.079102 0.044922
0 0.109375 0.945801 0.078125 0.055664
0 0.013672 0.982422 0.027344 0.035156
0 0.737793 0.898926 0.086914 0.071289
0 0.820312 0.972656 0.062500 0.054688
0 0.897461 0.894531 0.044922 0.087891
