0 0.395996 0.033691 0.086914 0.067383
0 0.592773 0.898926 0.082031 0.055664
0 0.607422 0.483887 0.097656 0.100586
0 0.020508 0.225586 0.041016 0.064453
0 0.686523 0.462891 0.156250 0.136719
0 0.020996 0.776367 0.041992 0.080078
0 0.460449 0.426270 0.073242 0.090820
0 0.936035 0.372559 0.090820 0.100586
0 0.378906 0.596191 0.107422 0.100586
0 0.526367 0.902832 0.068359 0.057617
0 0.030273 0.163086 0.060547 0.097656
0 0.558594 0.976562 0.087891 0.046875
0 0.439453 0.071289 0.064453 0.070312
0 0.825684 0.885742 0.106445 0.166016
0 0.372070 0.296875 0.080078 0.078125
0 0.294434 0.080566 0.077148 0.075195
0 0.271973 0.559570 0.084961 0.087891
0 0.473145 0.222656 0.055664 0.066406
0 0.329590 0.390625 0.083008 0.080078
0 0.399902 0.809082 0.092773 0.090820
0 0.586426 0.720215 0.083008 0.075195
0 0.448242 0.897461 0.082031 0.076172
0 0.191406 0.027832 0.087891 0.055664
0 0.695312 0.188477 0.119141 0.080078
0 0.032715 0.399414 0.065430 0.095703
0 0.531250 0.291504 0.076172 0.083008
0 0.022461 0.917969 0.044922 0.076172
0 0.967285 0.735840 0.065430 0.081055
0 0.925293 0.143555 0.079102 0.064453
0 0.973145 0.121094 0.053711 0.056641
0 0.982422 0.013184 0.035156 0.026367
0 0.378906 0.238281 0.054688 0.058594
0 0.578125 0.429199 0.076172 0.073242
