0 0.875977 0.673340 0.089844 0.067383
0 0.200684 0.300781 0.075195 0.087891
0 0.143555 0.443848 0.080078 0.092773
0 0.518066 0.033691 0.053711 0.067383
0 0.335449 0.725098 0.077148 0.073242
0 0.142090 0.392090 0.083008 0.100586
0 0.814941 0.205078 0.094727 0.123047
0 0.985840 0.348633 0.028320 0.054688
0 0.327637 0.196289 0.100586 0.066406
0 0.764160 0.116699 0.075195 0.084961
0 0.841309 0.365234 0.073242 0.107422
0 0.955566 0.363770 0.088867 0.069336
0 0.270020 0.033203 0.081055 0.066406
0 0.248535 0.391113 0.090820 0.059570
0 0.684082 0.373047 0.065430 0.095703
0 0.034180 0.540039 0.066406 0.062500
0 0.535156 0.510742 0.121094 0.048828
0 0.482422 0.282715 0.087891 0.100586
0 0.638184 0.791992 0.047852 0.062500
0 0.368164 0.535645 0.093750 0.045898
0 0.419922 0.479492 0.105469 0.050781
0 0.321777 0.155273 0.081055 0.064453
0 0.821777 0.484375 0.059570 0.048828
0 0.219727 0.182617 0.072266 0.048828
0 0.851074 0.131836 0.073242 0.050781
0 0.956055 0.630859 0.068359 0.052734
0 0.472656 0.063477 0.064453 0.050781
0 0.432129 0.829590 0.065430 0.041992
0 0.111816 0.736816 0.118164 0.049805
0 0.496094 0.575195 0.099609 0.037109
0 0.495117 0.905762 0.044922 0.079102
0 0.802246 0.381348 0.092773 0.057617
0 0.172363 0.036621 0.098633 0.073242
0 0.774902 0.390625 0.084961 0.054688
0 0.955566 0.489258 0.088867 0.046875
0 0.031738 0.723145 0.063477 0.049805
0 0.542969 0.984375 0.060547 0.031250
0 0.637695 0.375488 0.076172 0.059570
0 0.025391 0.754883 0.050781 0.062500
0 0.285645 0.455078 0.100586 0.039062
0 0.424316 0.403320 0.043945 0.117188
0 0.832031 0.757324 0.097656 0.075195
0 0.738770 0.137695 0.065430 0.041016
0 0.904785 0.364258 0.041992 0.056641
0 0.898926 0.770020 0.143555 0.047852
0 0.100098 0.514160 0.129883 0.041992
0 0.719238 0.193359 0.040039 0.060547
0 0.945801 0.932617 0.108398 0.039062
0 0.298828 0.643066 0.107422 0.030273
0 0.187988 0.811523 0.124023 0.046875
0 0.791016 0.763184 0.066406 0.047852
0 0.348145 0.985352 0.086914 0.029297
0 0.310059 0.935547 0.075195 0.039062
0 0.295898 0.579590 0.099609 0.032227
0 0.529785 0.616211 0.079102 0.037109
0 0.661133 0.925293 0.056641 0.032227
0 0.237305 0.060547 0.089844 0.046875
0 0.773438 0.930176 0.070312 0.036133
0 0.314941 0.033691 0.057617 0.041992
0 0.289551 0.490234 0.125977 0.037109
0 0.436523 0.895020 0.080078 0.036133
0 0.084961 0.437012 0.082031 0.034180
0 0.842773 0.834961 0.072266 0.033203
0 0.905273 0.750977 0.111328 0.046875
0 0.766602 0.805176 0.099609 0.075195
0 0.712402 0.775391 0.079102 0.056641
0 0.915527 0.463867 0.067383 0.052734
0 0.309570 0.483398 0.099609 0.044922
0 0.268066 0.375488 0.092773 0.045898
0 0.326172 0.054199 0.052734 0.034180
0 0.196777 0.013672 0.045898 0.027344
0 0.636719 0.572754 0.046875 0.038086
0 0.104004 0.867188 0.069336 0.048828
