0 0.823242 0.500488 0.091797 0.077148
0 0.394531 0.539551 0.109375 0.075195
0 0.318359 0.672363 0.107422 0.094727
0 0.514160 0.287109 0.129883 0.080078
0 0.899414 0.599609 0.070312 0.080078
0 0.519043 0.029297 0.067383 0.058594
0 0.404785 0.266602 0.075195 0.080078
0 0.149902 0.211914 0.075195 0.060547
0 0.922363 0.938477 0.075195 0.072266
0 0.318359 0.825684 0.064453 0.069336
0 0.259766 0.504883 0.080078 0.089844
0 0.083496 0.471191 0.110352 0.084961
0 0.569824 0.951660 0.079102 0.084961
0 0.835938 0.884277 0.062500 0.065430
0 0.614746 0.398438 0.075195 0.072266
0 0.668457 0.954102 0.092773 0.080078
