0 0.990234 0.180664 0.019531 0.085938
0 0.718262 0.170898 0.063477 0.107422
0 0.470215 0.204102 0.071289 0.082031
0 0.938965 0.972168 0.118164 0.055664
0 0.885742 0.391113 0.062500 0.069336
0 0.414551 0.383301 0.057617 0.094727
0 0.636719 0.886719 0.085938 0.062500
0 0.320801 0.709473 0.061523 0.071289
0 0.532715 0.191895 0.069336 0.081055
0 0.187988 0.603516 0.102539 0.056641
0 0.127441 0.221680 0.104492 0.142578
0 0.594238 0.211426 0.100586 0.092773
0 0.645508 0.787109 0.089844 0.041016
0 0.904785 0.210938 0.061523 0.068359
0 0.438477 0.044434 0.072266 0.051758
0 0.622070 0.950195 0.093750 0.089844
0 0.497070 0.967285 0.058594 0.061523
0 0.038086 0.793457 0.072266 0.065430
0 0.644043 0.497070 0.094727 0.044922
0 0.528320 0.253418 0.046875 0.081055
0 0.831543 0.968750 0.075195 0.062500
0 0.549805 0.063477 0.080078 0.050781
0 0.509766 0.571289 0.070312 0.058594
0 0.753906 0.739258 0.095703 0.044922
0 0.892090 0.861328 0.081055 0.046875
0 0.967285 0.667969 0.065430 0.033203
0 0.458008 0.486328 0.044922 0.064453
0 0.775879 0.569824 0.116211 0.061523
0 0.592773 0.051758 0.074219 0.050781
0 0.380859 0.586426 0.072266 0.065430
0 0.030273 0.015625 0.058594 0.031250
0 0.286133 0.954102 0.078125 0.050781
0 0.991699 0.882812 0.016602 0.060547
0 0.781738 0.357422 0.065430 0.052734
0 0.524414 0.328613 0.062500 0.053711
0 0.026855 0.917480 0.053711 0.036133
0 0.030273 0.073242 0.058594 0.041016
0 0.146484 0.278320 0.099609 0.039062
0 0.862793 0.077148 0.049805 0.076172
0 0.419434 0.642090 0.071289 0.053711
0 0.852539 0.910156 0.076172 0.044922
0 0.714355 0.621582 0.063477 0.071289
0 0.420410 0.539551 0.094727 0.075195
0 0.760254 0.060059 0.051758 0.067383
0 0.739258 0.912109 0.087891 0.039062
0 0.749512 0.019043 0.041992 0.038086
0 0.703125 0.259277 0.068359 0.069336
0 0.479004 0.352051 0.059570 0.028320
0 0.143555 0.838379 0.085938 0.034180
0 0.153320 0.742188 0.076172 0.048828
0 0.038574 0.986816 0.073242 0.022461
0 0.188965 0.932129 0.075195 0.028320
0 0.115723 0.647461 0.084961 0.029297
0 0.347168 0.841797 0.073242 0.054688
0 0.675293 0.013672 0.043945 0.027344
0 0.494141 0.696289 0.064453 0.039062
0 0.750000 0.874512 0.052734 0.047852
0 0.399902 0.546875 0.081055 0.078125
0 0.331543 0.254883 0.071289 0.056641
0 0.279785 0.925781 0.069336 0.033203
0 0.903809 0.746094 0.090820 0.031250
0 0.626465 0.845703 0.069336 0.046875
0 0.124512 0.859863 0.131836 0.118164
0 0.910156 0.012207 0.058594 0.024414
0 0.262207 0.021973 0.053711 0.043945
0 0.951660 0.829102 0.045898 0.054688
0 0.665039 0.659668 0.066406 0.053711
0 0.249023 0.863770 0.125000 0.055664
0 0.875000 0.264160 0.068359 0.045898
0 0.117188 0.697754 0.109375 0.051758
0 0.406250 0.869629 0.072266 0.049805
0 0.446289 0.932129 0.064453 0.081055
0 0.269531 0.635254 0.070312 0.053711
0 0.087402 0.896973 0.096680 0.016602
0 0.445801 0.014648 0.040039 0.029297
0 0.557129 0.015625 0.047852 0.031250
0 0.421387 0.655273 0.073242 0.050781
0 0.078613 0.648438 0.051758 0.050781
0 0.017090 0.679688 0.032227 0.044922
0 0.919922 0.576660 0.058594 0.016602
0 0.879395 0.659668 0.053711 0.047852
0 0.702148 0.848633 0.050781 0.042969
0 0.787598 0.989258 0.045898 0.017578
0 0.847656 0.252441 0.078125 0.075195
0 0.813965 0.852539 0.071289 0.048828
