0 0.084961 0.070312 0.109375 0.109375
0 0.224121 0.042480 0.092773 0.075195
0 0.342773 0.083496 0.070312 0.073242
0 0.292969 0.145020 0.134766 0.151367
0 0.144531 0.152344 0.078125 0.083984
0 0.149414 0.339844 0.085938 0.152344
0 0.294434 0.403809 0.057617 0.069336
0 0.226562 0.478027 0.156250 0.090820
0 0.327148 0.315918 0.046875 0.069336
0 0.175293 0.589844 0.104492 0.072266
0 0.037109 0.591309 0.074219 0.083008
0 0.197754 0.961426 0.110352 0.073242
0 0.360840 0.591797 0.135742 0.128906
0 0.300293 0.676758 0.090820 0.089844
0 0.437988 0.364258 0.065430 0.068359
0 0.385742 0.269531 0.066406 0.062500
0 0.460938 0.135742 0.130859 0.099609
0 0.407715 0.072754 0.065430 0.049805
0 0.515137 0.253418 0.100586 0.102539
0 0.602051 0.210938 0.063477 0.066406
0 0.676758 0.183594 0.097656 0.128906
0 0.813477 0.168457 0.125000 0.081055
0 0.790527 0.252441 0.075195 0.116211
0 0.580566 0.434570 0.073242 0.082031
0 0.498535 0.610352 0.104492 0.150391
0 0.591309 0.810547 0.090820 0.136719
0 0.533203 0.789551 0.085938 0.083008
0 0.684570 0.665527 0.123047 0.098633
0 0.653809 0.589844 0.077148 0.070312
0 0.847168 0.720703 0.086914 0.144531
0 0.786621 0.906250 0.168945 0.132812
0 0.593262 0.022949 0.077148 0.045898
0 0.667480 0.024902 0.083008 0.043945
0 0.662109 0.073242 0.093750 0.052734
0 0.943848 0.566406 0.083008 0.083984
0 0.970703 0.980469 0.052734 0.039062
