0 0.204590 0.666016 0.110352 0.062500
0 0.068359 0.102051 0.136719 0.084961
0 0.480469 0.983398 0.117188 0.033203
0 0.053711 0.196777 0.107422 0.094727
0 0.241699 0.481934 0.075195 0.065430
0 0.570801 0.514648 0.092773 0.095703
0 0.656738 0.913574 0.110352 0.067383
0 0.223633 0.579590 0.083984 0.090820
0 0.392090 0.751953 0.100586 0.050781
0 0.425781 0.538574 0.087891 0.067383
0 0.275879 0.958496 0.122070 0.077148
0 0.446777 0.375000 0.174805 0.125000
0 0.434082 0.925781 0.084961 0.042969
0 0.735352 0.511719 0.142578 0.080078
0 0.602051 0.125977 0.174805 0.126953
0 0.476074 0.868164 0.137695 0.062500
0 0.156738 0.838379 0.084961 0.086914
0 0.363281 0.065918 0.126953 0.122070
0 0.022949 0.335938 0.045898 0.064453
0 0.837891 0.981934 0.130859 0.036133
0 0.443359 0.262207 0.113281 0.094727
0 0.604492 0.574707 0.119141 0.059570
0 0.883301 0.800781 0.153320 0.082031
0 0.735840 0.578613 0.118164 0.067383
0 0.793457 0.643066 0.202148 0.092773
0 0.594238 0.293457 0.120117 0.067383
0 0.499512 0.179688 0.114258 0.125000
0 0.552246 0.076660 0.104492 0.120117
0 0.758301 0.124512 0.092773 0.104492
0 0.732422 0.424316 0.089844 0.040039
0 0.869629 0.119629 0.084961 0.139648
0 0.834473 0.055664 0.135742 0.087891
0 0.441895 0.712891 0.129883 0.062500
0 0.874512 0.564941 0.104492 0.040039
0 0.835938 0.373535 0.087891 0.032227
0 0.907227 0.408203 0.105469 0.078125
0 0.923340 0.741699 0.127930 0.030273
0 0.781738 0.779785 0.139648 0.084961
0 0.879883 0.887207 0.115234 0.065430
0 0.622559 0.983398 0.083008 0.033203
0 0.879395 0.957031 0.104492 0.050781
0 0.339844 0.254395 0.080078 0.065430
