0 0.534180 0.303223 0.066406 0.077148
0 0.608887 0.570801 0.084961 0.065430
0 0.567871 0.144531 0.073242 0.076172
0 0.866699 0.062500 0.071289 0.072266
0 0.615723 0.730957 0.090820 0.067383
0 0.170410 0.099121 0.065430 0.065430
0 0.408203 0.289551 0.115234 0.067383
0 0.384766 0.157715 0.078125 0.059570
0 0.735352 0.288086 0.121094 0.070312
0 0.847168 0.336914 0.069336 0.085938
0 0.823242 0.159180 0.054688 0.101562
0 0.711426 0.164062 0.075195 0.068359
0 0.249512 0.664551 0.090820 0.073242
0 0.729492 0.596191 0.113281 0.065430
0 0.591309 0.437988 0.092773 0.090820
0 0.595703 0.321289 0.054688 0.068359
0 0.508789 0.935059 0.085938 0.051758
0 0.208984 0.389160 0.101562 0.077148
0 0.416016 0.406250 0.062500 0.042969
0 0.366699 0.026855 0.071289 0.053711
0 0.506836 0.220703 0.048828 0.066406
0 0.700684 0.742188 0.083008 0.050781
0 0.879883 0.496094 0.087891 0.048828
0 0.969238 0.323730 0.061523 0.055664
0 0.514160 0.686523 0.071289 0.066406
0 0.533691 0.024414 0.051758 0.048828
0 0.397461 0.204102 0.060547 0.041016
0 0.411133 0.671875 0.046875 0.062500
0 0.437012 0.730469 0.122070 0.052734
0 0.729980 0.909668 0.110352 0.038086
0 0.605957 0.684082 0.053711 0.065430
0 0.956543 0.264160 0.055664 0.063477
0 0.340820 0.714844 0.058594 0.033203
0 0.931641 0.210938 0.042969 0.078125
0 0.208984 0.024414 0.080078 0.044922
0 0.947266 0.793457 0.101562 0.053711
0 0.684082 0.981934 0.041992 0.036133
0 0.701172 0.691406 0.156250 0.064453
0 0.852539 0.745605 0.099609 0.075195
0 0.250000 0.742676 0.179688 0.059570
0 0.971191 0.707031 0.057617 0.060547
0 0.021973 0.452148 0.043945 0.033203
0 0.654297 0.019043 0.074219 0.038086
0 0.945801 0.654297 0.051758 0.056641
0 0.500977 0.982910 0.044922 0.034180
0 0.053711 0.695801 0.076172 0.053711
0 0.128906 0.385254 0.109375 0.036133
0 0.423828 0.636719 0.054688 0.035156
0 0.210449 0.481445 0.112305 0.042969
0 0.625000 0.500488 0.107422 0.045898
0 0.544922 0.387207 0.056641 0.036133
0 0.116699 0.682617 0.125977 0.041016
0 0.036621 0.091797 0.073242 0.025391
0 0.072266 0.503418 0.070312 0.038086
0 0.062012 0.650879 0.094727 0.043945
0 0.047852 0.160156 0.095703 0.068359
0 0.716309 0.176758 0.065430 0.064453
0 0.625488 0.026855 0.102539 0.053711
0 0.133789 0.428711 0.050781 0.037109
0 0.125000 0.745117 0.109375 0.060547
0 0.100098 0.767090 0.053711 0.047852
0 0.041504 0.772949 0.083008 0.041992
0 0.896484 0.725098 0.046875 0.032227
0 0.719727 0.619629 0.062500 0.049805
0 0.718262 0.010742 0.059570 0.021484
