0 0.069336 0.287598 0.128906 0.077148
0 0.375488 0.555176 0.118164 0.057617
0 0.709473 0.205078 0.088867 0.066406
0 0.216309 0.614258 0.139648 0.060547
0 0.444824 0.236328 0.125977 0.070312
0 0.437988 0.504883 0.145508 0.048828
0 0.359863 0.299805 0.120117 0.062500
0 0.142578 0.914062 0.154297 0.052734
0 0.103516 0.133789 0.107422 0.039062
0 0.303223 0.027344 0.094727 0.042969
0 0.881836 0.703125 0.105469 0.068359
0 0.530762 0.588867 0.116211 0.056641
0 0.827637 0.119141 0.114258 0.080078
0 0.347656 0.157227 0.066406 0.076172
0 0.346191 0.892578 0.124023 0.039062
0 0.598145 0.437500 0.100586 0.044922
0 0.763184 0.393555 0.049805 0.097656
0 0.475098 0.882812 0.137695 0.048828
0 0.730469 0.729004 0.144531 0.077148
0 0.067871 0.940430 0.124023 0.054688
0 0.345703 0.935059 0.105469 0.073242
0 0.706055 0.833984 0.166016 0.050781
0 0.977051 0.458984 0.045898 0.046875
0 0.638672 0.897461 0.089844 0.048828
0 0.712891 0.255859 0.080078 0.041016
0 0.270996 0.148926 0.127930 0.045898
0 0.098633 0.765625 0.142578 0.062500
0 0.291992 0.332520 0.107422 0.041992
0 0.939941 0.782715 0.120117 0.059570
0 0.696777 0.377930 0.071289 0.037109
0 0.242676 0.802734 0.147461 0.060547
0 0.957031 0.676270 0.085938 0.045898
0 0.638672 0.256348 0.083984 0.073242
0 0.172363 0.876953 0.124023 0.042969
0 0.176270 0.696289 0.114258 0.080078
0 0.565430 0.236816 0.115234 0.063477
0 0.389160 0.195312 0.143555 0.039062
0 0.037598 0.978516 0.075195 0.042969
0 0.954590 0.979004 0.090820 0.041992
0 0.800293 0.896484 0.094727 0.037109
0 0.892090 0.342773 0.065430 0.068359
0 0.571777 0.910645 0.120117 0.086914
0 0.103516 0.810303 0.111328 0.036621
0 0.982910 0.902344 0.034180 0.023438
0 0.285645 0.714355 0.129883 0.045898
0 0.401367 0.981934 0.119141 0.036133
0 0.511230 0.332520 0.090820 0.036133
0 0.295898 0.091309 0.119141 0.096680
0 0.031250 0.708008 0.062500 0.068359
0 0.035645 0.600098 0.071289 0.041992
0 0.989746 0.929199 0.020508 0.032227
0 0.262695 0.338379 0.062500 0.055664
0 0.788574 0.935547 0.124023 0.048828
0 0.432129 0.466797 0.100586 0.035156
0 0.513184 0.643555 0.057617 0.035156
0 0.833984 0.322266 0.070312 0.025391
0 0.343750 0.631836 0.060547 0.037109
0 0.592285 0.637695 0.088867 0.060547
0 0.845703 0.298340 0.066406 0.041992
0 0.213379 0.750488 0.071289 0.032227
0 0.029297 0.835449 0.058594 0.047852
0 0.097656 0.652832 0.082031 0.071289
