0 0.464355 0.265625 0.065430 0.097656
0 0.460449 0.170410 0.069336 0.077148
0 0.982422 0.805664 0.035156 0.097656
0 0.782715 0.517578 0.057617 0.085938
0 0.516602 0.084473 0.101562 0.166992
0 0.295410 0.636719 0.084961 0.125000
0 0.915527 0.551758 0.084961 0.066406
0 0.660156 0.164551 0.126953 0.116211
0 0.722168 0.421387 0.133789 0.086914
0 0.362793 0.569336 0.145508 0.068359
0 0.914551 0.724609 0.170898 0.080078
0 0.525391 0.273438 0.068359 0.054688
0 0.409668 0.319336 0.071289 0.064453
0 0.095703 0.401855 0.087891 0.096680
0 0.184570 0.102539 0.152344 0.099609
0 0.327637 0.899902 0.145508 0.049805
0 0.667969 0.424805 0.070312 0.058594
0 0.511230 0.436035 0.094727 0.073242
0 0.984375 0.492188 0.031250 0.044922
0 0.060059 0.038574 0.120117 0.077148
0 0.857422 0.830566 0.109375 0.071289
0 0.777832 0.120117 0.069336 0.171875
0 0.789062 0.753906 0.138672 0.093750
0 0.934570 0.386719 0.091797 0.105469
0 0.928711 0.843262 0.142578 0.053711
0 0.318359 0.382812 0.074219 0.083984
0 0.366211 0.619629 0.119141 0.051758
0 0.273926 0.353027 0.157227 0.055664
0 0.237793 0.749512 0.096680 0.090820
0 0.124023 0.814941 0.078125 0.131836
0 0.434570 0.892578 0.113281 0.035156
0 0.150391 0.614746 0.208984 0.075195
0 0.057617 0.686523 0.115234 0.160156
0 0.098145 0.833008 0.145508 0.154297
