0 0.768066 0.541992 0.067383 0.140625
0 0.885742 0.387207 0.087891 0.075195
0 0.844727 0.248535 0.064453 0.077148
0 0.979980 0.423340 0.040039 0.102539
0 0.811035 0.426758 0.067383 0.160156
0 0.957031 0.073242 0.085938 0.068359
0 0.838379 0.551758 0.067383 0.125000
0 0.958496 0.208984 0.083008 0.060547
0 0.945801 0.022461 0.108398 0.044922
0 0.998535 0.034668 0.002930 0.059570
0 0.794922 0.269531 0.080078 0.080078
0 0.872070 0.279785 0.060547 0.084961
0 0.945801 0.464355 0.108398 0.084961
0 0.949707 0.524902 0.100586 0.084961
0 0.965820 0.569336 0.068359 0.099609
0 0.718262 0.762207 0.077148 0.120117
0 0.055664 0.123535 0.078125 0.067383
