0 0.012207 0.692871 0.024414 0.096680
0 0.166992 0.497559 0.054688 0.118164
0 0.937012 0.105469 0.069336 0.068359
0 0.961914 0.303223 0.056641 0.088867
0 0.907715 0.283203 0.077148 0.095703
0 0.695801 0.123535 0.102539 0.053711
0 0.824707 0.070801 0.083008 0.051758
0 0.452148 0.612305 0.105469 0.044922
0 0.399902 0.157227 0.086914 0.041016
0 0.061035 0.640137 0.092773 0.081055
0 0.983398 0.648438 0.027344 0.083984
0 0.569824 0.267090 0.102539 0.040039
0 0.283691 0.808105 0.069336 0.088867
0 0.632812 0.333984 0.160156 0.054688
0 0.465820 0.771484 0.087891 0.056641
0 0.645508 0.709473 0.097656 0.043945
0 0.245117 0.504883 0.093750 0.031250
0 0.467285 0.360352 0.084961 0.048828
0 0.442871 0.381836 0.067383 0.050781
0 0.703125 0.185547 0.033203 0.082031
0 0.166016 0.684570 0.042969 0.080078
0 0.076660 0.158691 0.098633 0.041992
0 0.752930 0.222656 0.027344 0.148438
0 0.446289 0.073730 0.083984 0.045898
0 0.942871 0.665527 0.024414 0.067383
0 0.100586 0.375000 0.093750 0.054688
0 0.851562 0.496094 0.136719 0.048828
0 0.755371 0.453125 0.061523 0.037109
0 0.868164 0.728516 0.076172 0.042969
0 0.058594 0.807617 0.117188 0.052734
0 0.655273 0.031738 0.042969 0.063477
0 0.146973 0.141113 0.071289 0.061523
0 0.552246 0.094238 0.067383 0.026367
0 0.704102 0.834473 0.062500 0.073242
0 0.622070 0.870605 0.082031 0.069336
0 0.739258 0.914551 0.054688 0.028320
0 0.767090 0.862305 0.073242 0.029297
0 0.244629 0.109863 0.092773 0.063477
0 0.261719 0.749512 0.101562 0.051758
0 0.171387 0.026367 0.067383 0.044922
0 0.627441 0.160645 0.069336 0.045898
0 0.318359 0.990234 0.044922 0.019531
0 0.149414 0.891113 0.078125 0.018555
0 0.085938 0.769531 0.152344 0.041016
0 0.473633 0.597656 0.064453 0.042969
0 0.716797 0.768555 0.058594 0.054688
0 0.211426 0.633301 0.047852 0.057617
0 0.263672 0.537109 0.066406 0.042969
0 0.979980 0.026367 0.036133 0.052734
0 0.443359 0.835938 0.068359 0.029297
0 0.636230 0.984863 0.104492 0.024414
0 0.268066 0.166992 0.073242 0.019531
0 0.062500 0.115723 0.125000 0.073242
0 0.471191 0.727051 0.094727 0.020508
0 0.846191 0.365723 0.059570 0.045898
0 0.890625 0.864258 0.041016 0.054688
0 0.038086 0.008301 0.042969 0.016602
0 0.979980 0.858887 0.036133 0.036133
0 0.226074 0.015625 0.069336 0.027344
0 0.642578 0.060059 0.046875 0.036133
0 0.906738 0.428711 0.092773 0.046875
0 0.827637 0.760254 0.055664 0.053711
0 0.614258 0.764160 0.066406 0.043945
0 0.763184 0.839844 0.049805 0.013672
0 0.987793 0.202637 0.024414 0.051758
0 0.975586 0.250000 0.048828 0.042969
0 0.066895 0.088379 0.083008 0.049805
0 0.244141 0.129395 0.103516 0.024414
0 0.962891 0.429688 0.074219 0.064453
0 0.908203 0.374512 0.082031 0.079102
0 0.619141 0.926270 0.105469 0.055664
0 0.697266 0.935059 0.058594 0.065430
0 0.444336 0.563477 0.095703 0.060547
0 0.882324 0.991699 0.065430 0.016602
0 0.768555 0.987793 0.064453 0.024414
