0 0.982910 0.024414 0.034180 0.048828
0 0.971191 0.050293 0.057617 0.055664
0 0.736816 0.022461 0.057617 0.044922
0 0.792480 0.035645 0.069336 0.071289
0 0.734863 0.201172 0.069336 0.074219
0 0.829102 0.275391 0.076172 0.091797
0 0.971191 0.422852 0.057617 0.060547
0 0.905273 0.451660 0.074219 0.061523
0 0.919922 0.500977 0.105469 0.064453
0 0.933594 0.880371 0.082031 0.081055
0 0.887207 0.949707 0.079102 0.090820
0 0.819336 0.973633 0.080078 0.052734
0 0.448242 0.009277 0.068359 0.018555
0 0.467773 0.068848 0.074219 0.059570
0 0.495117 0.123047 0.060547 0.060547
0 0.133301 0.379883 0.067383 0.101562
0 0.561035 0.534668 0.077148 0.071289
0 0.684570 0.473145 0.062500 0.063477
0 0.050293 0.399414 0.079102 0.056641
0 0.057617 0.496094 0.113281 0.082031
0 0.183594 0.741699 0.087891 0.077148
0 0.080566 0.775391 0.083008 0.076172
0 0.285645 0.922363 0.075195 0.069336
0 0.283691 0.979492 0.083008 0.041016
0 0.187988 0.916504 0.057617 0.055664
0 0.142578 0.894531 0.054688 0.078125
0 0.217285 0.803223 0.063477 0.047852
0 0.249512 0.374023 0.071289 0.097656
0 0.708984 0.344727 0.062500 0.074219
0 0.471191 0.409668 0.067383 0.053711
0 0.947266 0.400391 0.064453 0.074219
0 0.872070 0.114258 0.080078 0.070312
0 0.770996 0.952148 0.075195 0.076172
0 0.028809 0.956543 0.057617 0.081055
0 0.934082 0.548340 0.077148 0.059570
0 0.925781 0.890625 0.066406 0.080078
