0 0.521484 0.954102 0.076172 0.082031
0 0.507812 0.074219 0.080078 0.072266
0 0.143555 0.331055 0.093750 0.048828
0 0.771484 0.054199 0.074219 0.069336
0 0.012207 0.352539 0.024414 0.050781
0 0.584473 0.628418 0.120117 0.086914
0 0.266113 0.077148 0.090820 0.050781
0 0.044434 0.879395 0.088867 0.053711
0 0.327637 0.026855 0.083008 0.051758
0 0.800781 0.624512 0.103516 0.043945
0 0.877441 0.038086 0.081055 0.050781
0 0.678711 0.432129 0.083984 0.045898
0 0.486328 0.240234 0.101562 0.046875
0 0.961426 0.552734 0.067383 0.050781
0 0.858887 0.430176 0.065430 0.049805
0 0.371582 0.583496 0.096680 0.045898
0 0.324219 0.421387 0.091797 0.038086
0 0.291504 0.267090 0.096680 0.049805
0 0.394043 0.180176 0.106445 0.049805
0 0.951172 0.028320 0.076172 0.046875
0 0.876953 0.312988 0.074219 0.045898
0 0.761230 0.263672 0.069336 0.056641
0 0.655273 0.607910 0.087891 0.040039
0 0.128906 0.779785 0.117188 0.036133
0 0.053711 0.701660 0.068359 0.071289
0 0.644043 0.184570 0.079102 0.044922
0 0.164062 0.981934 0.091797 0.032227
0 0.801270 0.913086 0.098633 0.037109
0 0.283691 0.734375 0.120117 0.037109
0 0.212891 0.573730 0.166016 0.071289
0 0.786133 0.338379 0.060547 0.053711
0 0.151855 0.735840 0.106445 0.032227
0 0.395996 0.364258 0.110352 0.062500
0 0.031738 0.263672 0.063477 0.037109
0 0.958496 0.579590 0.051758 0.041992
0 0.212891 0.942871 0.066406 0.036133
0 0.583984 0.948242 0.078125 0.041016
0 0.101562 0.574219 0.105469 0.031250
0 0.353027 0.264160 0.104492 0.038086
0 0.568848 0.312500 0.071289 0.033203
0 0.086914 0.011719 0.048828 0.023438
0 0.612793 0.382324 0.061523 0.047852
0 0.291992 0.820312 0.160156 0.050781
0 0.411133 0.013184 0.058594 0.026367
0 0.877441 0.268066 0.073242 0.030273
0 0.196777 0.654785 0.083008 0.041992
0 0.402832 0.432617 0.075195 0.037109
0 0.056641 0.733887 0.074219 0.036133
0 0.711963 0.495850 0.070410 0.050879
0 0.688965 0.326172 0.071289 0.031250
0 0.975586 0.256836 0.048828 0.029297
0 0.084473 0.980957 0.086914 0.026367
0 0.197754 0.112305 0.043945 0.027344
0 0.604980 0.011230 0.047852 0.022461
0 0.933594 0.984863 0.060547 0.020508
0 0.853516 0.940430 0.056641 0.029297
0 0.587402 0.180664 0.098633 0.080078
0 0.908691 0.499512 0.045898 0.038086
0 0.715820 0.912598 0.062500 0.024414
0 0.634277 0.935059 0.077148 0.028320
0 0.708008 0.021973 0.060547 0.040039
0 0.496094 0.569824 0.097656 0.040039
0 0.688965 0.737305 0.077148 0.029297
0 0.280273 0.690918 0.154297 0.045898
0 0.957031 0.295898 0.050781 0.025391
0 0.026367 0.957520 0.052734 0.034180
0 0.689453 0.704590 0.060547 0.040039
0 0.052246 0.839844 0.081055 0.025391
0 0.857910 0.733887 0.065430 0.014648
0 0.956055 0.727539 0.048828 0.023438
0 0.269043 0.317383 0.077148 0.031250
0 0.465332 0.533203 0.098633 0.041016
0 0.364746 0.734863 0.077148 0.040039
0 0.936035 0.131348 0.071289 0.016602
0 0.971191 0.007812 0.057617 0.015625
0 0.138672 0.647461 0.091797 0.044922
0 0.488281 0.775391 0.101562 0.033203
0 0.308105 0.164062 0.086914 0.019531
0 0.749512 0.710449 0.081055 0.030273
0 0.239258 0.820312 0.125000 0.035156
0 0.756348 0.011230 0.069336 0.022461
