0 0.186035 0.214355 0.067383 0.108398
0 0.054199 0.182129 0.067383 0.049805
0 0.057129 0.131348 0.094727 0.065430
0 0.031250 0.034180 0.058594 0.068359
0 0.094727 0.034668 0.066406 0.069336
0 0.352051 0.024414 0.077148 0.048828
0 0.236328 0.118164 0.050781 0.056641
0 0.405762 0.116699 0.061523 0.051758
0 0.479004 0.109375 0.075195 0.066406
0 0.386719 0.202148 0.044922 0.048828
0 0.306152 0.207520 0.063477 0.053711
0 0.286133 0.236816 0.064453 0.051758
0 0.308594 0.291016 0.058594 0.042969
0 0.253418 0.269531 0.063477 0.050781
0 0.250488 0.327637 0.047852 0.041992
0 0.312988 0.339355 0.043945 0.057617
0 0.115234 0.406738 0.050781 0.063477
0 0.063477 0.437500 0.060547 0.078125
0 0.166504 0.450195 0.065430 0.068359
0 0.024902 0.497070 0.049805 0.054688
0 0.075195 0.534180 0.076172 0.085938
0 0.378418 0.502930 0.049805 0.056641
0 0.382324 0.440918 0.051758 0.057617
0 0.450684 0.454590 0.061523 0.069336
0 0.358398 0.582520 0.070312 0.069336
0 0.436035 0.580566 0.061523 0.043945
0 0.167480 0.630859 0.051758 0.050781
0 0.105469 0.630859 0.072266 0.048828
0 0.183105 0.518066 0.061523 0.051758
0 0.026855 0.612305 0.053711 0.052734
0 0.045410 0.711426 0.061523 0.079102
0 0.311035 0.688965 0.075195 0.049805
0 0.554199 0.640137 0.071289 0.088867
0 0.602051 0.464844 0.049805 0.064453
0 0.522461 0.367676 0.076172 0.049805
0 0.616211 0.381348 0.078125 0.053711
0 0.506836 0.754883 0.050781 0.080078
0 0.545898 0.808105 0.080078 0.090820
0 0.332520 0.789551 0.057617 0.061523
0 0.275391 0.774902 0.056641 0.061523
0 0.268066 0.846191 0.055664 0.088867
0 0.098145 0.952148 0.086914 0.095703
0 0.300293 0.944336 0.063477 0.101562
0 0.243652 0.942871 0.043945 0.059570
0 0.422363 0.916016 0.065430 0.052734
0 0.401367 0.971191 0.058594 0.057617
0 0.502441 0.879883 0.073242 0.134766
0 0.583008 0.974609 0.093750 0.050781
0 0.655762 0.977539 0.057617 0.044922
0 0.729980 0.972168 0.065430 0.055664
0 0.735352 0.873047 0.068359 0.068359
0 0.660645 0.812500 0.079102 0.054688
0 0.773438 0.771973 0.087891 0.090820
0 0.019531 0.958984 0.039062 0.066406
0 0.669922 0.467285 0.054688 0.043945
0 0.704590 0.524414 0.057617 0.058594
0 0.787109 0.550781 0.066406 0.060547
0 0.791992 0.488281 0.058594 0.058594
0 0.683105 0.657715 0.061523 0.055664
0 0.650391 0.693359 0.048828 0.050781
0 0.778809 0.668457 0.067383 0.040039
0 0.840332 0.675781 0.053711 0.046875
0 0.854492 0.594727 0.054688 0.080078
0 0.895020 0.623047 0.053711 0.044922
0 0.934570 0.627441 0.050781 0.063477
0 0.973633 0.553223 0.052734 0.061523
0 0.976074 0.446777 0.047852 0.053711
0 0.917969 0.430664 0.039062 0.050781
0 0.845703 0.437500 0.074219 0.039062
0 0.858887 0.404785 0.071289 0.049805
0 0.753418 0.294922 0.063477 0.058594
0 0.959961 0.928711 0.074219 0.056641
0 0.877441 0.935547 0.069336 0.060547
0 0.946289 0.791016 0.052734 0.050781
0 0.978027 0.817383 0.043945 0.064453
0 0.958496 0.309570 0.061523 0.044922
0 0.882812 0.153320 0.058594 0.095703
0 0.748047 0.164551 0.064453 0.065430
0 0.786133 0.159180 0.048828 0.050781
0 0.827148 0.088379 0.042969 0.047852
0 0.762695 0.043457 0.082031 0.067383
0 0.614258 0.056152 0.056641 0.049805
0 0.659668 0.046387 0.049805 0.043945
0 0.629883 0.123535 0.105469 0.131836
0 0.681152 0.118164 0.065430 0.060547
0 0.965332 0.107422 0.069336 0.054688
0 0.893066 0.077148 0.086914 0.068359
0 0.983398 0.157715 0.033203 0.045898
0 0.904297 0.876953 0.044922 0.052734
0 0.958008 0.870117 0.060547 0.052734
0 0.905762 0.351562 0.053711 0.046875
0 0.438477 0.213379 0.037109 0.047852
0 0.474121 0.198242 0.049805 0.046875
0 0.620605 0.516602 0.051758 0.050781
0 0.323730 0.741699 0.047852 0.036133
