0 0.260742 0.181152 0.107422 0.094727
0 0.424316 0.036621 0.083008 0.063477
0 0.512695 0.071289 0.146484 0.072266
0 0.321289 0.291504 0.074219 0.065430
0 0.351562 0.254395 0.060547 0.061523
0 0.232422 0.269043 0.058594 0.065430
0 0.275879 0.360840 0.086914 0.069336
0 0.752930 0.265137 0.085938 0.086914
0 0.828125 0.224609 0.078125 0.105469
0 0.642578 0.311035 0.068359 0.071289
0 0.892090 0.031738 0.075195 0.061523
0 0.834473 0.048340 0.067383 0.065430
0 0.369629 0.634766 0.102539 0.095703
0 0.557129 0.609375 0.104492 0.072266
0 0.207520 0.741699 0.075195 0.118164
0 0.438965 0.687500 0.081055 0.072266
0 0.569824 0.685059 0.073242 0.092773
0 0.818848 0.603027 0.077148 0.071289
0 0.973633 0.360840 0.052734 0.081055
0 0.932129 0.718262 0.079102 0.092773
0 0.574707 0.830566 0.055664 0.069336
0 0.438965 0.875000 0.102539 0.083984
0 0.331055 0.881348 0.064453 0.069336
0 0.266602 0.774902 0.064453 0.094727
0 0.712402 0.943359 0.114258 0.066406
0 0.813965 0.942383 0.075195 0.066406
0 0.842773 0.858887 0.062500 0.077148
0 0.907715 0.876953 0.073242 0.068359
0 0.025879 0.229980 0.051758 0.088867
0 0.489258 0.376953 0.091797 0.085938
0 0.658203 0.258789 0.089844 0.070312
0 0.016602 0.304199 0.031250 0.049805
0 0.194824 0.300293 0.071289 0.061523
0 0.399902 0.283203 0.049805 0.052734
0 0.783203 0.364258 0.035156 0.039062
0 0.385254 0.737305 0.045898 0.039062
0 0.229004 0.819824 0.086914 0.049805
0 0.650391 0.451172 0.039062 0.042969
0 0.660645 0.812988 0.040039 0.038086
0 0.985352 0.796387 0.029297 0.043945
0 0.974121 0.921875 0.043945 0.046875
0 0.972168 0.972168 0.047852 0.045898
