0 0.167969 0.031250 0.263672 0.062500
0 0.276367 0.195312 0.115234 0.115234
0 0.436035 0.229004 0.155273 0.073242
0 0.685547 0.088867 0.140625 0.089844
0 0.594727 0.023926 0.140625 0.047852
0 0.402832 0.037598 0.055664 0.063477
0 0.487305 0.104004 0.144531 0.084961
0 0.553223 0.159180 0.208008 0.072266
0 0.820312 0.165527 0.070312 0.061523
0 0.876465 0.238770 0.077148 0.092773
0 0.898438 0.129883 0.082031 0.070312
0 0.930664 0.049805 0.062500 0.083984
0 0.781250 0.298828 0.060547 0.060547
0 0.556152 0.226074 0.069336 0.049805
0 0.526855 0.747559 0.092773 0.092773
0 0.704590 0.732910 0.086914 0.081055
0 0.733887 0.633301 0.083008 0.112305
0 0.865234 0.713379 0.105469 0.075195
0 0.820801 0.629883 0.069336 0.070312
0 0.950684 0.585449 0.098633 0.104492
0 0.974609 0.774902 0.050781 0.069336
0 0.906738 0.830078 0.090820 0.082031
0 0.887695 0.903809 0.085938 0.083008
0 0.599121 0.306152 0.063477 0.075195
0 0.515625 0.367676 0.076172 0.092773
0 0.556152 0.443848 0.075195 0.165039
0 0.409180 0.483887 0.068359 0.081055
0 0.303223 0.447754 0.102539 0.098633
0 0.161621 0.694336 0.100586 0.115234
0 0.035156 0.778809 0.070312 0.077148
0 0.070312 0.846191 0.121094 0.100586
0 0.427246 0.883789 0.151367 0.232422
0 0.333008 0.943848 0.095703 0.112305
0 0.029297 0.676758 0.058594 0.085938
0 0.068359 0.451172 0.091797 0.064453
0 0.330078 0.510742 0.103516 0.076172
0 0.795898 0.143555 0.105469 0.072266
0 0.705078 0.194824 0.115234 0.083008
0 0.820312 0.277344 0.072266 0.064453
