0 0.240723 0.932129 0.090820 0.090820
0 0.500488 0.183594 0.045898 0.082031
0 0.402832 0.058594 0.071289 0.080078
0 0.608887 0.481445 0.036133 0.054688
0 0.164062 0.368652 0.074219 0.083008
0 0.418945 0.836426 0.066406 0.061523
0 0.491699 0.422852 0.067383 0.076172
0 0.978516 0.063477 0.042969 0.052734
0 0.829590 0.215820 0.057617 0.068359
0 0.332520 0.210449 0.151367 0.083008
0 0.681641 0.362793 0.058594 0.069336
0 0.656250 0.437988 0.060547 0.067383
0 0.202148 0.028320 0.080078 0.054688
0 0.101074 0.896973 0.100586 0.047852
0 0.070801 0.686523 0.102539 0.066406
0 0.125000 0.789551 0.169922 0.067383
0 0.571777 0.104492 0.071289 0.054688
0 0.917969 0.974609 0.082031 0.050781
0 0.366699 0.698242 0.073242 0.064453
0 0.550293 0.978027 0.061523 0.043945
0 0.284668 0.054199 0.114258 0.106445
0 0.676758 0.862305 0.066406 0.058594
0 0.706543 0.187988 0.131836 0.065430
0 0.328613 0.544922 0.084961 0.050781
0 0.961914 0.192383 0.058594 0.054688
0 0.993652 0.195312 0.012695 0.044922
0 0.129883 0.193848 0.066406 0.053711
0 0.091309 0.530273 0.055664 0.056641
0 0.988770 0.402344 0.022461 0.076172
0 0.880859 0.781250 0.064453 0.060547
0 0.781738 0.441895 0.159180 0.045898
0 0.305664 0.437988 0.074219 0.047852
0 0.262207 0.616699 0.090820 0.041992
0 0.956543 0.247070 0.055664 0.048828
0 0.041016 0.455566 0.082031 0.043945
0 0.018555 0.351074 0.037109 0.077148
0 0.305176 0.713867 0.065430 0.041016
0 0.937012 0.450684 0.047852 0.075195
0 0.448242 0.418457 0.056641 0.061523
0 0.312012 0.895020 0.081055 0.057617
0 0.591309 0.203613 0.065430 0.055664
0 0.377930 0.109863 0.064453 0.043945
0 0.338379 0.782715 0.063477 0.040039
0 0.191895 0.833984 0.059570 0.041016
0 0.197266 0.439453 0.074219 0.035156
0 0.402344 0.148438 0.074219 0.031250
0 0.305664 0.288086 0.072266 0.042969
0 0.958984 0.582520 0.076172 0.040039
0 0.823730 0.774414 0.073242 0.042969
0 0.603027 0.832031 0.043945 0.042969
0 0.266602 0.831543 0.056641 0.034180
0 0.038574 0.785645 0.077148 0.045898
0 0.438477 0.524902 0.048828 0.036133
0 0.551758 0.471680 0.035156 0.046875
0 0.985352 0.945312 0.029297 0.044922
0 0.234863 0.514648 0.071289 0.041016
0 0.684082 0.773438 0.071289 0.041016
0 0.751465 0.483398 0.049805 0.060547
0 0.592285 0.489746 0.047852 0.104492
0 0.867188 0.495117 0.078125 0.044922
0 0.520508 0.583008 0.052734 0.037109
0 0.561035 0.505859 0.043945 0.046875
0 0.379395 0.502930 0.061523 0.035156
0 0.483398 0.548340 0.054688 0.038086
0 0.042969 0.561035 0.054688 0.061523
0 0.787598 0.916992 0.049805 0.044922
0 0.251953 0.890625 0.060547 0.041016
0 0.158203 0.461914 0.082031 0.046875
0 0.300781 0.511719 0.058594 0.042969
0 0.556641 0.169434 0.056641 0.028320
0 0.758789 0.947754 0.123047 0.040039
0 0.879395 0.826660 0.053711 0.051758
0 0.841309 0.828613 0.065430 0.055664
0 0.969727 0.114258 0.060547 0.042969
0 0.343262 0.572266 0.041992 0.021484
