0 0.444336 0.368652 0.058594 0.081055
0 0.378906 0.373535 0.060547 0.063477
0 0.374023 0.294922 0.070312 0.093750
0 0.260254 0.207520 0.090820 0.129883
0 0.281738 0.062012 0.077148 0.124023
0 0.366699 0.080566 0.069336 0.161133
0 0.525391 0.046875 0.058594 0.093750
0 0.574219 0.092773 0.119141 0.091797
0 0.715820 0.093750 0.150391 0.134766
0 0.728516 0.193359 0.109375 0.072266
0 0.721680 0.314453 0.068359 0.138672
0 0.673828 0.348145 0.064453 0.088867
0 0.634766 0.243164 0.080078 0.091797
0 0.815430 0.170410 0.091797 0.110352
0 0.857422 0.130859 0.056641 0.087891
0 0.912598 0.024414 0.073242 0.048828
0 0.055176 0.041504 0.077148 0.083008
0 0.050781 0.254395 0.072266 0.159180
0 0.129395 0.438477 0.135742 0.121094
0 0.142090 0.550781 0.094727 0.166016
0 0.304199 0.626465 0.106445 0.149414
0 0.314941 0.535645 0.061523 0.174805
0 0.375000 0.494629 0.044922 0.135742
0 0.457031 0.607422 0.091797 0.113281
0 0.506348 0.441895 0.079102 0.051758
0 0.598145 0.471191 0.065430 0.204102
0 0.558105 0.606934 0.059570 0.147461
0 0.765625 0.541992 0.125000 0.121094
0 0.742188 0.599121 0.083984 0.065430
0 0.751465 0.661621 0.118164 0.083008
0 0.694824 0.770020 0.129883 0.088867
0 0.661621 0.817383 0.143555 0.103516
0 0.972168 0.480469 0.047852 0.234375
0 0.948730 0.286133 0.067383 0.054688
0 0.978027 0.634766 0.043945 0.064453
0 0.966309 0.768555 0.067383 0.093750
0 0.974609 0.908691 0.050781 0.071289
0 0.414062 0.783691 0.046875 0.051758
0 0.469727 0.778809 0.050781 0.053711
0 0.506348 0.876465 0.081055 0.098633
0 0.478027 0.974609 0.065430 0.050781
0 0.573730 0.935059 0.071289 0.129883
0 0.620605 0.935547 0.063477 0.128906
0 0.601562 0.960938 0.054688 0.078125
0 0.194824 0.848633 0.100586 0.109375
0 0.296875 0.765625 0.113281 0.103516
0 0.050293 0.765625 0.051758 0.080078
0 0.052734 0.860352 0.105469 0.058594
0 0.021484 0.943848 0.042969 0.096680
0 0.205078 0.924805 0.076172 0.046875
0 0.012695 0.711914 0.025391 0.072266
0 0.020020 0.431641 0.040039 0.085938
0 0.322754 0.431641 0.057617 0.121094
0 0.249023 0.471680 0.107422 0.091797
0 0.645020 0.709473 0.069336 0.055664
