0 0.977051 0.136719 0.045898 0.085938
0 0.299316 0.095703 0.069336 0.087891
0 0.672363 0.229492 0.110352 0.085938
0 0.337891 0.458496 0.087891 0.086914
0 0.937012 0.952637 0.083008 0.061523
0 0.903320 0.128906 0.109375 0.101562
0 0.123047 0.376465 0.091797 0.069336
0 0.584961 0.396484 0.115234 0.105469
0 0.835449 0.306152 0.083008 0.090820
0 0.947754 0.458008 0.098633 0.074219
0 0.242188 0.132812 0.125000 0.089844
0 0.195801 0.765137 0.131836 0.069336
0 0.065430 0.770508 0.126953 0.105469
0 0.220703 0.522949 0.130859 0.057617
0 0.387207 0.190918 0.098633 0.122070
0 0.296387 0.296387 0.088867 0.065430
0 0.296387 0.959473 0.088867 0.077148
0 0.049805 0.450195 0.099609 0.050781
0 0.951660 0.378906 0.096680 0.068359
0 0.319824 0.741211 0.098633 0.083984
0 0.933594 0.844238 0.085938 0.073242
0 0.100098 0.170410 0.110352 0.075195
0 0.574219 0.972168 0.082031 0.045898
0 0.310547 0.037109 0.091797 0.074219
0 0.152832 0.131348 0.098633 0.077148
0 0.958496 0.766113 0.069336 0.063477
0 0.211914 0.916504 0.083984 0.081055
0 0.690430 0.902344 0.083984 0.064453
0 0.284180 0.224609 0.105469 0.125000
0 0.090820 0.197754 0.091797 0.102539
0 0.451172 0.161621 0.072266 0.057617
0 0.837402 0.790527 0.118164 0.057617
0 0.898926 0.559570 0.096680 0.089844
0 0.552246 0.689941 0.075195 0.045898
0 0.462891 0.210938 0.107422 0.119141
0 0.526855 0.768066 0.124023 0.083008
0 0.827637 0.652344 0.092773 0.042969
0 0.922363 0.023926 0.047852 0.047852
0 0.132812 0.438477 0.119141 0.080078
0 0.491211 0.514648 0.093750 0.054688
0 0.504395 0.117188 0.145508 0.076172
0 0.404785 0.566895 0.110352 0.053711
0 0.074219 0.609863 0.148438 0.045898
0 0.443359 0.048828 0.125000 0.080078
0 0.253418 0.871582 0.088867 0.096680
0 0.805176 0.442383 0.073242 0.064453
0 0.735352 0.101074 0.058594 0.043945
0 0.779785 0.510742 0.077148 0.060547
0 0.816406 0.952637 0.126953 0.094727
0 0.883301 0.454590 0.090820 0.059570
0 0.556641 0.753906 0.066406 0.054688
0 0.490234 0.621094 0.072266 0.050781
0 0.277344 0.640625 0.117188 0.052734
0 0.902344 0.632812 0.056641 0.029297
0 0.956543 0.827148 0.086914 0.068359
0 0.842773 0.916504 0.091797 0.038086
0 0.087402 0.751465 0.104492 0.069336
0 0.434082 0.916992 0.116211 0.056641
0 0.562500 0.302734 0.091797 0.070312
0 0.878906 0.723633 0.044922 0.123047
0 0.780273 0.576172 0.070312 0.052734
0 0.789062 0.366211 0.099609 0.041016
0 0.825684 0.540039 0.094727 0.062500
0 0.677246 0.959473 0.059570 0.067383
0 0.023438 0.690918 0.046875 0.075195
0 0.639160 0.021973 0.061523 0.043945
0 0.229980 0.024414 0.045898 0.048828
0 0.980469 0.025391 0.039062 0.048828
0 0.958984 0.436523 0.082031 0.091797
0 0.222656 0.800781 0.078125 0.048828
0 0.022949 0.033691 0.045898 0.051758
0 0.085938 0.862305 0.080078 0.080078
0 0.031738 0.860840 0.063477 0.045898
0 0.796387 0.368164 0.104492 0.105469
0 0.563477 0.183105 0.107422 0.108398
0 0.027344 0.575684 0.052734 0.026367
0 0.019531 0.161621 0.037109 0.051758
0 0.810547 0.428711 0.126953 0.044922
0 0.917969 0.601074 0.044922 0.045898
0 0.517578 0.890137 0.087891 0.057617
0 0.202148 0.725098 0.091797 0.086914
0 0.023438 0.803711 0.046875 0.046875
0 0.191406 0.506836 0.103516 0.111328
0 0.739746 0.899902 0.075195 0.057617
