0 0.926758 0.136719 0.072266 0.105469
0 0.677734 0.091309 0.093750 0.086914
0 0.601074 0.057617 0.100586 0.115234
0 0.906250 0.448730 0.130859 0.086914
0 0.788574 0.450195 0.077148 0.083984
0 0.682129 0.229492 0.163086 0.080078
0 0.789551 0.270508 0.155273 0.076172
0 0.566895 0.157715 0.102539 0.069336
0 0.374512 0.269531 0.094727 0.068359
0 0.229492 0.441895 0.158203 0.186523
0 0.252930 0.677246 0.109375 0.081055
0 0.046875 0.288086 0.093750 0.101562
0 0.174316 0.154297 0.090820 0.162109
0 0.232422 0.060547 0.066406 0.121094
0 0.838379 0.564453 0.092773 0.132812
0 0.870117 0.727051 0.087891 0.092773
0 0.983398 0.913574 0.033203 0.096680
0 0.881836 0.877930 0.074219 0.078125
0 0.939941 0.950195 0.069336 0.048828
0 0.560547 0.906738 0.074219 0.083008
0 0.613770 0.875977 0.049805 0.050781
0 0.333984 0.963867 0.109375 0.072266
0 0.187500 0.953125 0.076172 0.066406
