0 0.867188 0.320312 0.138672 0.085938
0 0.847656 0.355469 0.050781 0.041016
0 0.743652 0.322266 0.055664 0.050781
0 0.685547 0.253906 0.085938 0.054688
0 0.662109 0.212891 0.046875 0.035156
0 0.625977 0.194824 0.054688 0.059570
0 0.583496 0.202637 0.057617 0.069336
0 0.627441 0.274414 0.071289 0.068359
0 0.738281 0.115234 0.037109 0.072266
0 0.875488 0.177734 0.079102 0.095703
0 0.892090 0.139648 0.084961 0.091797
0 0.952637 0.085938 0.069336 0.099609
0 0.965332 0.222656 0.043945 0.050781
0 0.444824 0.225098 0.073242 0.098633
0 0.404297 0.270020 0.050781 0.081055
0 0.361816 0.228516 0.061523 0.062500
0 0.326660 0.140137 0.063477 0.098633
0 0.269043 0.107422 0.079102 0.054688
0 0.245117 0.041992 0.050781 0.060547
0 0.383789 0.016602 0.054688 0.033203
0 0.134766 0.072266 0.123047 0.132812
0 0.204590 0.184082 0.137695 0.063477
0 0.132324 0.191895 0.149414 0.112305
0 0.287109 0.271484 0.105469 0.070312
0 0.387695 0.390625 0.087891 0.056641
0 0.080078 0.287598 0.160156 0.073242
0 0.212891 0.484863 0.052734 0.081055
0 0.065918 0.453613 0.102539 0.083008
0 0.067383 0.522461 0.111328 0.091797
0 0.224609 0.623535 0.091797 0.059570
0 0.303711 0.596680 0.121094 0.060547
0 0.335449 0.547852 0.067383 0.076172
0 0.400391 0.562012 0.078125 0.049805
0 0.396484 0.517578 0.062500 0.042969
0 0.521973 0.566895 0.118164 0.071289
0 0.566895 0.504395 0.059570 0.053711
0 0.484863 0.520996 0.075195 0.049805
0 0.712891 0.562988 0.054688 0.069336
0 0.760254 0.550781 0.061523 0.080078
0 0.858398 0.583008 0.062500 0.087891
0 0.771484 0.607422 0.082031 0.060547
0 0.732422 0.622070 0.054688 0.056641
0 0.211426 0.744629 0.100586 0.057617
0 0.109863 0.712891 0.081055 0.046875
0 0.057617 0.759766 0.037109 0.041016
0 0.029297 0.654297 0.058594 0.052734
0 0.060547 0.646973 0.070312 0.047852
0 0.042969 0.589844 0.085938 0.046875
0 0.143066 0.926270 0.053711 0.094727
0 0.479004 0.816895 0.083008 0.038086
0 0.523926 0.834961 0.053711 0.056641
0 0.367676 0.812988 0.083008 0.047852
0 0.380371 0.718750 0.040039 0.037109
0 0.283203 0.692871 0.121094 0.065430
0 0.322266 0.665039 0.062500 0.033203
0 0.374023 0.679199 0.060547 0.043945
0 0.424316 0.653809 0.084961 0.065430
0 0.531250 0.667480 0.046875 0.043945
0 0.603516 0.672363 0.048828 0.045898
0 0.628906 0.753418 0.076172 0.051758
0 0.500488 0.715820 0.055664 0.046875
0 0.811523 0.695801 0.062500 0.055664
0 0.889648 0.716309 0.074219 0.055664
0 0.865723 0.747559 0.084961 0.045898
0 0.892090 0.782715 0.112305 0.040039
0 0.753418 0.819824 0.077148 0.057617
0 0.731445 0.926270 0.052734 0.059570
0 0.661133 0.982910 0.062500 0.034180
0 0.844238 0.860352 0.047852 0.058594
0 0.793457 0.878906 0.061523 0.080078
0 0.866699 0.962402 0.047852 0.057617
0 0.902344 0.969727 0.039062 0.058594
0 0.852051 0.912598 0.053711 0.049805
0 0.910156 0.876953 0.054688 0.062500
0 0.978027 0.933105 0.043945 0.047852
0 0.977539 0.807617 0.044922 0.062500
0 0.112793 0.393066 0.069336 0.051758
0 0.452637 0.733398 0.034180 0.027344
0 0.649902 0.779785 0.036133 0.034180
0 0.573242 0.703613 0.052734 0.034180
0 0.445312 0.416016 0.041016 0.025391
0 0.947754 0.571289 0.041992 0.076172
0 0.973633 0.599121 0.052734 0.053711
0 0.807617 0.986816 0.078125 0.026367
0 0.312500 0.562500 0.044922 0.058594
0 0.423828 0.703613 0.046875 0.030273
0 0.906738 0.814941 0.045898 0.051758
0 0.901367 0.691406 0.042969 0.039062
0 0.578125 0.261719 0.076172 0.093750
0 0.449707 0.317383 0.026367 0.027344
0 0.708496 0.298828 0.051758 0.058594
0 0.444824 0.521973 0.043945 0.053711
0 0.661621 0.260742 0.045898 0.039062
0 0.121582 0.702637 0.067383 0.030273
0 0.812500 0.887695 0.058594 0.037109
