0 0.014160 0.036133 0.028320 0.072266
0 0.255371 0.075195 0.073242 0.046875
0 0.302734 0.171387 0.083984 0.075195
0 0.336426 0.369141 0.081055 0.095703
0 0.364258 0.224609 0.070312 0.080078
0 0.470703 0.143066 0.085938 0.122070
0 0.212891 0.424316 0.058594 0.055664
0 0.037109 0.582520 0.074219 0.073242
0 0.209473 0.500488 0.049805 0.075195
0 0.229980 0.544922 0.075195 0.074219
0 0.325684 0.663574 0.067383 0.110352
0 0.391113 0.794922 0.071289 0.169922
0 0.280762 0.618164 0.045898 0.056641
0 0.302246 0.475098 0.045898 0.079102
0 0.267578 0.891602 0.054688 0.083984
0 0.120117 0.815430 0.072266 0.068359
0 0.512207 0.925293 0.104492 0.092773
0 0.645020 0.958496 0.079102 0.083008
0 0.329102 0.018555 0.066406 0.037109
0 0.749023 0.092773 0.050781 0.099609
0 0.785645 0.069336 0.055664 0.064453
0 0.940918 0.178223 0.083008 0.055664
0 0.968262 0.071289 0.063477 0.091797
0 0.990234 0.242188 0.019531 0.082031
0 0.854492 0.337891 0.066406 0.087891
0 0.768555 0.308105 0.068359 0.084961
0 0.693848 0.318359 0.094727 0.097656
0 0.694336 0.445312 0.095703 0.064453
0 0.880371 0.470215 0.075195 0.073242
0 0.734863 0.536621 0.110352 0.069336
0 0.581543 0.729492 0.061523 0.062500
0 0.676758 0.734375 0.101562 0.121094
0 0.862305 0.692383 0.074219 0.162109
0 0.979492 0.847168 0.041016 0.073242
0 0.796875 0.937988 0.080078 0.102539
0 0.911621 0.969238 0.065430 0.061523
0 0.861816 0.528320 0.051758 0.046875
0 0.601074 0.424805 0.084961 0.080078
