0 0.024902 0.935059 0.049805 0.077148
0 0.235840 0.955078 0.077148 0.082031
0 0.110352 0.774902 0.150391 0.106445
0 0.970703 0.964355 0.058594 0.071289
0 0.626465 0.884766 0.077148 0.060547
0 0.765625 0.937012 0.169922 0.077148
0 0.613770 0.652344 0.065430 0.085938
0 0.501953 0.669434 0.105469 0.100586
0 0.380371 0.516602 0.102539 0.082031
0 0.014648 0.512695 0.029297 0.119141
0 0.472656 0.260742 0.119141 0.082031
0 0.521973 0.149414 0.124023 0.068359
0 0.222656 0.052246 0.244141 0.071289
0 0.086914 0.116699 0.173828 0.051758
0 0.014648 0.027344 0.029297 0.054688
0 0.731934 0.245117 0.083008 0.066406
0 0.877441 0.151855 0.098633 0.077148
0 0.840332 0.647949 0.094727 0.094727
0 0.767578 0.591309 0.080078 0.083008
0 0.750488 0.754883 0.116211 0.074219
0 0.758789 0.706055 0.074219 0.042969
0 0.963379 0.855957 0.073242 0.118164
0 0.956055 0.033691 0.072266 0.067383
0 0.703613 0.481445 0.106445 0.083984
0 0.983887 0.156250 0.032227 0.109375
0 0.548340 0.792969 0.100586 0.078125
0 0.711426 0.496094 0.139648 0.115234
0 0.312988 0.185547 0.157227 0.107422
