0 0.247559 0.291504 0.186523 0.088867
0 0.708008 0.247559 0.083984 0.127930
0 0.926270 0.044434 0.038086 0.079102
0 0.924805 0.417969 0.074219 0.064453
0 0.900391 0.701172 0.109375 0.087891
0 0.017578 0.617676 0.035156 0.059570
0 0.811035 0.080078 0.079102 0.056641
0 0.381836 0.680176 0.066406 0.057617
0 0.094238 0.695801 0.075195 0.043945
0 0.012207 0.232422 0.024414 0.076172
0 0.248389 0.889160 0.122559 0.051367
0 0.223633 0.196777 0.080078 0.055664
0 0.521973 0.707031 0.061523 0.054688
0 0.391602 0.028320 0.078125 0.041016
0 0.304688 0.312500 0.095703 0.083984
0 0.353027 0.136230 0.063477 0.063477
0 0.094727 0.859375 0.072266 0.058594
0 0.008301 0.405762 0.016602 0.051758
0 0.963379 0.377441 0.061523 0.059570
0 0.519531 0.747559 0.132812 0.063477
0 0.405762 0.770508 0.086914 0.072266
0 0.635254 0.747559 0.065430 0.053711
0 0.068848 0.146973 0.133789 0.075195
0 0.244629 0.073730 0.053711 0.049805
0 0.793457 0.144043 0.083008 0.057617
0 0.604492 0.475098 0.115234 0.038086
0 0.347656 0.406738 0.072266 0.041992
0 0.090332 0.527344 0.077148 0.021484
0 0.982910 0.028320 0.030273 0.056641
0 0.862793 0.452637 0.059570 0.077148
0 0.244141 0.284668 0.068359 0.069336
0 0.644043 0.515137 0.090820 0.043945
0 0.536621 0.850586 0.088867 0.048828
0 0.759277 0.503906 0.069336 0.025391
0 0.867188 0.578613 0.060547 0.034180
0 0.243652 0.148438 0.069336 0.046875
0 0.019531 0.483398 0.039062 0.035156
0 0.271973 0.787109 0.086914 0.035156
0 0.123535 0.395996 0.104492 0.051758
0 0.480957 0.226562 0.096680 0.046875
0 0.096191 0.899902 0.094727 0.043945
0 0.743652 0.858398 0.108398 0.039062
0 0.374512 0.482910 0.083008 0.040039
0 0.822266 0.750000 0.074219 0.060547
0 0.630859 0.982422 0.054688 0.031250
0 0.307617 0.164551 0.066406 0.040039
0 0.358887 0.820801 0.077148 0.055664
0 0.821777 0.880371 0.075195 0.049805
0 0.310059 0.829590 0.084961 0.061523
0 0.062012 0.088379 0.124023 0.045898
0 0.687012 0.706055 0.059570 0.050781
0 0.610840 0.450684 0.102539 0.049805
0 0.011719 0.152344 0.023438 0.068359
0 0.500977 0.915039 0.035156 0.046875
0 0.898926 0.979004 0.030273 0.041992
0 0.973633 0.913574 0.052734 0.041992
0 0.337402 0.514160 0.092773 0.047852
0 0.100098 0.633789 0.051758 0.070312
0 0.664062 0.807617 0.070312 0.048828
0 0.460449 0.862793 0.092773 0.061523
0 0.963867 0.549316 0.058594 0.040039
0 0.907227 0.483887 0.062500 0.040039
0 0.468262 0.989746 0.030273 0.020508
0 0.806152 0.016602 0.055664 0.033203
0 0.746875 0.140576 0.101953 0.074316
0 0.022949 0.927246 0.045898 0.030273
0 0.026367 0.859375 0.052734 0.044922
0 0.021973 0.733887 0.038086 0.045898
0 0.961914 0.837402 0.076172 0.045898
0 0.792480 0.719238 0.073242 0.045898
0 0.826660 0.468262 0.047852 0.059570
0 0.193359 0.187500 0.091797 0.048828
