0 0.006836 0.810547 0.013672 0.091797
0 0.005859 0.019043 0.011719 0.038086
0 0.104004 0.129395 0.110352 0.090820
0 0.095703 0.326172 0.066406 0.042969
0 0.140625 0.573730 0.082031 0.104492
0 0.125977 0.708984 0.080078 0.152344
0 0.183594 0.896484 0.082031 0.074219
0 0.033691 0.952637 0.067383 0.094727
0 0.739258 0.011719 0.136719 0.023438
0 0.510742 0.042969 0.083984 0.068359
0 0.356445 0.076660 0.103516 0.112305
0 0.241699 0.009277 0.053711 0.018555
0 0.528320 0.229492 0.068359 0.087891
0 0.401855 0.225586 0.086914 0.083984
0 0.564453 0.186035 0.076172 0.055664
0 0.586914 0.278320 0.058594 0.064453
0 0.755859 0.281250 0.105469 0.070312
0 0.935547 0.209473 0.128906 0.094727
0 0.830566 0.088379 0.098633 0.055664
0 0.714844 0.052246 0.054688 0.055664
0 0.825684 0.362793 0.116211 0.059570
0 0.750488 0.382324 0.090820 0.071289
0 0.472656 0.413574 0.111328 0.108398
0 0.318848 0.290527 0.122070 0.098633
0 0.254395 0.504395 0.086914 0.116211
0 0.246582 0.741699 0.100586 0.084961
0 0.370605 0.937012 0.100586 0.081055
0 0.544434 0.850586 0.096680 0.083984
0 0.559570 0.708008 0.087891 0.177734
0 0.722168 0.634277 0.102539 0.090820
0 0.883789 0.752930 0.068359 0.082031
0 0.896973 0.840332 0.086914 0.079102
0 0.785645 0.958984 0.075195 0.082031
0 0.945801 0.007812 0.079102 0.015625
0 0.319824 0.768555 0.053711 0.048828
