0 0.405273 0.479004 0.056641 0.077148
0 0.653809 0.021973 0.047852 0.043945
0 0.323242 0.538086 0.076172 0.115234
0 0.039062 0.964355 0.078125 0.071289
0 0.599609 0.035156 0.064453 0.070312
0 0.106934 0.497559 0.120117 0.059570
0 0.722656 0.066406 0.103516 0.107422
0 0.783691 0.761230 0.069336 0.098633
0 0.070312 0.824707 0.080078 0.125977
0 0.651367 0.252930 0.080078 0.082031
0 0.169922 0.432129 0.095703 0.051758
0 0.713379 0.402344 0.096680 0.062500
0 0.702148 0.738281 0.093750 0.097656
0 0.408691 0.058105 0.133789 0.110352
0 0.984863 0.503418 0.030273 0.127930
0 0.726074 0.150391 0.090820 0.083984
0 0.733398 0.388184 0.054688 0.084961
0 0.213379 0.718750 0.092773 0.074219
0 0.138672 0.735840 0.080078 0.065430
0 0.122070 0.802246 0.074219 0.059570
0 0.115723 0.968750 0.059570 0.062500
0 0.348145 0.824707 0.041992 0.047852
0 0.770020 0.854492 0.084961 0.068359
0 0.162598 0.459961 0.100586 0.042969
0 0.118164 0.399414 0.097656 0.074219
0 0.124023 0.289062 0.117188 0.087891
0 0.192383 0.218262 0.082031 0.098633
0 0.154297 0.086426 0.064453 0.077148
0 0.030273 0.433594 0.060547 0.072266
0 0.040527 0.296875 0.081055 0.070312
0 0.887207 0.321777 0.075195 0.116211
0 0.436035 0.978027 0.112305 0.043945
0 0.634277 0.883301 0.043945 0.034180
0 0.039062 0.104980 0.056641 0.055664
0 0.113281 0.154297 0.062500 0.048828
