0 0.372559 0.023438 0.090820 0.046875
0 0.032227 0.024902 0.064453 0.049805
0 0.042969 0.193848 0.085938 0.069336
0 0.163574 0.266602 0.067383 0.074219
0 0.097656 0.263672 0.082031 0.076172
0 0.251465 0.302246 0.092773 0.067383
0 0.341309 0.292480 0.083008 0.077148
0 0.381348 0.208984 0.075195 0.060547
0 0.507812 0.282715 0.109375 0.141602
0 0.603516 0.181641 0.074219 0.056641
0 0.521484 0.148438 0.066406 0.058594
0 0.622070 0.249512 0.068359 0.059570
0 0.839844 0.472656 0.087891 0.119141
0 0.920410 0.325684 0.098633 0.061523
0 0.927734 0.389648 0.109375 0.058594
0 0.959961 0.147949 0.064453 0.090820
0 0.554199 0.535156 0.129883 0.058594
0 0.772949 0.547363 0.116211 0.073242
0 0.186523 0.515137 0.113281 0.083008
0 0.289551 0.566406 0.063477 0.062500
0 0.382812 0.680664 0.078125 0.060547
0 0.120605 0.626953 0.094727 0.115234
0 0.182617 0.728027 0.066406 0.069336
0 0.233398 0.912109 0.085938 0.056641
0 0.381348 0.979980 0.075195 0.040039
0 0.453613 0.971191 0.067383 0.057617
0 0.653320 0.876953 0.054688 0.052734
0 0.630859 0.795898 0.044922 0.066406
0 0.782715 0.785645 0.063477 0.084961
0 0.880371 0.813477 0.053711 0.066406
0 0.873535 0.735840 0.069336 0.069336
0 0.731445 0.952637 0.099609 0.094727
0 0.860352 0.944824 0.085938 0.110352
0 0.499023 0.603516 0.074219 0.070312
0 0.446289 0.528809 0.082031 0.071289
0 0.645996 0.601562 0.069336 0.058594
0 0.726074 0.336914 0.071289 0.052734
0 0.723145 0.418945 0.065430 0.080078
0 0.030762 0.288086 0.061523 0.082031
0 0.078125 0.875488 0.091797 0.108398
0 0.148438 0.189453 0.066406 0.050781
0 0.711426 0.058594 0.071289 0.058594
0 0.089355 0.300781 0.053711 0.056641
0 0.093750 0.905762 0.080078 0.055664
