0 0.571777 0.282227 0.051758 0.083984
0 0.375488 0.385742 0.073242 0.080078
0 0.271973 0.306152 0.071289 0.110352
0 0.017578 0.702148 0.035156 0.111328
0 0.653320 0.379395 0.068359 0.081055
0 0.379395 0.753906 0.059570 0.078125
0 0.027930 0.579199 0.055859 0.082031
0 0.975098 0.245117 0.049805 0.123047
0 0.012695 0.334961 0.025391 0.078125
0 0.698730 0.770996 0.061523 0.096680
0 0.263184 0.766602 0.079102 0.076172
0 0.860840 0.241699 0.047852 0.079102
0 0.490234 0.304199 0.097656 0.075195
0 0.424316 0.209961 0.084961 0.164062
0 0.829590 0.848633 0.059570 0.046875
0 0.472168 0.622070 0.049805 0.091797
0 0.957031 0.325684 0.048828 0.077148
0 0.812988 0.120605 0.032227 0.090820
0 0.753418 0.339355 0.051758 0.077148
0 0.641113 0.651367 0.051758 0.080078
0 0.481445 0.873047 0.074219 0.039062
0 0.458008 0.461914 0.068359 0.070312
0 0.958496 0.610352 0.032227 0.068359
0 0.794434 0.812012 0.043945 0.081055
0 0.191895 0.648438 0.077148 0.037109
0 0.623047 0.405762 0.029297 0.059570
0 0.191895 0.391602 0.043945 0.068359
0 0.593262 0.455566 0.069336 0.034180
0 0.609863 0.673828 0.069336 0.048828
0 0.975586 0.393555 0.046875 0.058594
0 0.216797 0.490234 0.058594 0.048828
0 0.285645 0.654785 0.067383 0.075195
0 0.210449 0.281250 0.059570 0.070312
0 0.066895 0.475586 0.057617 0.044922
0 0.580566 0.829590 0.112305 0.077148
0 0.297363 0.481445 0.059570 0.033203
0 0.220703 0.371582 0.048828 0.036133
0 0.276855 0.034180 0.059570 0.056641
0 0.332520 0.323242 0.043945 0.064453
0 0.453125 0.566406 0.066406 0.080078
0 0.938477 0.872559 0.029297 0.040039
0 0.452148 0.147461 0.046875 0.052734
0 0.666504 0.297363 0.040039 0.043945
0 0.843750 0.322266 0.062500 0.070312
0 0.979004 0.490234 0.041992 0.037109
0 0.500000 0.429688 0.091797 0.035156
0 0.680664 0.860840 0.023438 0.063477
0 0.244629 0.424805 0.053711 0.050781
0 0.851562 0.461914 0.035156 0.048828
0 0.575195 0.762695 0.058594 0.058594
0 0.882324 0.803711 0.081055 0.064453
0 0.742676 0.052734 0.051758 0.054688
0 0.930176 0.086426 0.045898 0.047852
0 0.737305 0.802734 0.033203 0.074219
0 0.649414 0.840332 0.044922 0.040039
0 0.686523 0.550781 0.052734 0.037109
0 0.923828 0.484863 0.029297 0.047852
0 0.787109 0.427734 0.033203 0.041016
0 0.097656 0.202637 0.039062 0.045898
0 0.041992 0.148926 0.083984 0.041992
0 0.872070 0.886230 0.052734 0.043945
0 0.274414 0.148926 0.048828 0.053711
0 0.491699 0.394043 0.059570 0.051758
0 0.096680 0.970703 0.074219 0.058594
0 0.166992 0.928223 0.083984 0.063477
0 0.186035 0.976562 0.061523 0.042969
0 0.270508 0.981445 0.072266 0.037109
0 0.353027 0.977539 0.057617 0.044922
0 0.448242 0.976074 0.111328 0.047852
0 0.670898 0.970215 0.064453 0.059570
0 0.709473 0.980957 0.063477 0.038086
0 0.938965 0.984375 0.063477 0.031250
