0 0.679688 0.895996 0.089844 0.077148
0 0.174316 0.450684 0.065430 0.057617
0 0.538086 0.708496 0.107422 0.077148
0 0.498047 0.289551 0.097656 0.084961
0 0.155762 0.930176 0.096680 0.063477
0 0.125488 0.755371 0.069336 0.083008
0 0.061035 0.113770 0.122070 0.116211
0 0.653320 0.254395 0.097656 0.084961
0 0.720703 0.625000 0.132812 0.070312
0 0.023438 0.309570 0.046875 0.095703
0 0.103027 0.661621 0.067383 0.084961
0 0.808105 0.452637 0.122070 0.063477
0 0.285156 0.977539 0.105469 0.044922
0 0.936523 0.897949 0.093750 0.059570
0 0.872070 0.329590 0.140625 0.094727
0 0.679688 0.410645 0.080078 0.061523
0 0.125000 0.344238 0.125000 0.129883
0 0.867676 0.924316 0.047852 0.047852
0 0.857910 0.763672 0.122070 0.046875
0 0.140625 0.321777 0.123047 0.075195
0 0.225586 0.139648 0.091797 0.085938
0 0.626953 0.771484 0.128906 0.058594
