0 0.012695 0.439453 0.025391 0.091797
0 0.207520 0.183594 0.122070 0.066406
0 0.463867 0.187012 0.189453 0.081055
0 0.796875 0.324219 0.123047 0.164062
0 0.599121 0.396973 0.172852 0.155273
0 0.848145 0.558594 0.229492 0.117188
0 0.515625 0.585938 0.251953 0.101562
0 0.937500 0.799316 0.125000 0.114258
0 0.061523 0.640625 0.123047 0.119141
0 0.039551 0.757812 0.079102 0.093750
0 0.180176 0.973145 0.106445 0.053711
0 0.658691 0.824219 0.141602 0.093750
0 0.257324 0.701172 0.161133 0.068359
0 0.085938 0.426758 0.058594 0.093750
0 0.157715 0.282227 0.069336 0.070312
0 0.279785 0.229980 0.065430 0.059570
0 0.300781 0.370117 0.132812 0.154297
0 0.453613 0.409668 0.053711 0.051758
0 0.131836 0.526367 0.058594 0.076172
0 0.270996 0.651367 0.112305 0.064453
0 0.397949 0.708496 0.051758 0.047852
0 0.276855 0.843262 0.079102 0.067383
0 0.147949 0.801758 0.084961 0.068359
0 0.206055 0.918945 0.087891 0.062500
0 0.687988 0.966797 0.077148 0.066406
0 0.385742 0.861328 0.095703 0.076172
0 0.406250 0.979980 0.095703 0.040039
0 0.464844 0.963379 0.078125 0.073242
0 0.385742 0.776367 0.097656 0.074219
0 0.586426 0.729004 0.069336 0.057617
0 0.656250 0.553223 0.087891 0.083008
0 0.957520 0.247559 0.084961 0.071289
0 0.736328 0.162109 0.072266 0.072266
0 0.633789 0.170898 0.080078 0.078125
0 0.471680 0.276855 0.072266 0.071289
0 0.615723 0.027344 0.145508 0.039062
0 0.747070 0.026367 0.115234 0.052734
0 0.551270 0.819336 0.055664 0.072266
0 0.970703 0.145996 0.058594 0.077148
