0 0.299316 0.162598 0.104492 0.057617
0 0.047852 0.465332 0.095703 0.049805
0 0.521973 0.128906 0.084961 0.044922
0 0.940430 0.245117 0.113281 0.054688
0 0.282715 0.488281 0.116211 0.062500
0 0.401367 0.252930 0.105469 0.042969
0 0.692871 0.219238 0.104492 0.032227
0 0.667969 0.476562 0.105469 0.048828
0 0.956055 0.187500 0.085938 0.064453
0 0.173340 0.263672 0.096680 0.041016
0 0.577148 0.223633 0.072266 0.035156
0 0.478516 0.229492 0.083984 0.041016
0 0.590332 0.182129 0.084961 0.040039
0 0.854980 0.458984 0.088867 0.046875
0 0.596191 0.266113 0.110352 0.041992
0 0.122559 0.461426 0.108398 0.043945
0 0.751465 0.362305 0.090820 0.027344
0 0.405762 0.343262 0.133789 0.047852
0 0.782715 0.291992 0.102539 0.044922
0 0.964355 0.652832 0.071289 0.032227
0 0.797852 0.453613 0.058594 0.036133
0 0.457031 0.593750 0.109375 0.035156
0 0.555664 0.804688 0.087891 0.052734
0 0.850586 0.565430 0.080078 0.033203
0 0.815918 0.244629 0.079102 0.040039
0 0.267578 0.922363 0.126953 0.051758
0 0.045410 0.647949 0.088867 0.030273
0 0.343262 0.872070 0.106445 0.056641
0 0.200684 0.186035 0.075195 0.036133
0 0.956055 0.658203 0.087891 0.054688
0 0.140625 0.891602 0.080078 0.054688
0 0.857910 0.167480 0.114258 0.049805
0 0.511230 0.166992 0.090820 0.039062
0 0.842285 0.530273 0.100586 0.039062
0 0.623047 0.437988 0.103516 0.034180
0 0.786621 0.604492 0.073242 0.033203
0 0.947754 0.500488 0.090820 0.047852
0 0.681641 0.657715 0.117188 0.034180
0 0.632324 0.818848 0.086914 0.040039
0 0.899414 0.209473 0.066406 0.036133
0 0.059082 0.304199 0.108398 0.057617
0 0.966797 0.360840 0.064453 0.051758
0 0.850586 0.777344 0.099609 0.046875
0 0.250000 0.619629 0.109375 0.036133
0 0.740723 0.901367 0.108398 0.056641
0 0.925781 0.757324 0.089844 0.036133
0 0.679688 0.694336 0.068359 0.029297
0 0.873047 0.900879 0.080078 0.045898
0 0.426270 0.148926 0.069336 0.041992
0 0.195801 0.892578 0.098633 0.046875
0 0.251465 0.520508 0.094727 0.041016
0 0.382812 0.497070 0.125000 0.042969
0 0.881836 0.293457 0.082031 0.041992
0 0.118164 0.958008 0.117188 0.039062
0 0.038574 0.614746 0.077148 0.036133
0 0.336914 0.286133 0.052734 0.021484
0 0.303223 0.804688 0.098633 0.042969
0 0.466797 0.545898 0.115234 0.044922
0 0.529785 0.698242 0.084961 0.039062
0 0.509277 0.516113 0.088867 0.038086
0 0.168945 0.946289 0.101562 0.037109
0 0.122559 0.755371 0.114258 0.040039
0 0.666016 0.885742 0.095703 0.037109
0 0.255859 0.606934 0.095703 0.036133
0 0.158691 0.592773 0.108398 0.044922
0 0.257324 0.333496 0.108398 0.040039
0 0.677734 0.471191 0.080078 0.036133
0 0.887207 0.272949 0.096680 0.034180
0 0.085449 0.203613 0.137695 0.038086
0 0.056641 0.589355 0.113281 0.047852
0 0.714355 0.630371 0.106445 0.034180
0 0.380859 0.469727 0.103516 0.037109
0 0.328613 0.441895 0.071289 0.030273
