0 0.879883 0.422363 0.160156 0.084961
0 0.582031 0.312012 0.085938 0.065430
0 0.695801 0.503418 0.083008 0.077148
0 0.071777 0.011230 0.084961 0.022461
0 0.050781 0.046875 0.091797 0.064453
0 0.410645 0.110840 0.067383 0.057617
0 0.019531 0.648438 0.039062 0.087891
0 0.095703 0.159668 0.087891 0.069336
0 0.939453 0.284180 0.099609 0.080078
0 0.043457 0.739746 0.086914 0.094727
0 0.339355 0.881836 0.075195 0.064453
0 0.277832 0.163086 0.102539 0.072266
0 0.352051 0.485352 0.079102 0.062500
0 0.564453 0.070312 0.123047 0.078125
0 0.332031 0.397461 0.089844 0.080078
0 0.604492 0.441895 0.099609 0.075195
0 0.171875 0.945801 0.115234 0.086914
0 0.286621 0.049316 0.084961 0.059570
0 0.138672 0.718262 0.097656 0.102539
0 0.819336 0.717285 0.144531 0.084961
0 0.389160 0.533203 0.120117 0.078125
0 0.297852 0.719727 0.107422 0.070312
0 0.967285 0.622070 0.065430 0.064453
0 0.340820 0.664551 0.087891 0.045898
0 0.315918 0.613281 0.086914 0.056641
