0 0.019043 0.955078 0.038086 0.074219
0 0.555176 0.018555 0.127930 0.037109
0 0.685547 0.038574 0.066406 0.071289
0 0.672363 0.116211 0.081055 0.078125
0 0.394043 0.150879 0.081055 0.077148
0 0.480469 0.143066 0.091797 0.057617
0 0.557617 0.177246 0.068359 0.090820
0 0.217773 0.100586 0.074219 0.085938
0 0.207031 0.167480 0.058594 0.067383
0 0.144531 0.154785 0.060547 0.065430
0 0.106445 0.104980 0.068359 0.059570
0 0.057129 0.029297 0.092773 0.058594
0 0.055176 0.153809 0.075195 0.094727
0 0.236328 0.412109 0.062500 0.097656
0 0.317871 0.418945 0.077148 0.062500
0 0.421875 0.373535 0.072266 0.102539
0 0.043457 0.626953 0.086914 0.068359
0 0.206055 0.578613 0.089844 0.073242
0 0.174805 0.675293 0.080078 0.077148
0 0.117188 0.719727 0.132812 0.072266
0 0.288086 0.765625 0.058594 0.076172
0 0.233887 0.825195 0.075195 0.119141
0 0.485840 0.719238 0.065430 0.061523
0 0.555176 0.743164 0.069336 0.083984
0 0.578125 0.684082 0.074219 0.053711
0 0.626953 0.602051 0.064453 0.059570
0 0.623535 0.318848 0.065430 0.071289
0 0.636719 0.504883 0.066406 0.072266
0 0.604004 0.474609 0.059570 0.060547
0 0.745605 0.307129 0.098633 0.081055
0 0.764648 0.207520 0.087891 0.071289
0 0.887207 0.240723 0.125977 0.057617
0 0.825684 0.497070 0.084961 0.074219
0 0.718262 0.488770 0.065430 0.051758
0 0.819824 0.569336 0.065430 0.060547
0 0.946289 0.439941 0.054688 0.059570
0 0.919922 0.548340 0.072266 0.059570
0 0.924316 0.503418 0.063477 0.041992
0 0.857910 0.629395 0.065430 0.071289
0 0.929688 0.651367 0.091797 0.058594
0 0.783203 0.742676 0.060547 0.057617
0 0.901367 0.713379 0.064453 0.065430
0 0.843750 0.982910 0.130859 0.034180
0 0.235352 0.977051 0.072266 0.045898
0 0.310547 0.971680 0.083984 0.056641
0 0.446289 0.958984 0.119141 0.056641
0 0.473145 0.988770 0.129883 0.022461
0 0.964355 0.142578 0.067383 0.070312
0 0.769531 0.041016 0.085938 0.082031
0 0.023926 0.294922 0.047852 0.062500
0 0.117188 0.973145 0.080078 0.053711
0 0.877930 0.280273 0.078125 0.046875
0 0.303711 0.078613 0.070312 0.063477
0 0.535156 0.144531 0.046875 0.066406
0 0.542969 0.626465 0.113281 0.065430
0 0.864746 0.539551 0.051758 0.069336
