0 0.551270 0.854004 0.184570 0.094727
0 0.465820 0.613281 0.091797 0.126953
0 0.259277 0.345703 0.094727 0.126953
0 0.561035 0.153320 0.084961 0.125000
0 0.976074 0.423340 0.047852 0.122070
0 0.182129 0.911621 0.104492 0.165039
0 0.583008 0.002441 0.097656 0.004883
0 0.899414 0.198242 0.099609 0.072266
0 0.815430 0.061035 0.072266 0.092773
0 0.957031 0.289551 0.085938 0.084961
0 0.120605 0.427246 0.163086 0.139648
0 0.420898 0.019531 0.091797 0.039062
0 0.812988 0.848145 0.069336 0.083008
0 0.339355 0.069336 0.094727 0.089844
0 0.441895 0.755859 0.094727 0.107422
0 0.790527 0.493652 0.077148 0.057617
0 0.945801 0.763184 0.057617 0.073242
0 0.421875 0.439453 0.240234 0.089844
0 0.371094 0.353516 0.107422 0.087891
0 0.583496 0.311035 0.235352 0.190430
0 0.865723 0.657227 0.077148 0.064453
0 0.295898 0.205566 0.078125 0.083008
0 0.978516 0.763184 0.042969 0.227539
0 0.690918 0.676758 0.057617 0.099609
0 0.075684 0.178223 0.151367 0.174805
0 0.614746 0.490723 0.104492 0.221680
0 0.069336 0.266113 0.134766 0.102539
0 0.697266 0.562012 0.275391 0.120117
0 0.291992 0.540527 0.080078 0.172852
0 0.283691 0.703613 0.084961 0.069336
0 0.139648 0.804688 0.134766 0.115234
0 0.706055 0.964844 0.087891 0.070312
0 0.960938 0.097168 0.078125 0.194336
0 0.976074 0.126953 0.047852 0.105469
0 0.357422 0.530762 0.080078 0.102539
0 0.198242 0.249512 0.087891 0.075195
0 0.072266 0.920898 0.080078 0.158203
0 0.075684 0.832031 0.147461 0.125000
0 0.123047 0.777344 0.107422 0.089844
0 0.620605 0.220703 0.077148 0.113281
0 0.259277 0.976074 0.075195 0.047852
0 0.035645 0.944336 0.067383 0.054688
0 0.117188 0.911133 0.060547 0.107422
0 0.653320 0.324707 0.091797 0.120117
