0 0.143066 0.031250 0.147461 0.062500
0 0.861816 0.554688 0.092773 0.117188
0 0.809570 0.658691 0.099609 0.067383
0 0.643555 0.120605 0.226562 0.163086
0 0.028320 0.045898 0.056641 0.091797
0 0.649902 0.289062 0.106445 0.238281
0 0.839355 0.827148 0.174805 0.140625
0 0.854492 0.425781 0.195312 0.126953
0 0.299805 0.736328 0.304688 0.234375
0 0.939941 0.893066 0.120117 0.122070
0 0.859375 0.084961 0.185547 0.169922
0 0.260742 0.915527 0.408203 0.165039
0 0.923828 0.378906 0.152344 0.103516
0 0.187012 0.739746 0.180664 0.290039
0 0.983398 0.767090 0.033203 0.120117
0 0.905762 0.768555 0.118164 0.107422
0 0.195801 0.934570 0.157227 0.130859
0 0.804199 0.219238 0.120117 0.094727
0 0.714355 0.376953 0.088867 0.087891
0 0.693848 0.204102 0.067383 0.060547
