0 0.043945 0.093750 0.087891 0.099609
0 0.490723 0.041504 0.163086 0.069336
0 0.385254 0.031738 0.075195 0.063477
0 0.416504 0.113770 0.092773 0.086914
0 0.281250 0.068848 0.089844 0.137695
0 0.395996 0.237305 0.165039 0.089844
0 0.517578 0.182129 0.082031 0.073242
0 0.692871 0.231934 0.079102 0.096680
0 0.672852 0.371582 0.119141 0.083008
0 0.562988 0.456055 0.077148 0.121094
0 0.411133 0.415039 0.138672 0.095703
0 0.364746 0.489746 0.069336 0.092773
0 0.228516 0.328613 0.072266 0.145508
0 0.066895 0.316895 0.129883 0.081055
0 0.087891 0.233887 0.126953 0.100586
0 0.015137 0.428223 0.030273 0.092773
0 0.145508 0.516113 0.126953 0.102539
0 0.018066 0.501465 0.036133 0.077148
0 0.259766 0.446777 0.101562 0.090820
0 0.240723 0.687012 0.174805 0.098633
0 0.221680 0.882324 0.167969 0.172852
0 0.305664 0.963379 0.097656 0.073242
0 0.551270 0.663086 0.081055 0.115234
0 0.760254 0.635254 0.079102 0.139648
0 0.667480 0.510742 0.059570 0.095703
0 0.011230 0.833984 0.022461 0.119141
0 0.946777 0.916016 0.106445 0.109375
0 0.956543 0.715820 0.086914 0.121094
0 0.980469 0.601562 0.039062 0.107422
0 0.958496 0.150391 0.083008 0.117188
0 0.830078 0.169434 0.076172 0.102539
0 0.938477 0.289551 0.123047 0.084961
0 0.853516 0.314941 0.115234 0.088867
0 0.158691 0.400879 0.067383 0.079102
0 0.203613 0.204102 0.100586 0.089844
