0 0.354492 0.836426 0.105469 0.049805
0 0.921387 0.390137 0.086914 0.041992
0 0.617676 0.392578 0.108398 0.076172
0 0.238770 0.458008 0.086914 0.062500
0 0.184570 0.812988 0.082031 0.049805
0 0.423340 0.965820 0.034180 0.068359
0 0.607422 0.320312 0.146484 0.066406
0 0.257812 0.882324 0.080078 0.040039
0 0.385742 0.154785 0.140625 0.045898
0 0.729980 0.200195 0.098633 0.044922
0 0.150391 0.416992 0.154297 0.056641
0 0.123047 0.589355 0.076172 0.038086
0 0.482422 0.438477 0.113281 0.064453
0 0.076172 0.099609 0.140625 0.066406
0 0.447754 0.641602 0.055664 0.052734
0 0.987793 0.016113 0.024414 0.030273
0 0.931641 0.065918 0.130859 0.055664
0 0.391113 0.044922 0.100586 0.031250
0 0.764648 0.392090 0.117188 0.041992
0 0.706543 0.153809 0.110352 0.061523
0 0.979980 0.673340 0.040039 0.057617
0 0.436035 0.109375 0.088867 0.056641
0 0.758301 0.980957 0.034180 0.038086
0 0.229004 0.751465 0.102539 0.045898
0 0.120605 0.026855 0.088867 0.053711
0 0.409180 0.257324 0.062500 0.057617
0 0.826172 0.048340 0.050781 0.028320
0 0.393555 0.344727 0.107422 0.070312
0 0.849609 0.989746 0.076172 0.020508
0 0.411621 0.019043 0.133789 0.036133
0 0.684082 0.381348 0.067383 0.057617
0 0.650391 0.750977 0.099609 0.039062
0 0.807129 0.693848 0.122070 0.034180
0 0.811523 0.735352 0.056641 0.050781
0 0.332520 0.713379 0.096680 0.047852
0 0.266602 0.490234 0.126953 0.041016
0 0.740723 0.047852 0.053711 0.050781
0 0.372070 0.795898 0.076172 0.076172
0 0.666504 0.679199 0.104492 0.049805
0 0.412598 0.519531 0.096680 0.029297
0 0.798340 0.439941 0.129883 0.036133
0 0.458984 0.695801 0.083984 0.040039
0 0.129883 0.150879 0.183594 0.061523
0 0.470215 0.091797 0.073242 0.041016
0 0.276855 0.964355 0.276367 0.071289
0 0.883301 0.640625 0.063477 0.035156
0 0.252441 0.375000 0.145508 0.039062
0 0.631348 0.095215 0.086914 0.036133
0 0.024414 0.907227 0.048828 0.042969
0 0.054199 0.710449 0.102539 0.049805
0 0.196777 0.638672 0.151367 0.062500
0 0.920898 0.985352 0.042969 0.029297
0 0.144043 0.727051 0.088867 0.041992
0 0.920410 0.514160 0.065430 0.043945
0 0.905762 0.696777 0.081055 0.032227
0 0.026855 0.665039 0.051758 0.037109
0 0.846680 0.666504 0.060547 0.026367
0 0.059082 0.751465 0.108398 0.034180
0 0.377930 0.454102 0.083984 0.044922
0 0.729492 0.971680 0.097656 0.042969
0 0.920410 0.657227 0.086914 0.054688
0 0.244141 0.638672 0.113281 0.093750
