0 0.328125 0.131836 0.089844 0.054688
0 0.234863 0.166504 0.125977 0.065430
0 0.511719 0.238770 0.093750 0.061523
0 0.612305 0.171875 0.093750 0.091797
0 0.717285 0.104980 0.075195 0.079102
0 0.776367 0.193848 0.083984 0.049805
0 0.827637 0.240234 0.073242 0.062500
0 0.060059 0.155762 0.120117 0.059570
0 0.181641 0.017090 0.089844 0.034180
0 0.285156 0.035156 0.050781 0.070312
0 0.480469 0.034668 0.228516 0.069336
0 0.474121 0.093262 0.100586 0.081055
0 0.817871 0.120117 0.075195 0.064453
0 0.805176 0.043457 0.055664 0.079102
0 0.968750 0.041992 0.056641 0.052734
0 0.979004 0.317871 0.041992 0.067383
0 0.583008 0.319336 0.107422 0.052734
0 0.757324 0.347656 0.059570 0.097656
0 0.266113 0.362793 0.067383 0.086914
0 0.423828 0.378906 0.115234 0.060547
0 0.374023 0.339355 0.078125 0.047852
0 0.198242 0.400391 0.109375 0.064453
0 0.028809 0.383789 0.057617 0.060547
0 0.268066 0.587402 0.161133 0.084961
0 0.239746 0.693359 0.147461 0.068359
0 0.440918 0.630859 0.125977 0.064453
0 0.692383 0.560059 0.089844 0.055664
0 0.655273 0.451172 0.072266 0.115234
0 0.756836 0.483887 0.054688 0.096680
0 0.837891 0.526367 0.103516 0.080078
0 0.923828 0.625488 0.109375 0.086914
0 0.734863 0.758789 0.067383 0.054688
0 0.331055 0.883789 0.132812 0.062500
0 0.970703 0.828613 0.058594 0.069336
0 0.289551 0.436035 0.063477 0.045898
0 0.923828 0.368164 0.078125 0.064453
