0 0.536621 0.595215 0.077148 0.065430
0 0.377441 0.235840 0.063477 0.073242
0 0.729004 0.039062 0.090820 0.076172
0 0.874023 0.576172 0.064453 0.078125
0 0.257324 0.541992 0.073242 0.074219
0 0.575684 0.250488 0.069336 0.094727
0 0.190430 0.545410 0.101562 0.051758
0 0.462891 0.027344 0.054688 0.052734
0 0.987793 0.584473 0.024414 0.077148
0 0.740234 0.497559 0.052734 0.086914
0 0.945312 0.033691 0.080078 0.065430
0 0.463867 0.497070 0.076172 0.066406
0 0.643555 0.609375 0.087891 0.076172
0 0.738770 0.423828 0.071289 0.062500
0 0.477539 0.408203 0.082031 0.044922
0 0.136719 0.108398 0.080078 0.068359
0 0.446777 0.595215 0.075195 0.055664
0 0.877930 0.047363 0.080078 0.059570
0 0.246094 0.480469 0.107422 0.058594
0 0.164551 0.318848 0.108398 0.059570
0 0.560547 0.324219 0.046875 0.060547
0 0.934082 0.287598 0.053711 0.063477
0 0.645996 0.572266 0.075195 0.046875
0 0.227539 0.906250 0.074219 0.052734
0 0.391602 0.673340 0.074219 0.067383
0 0.561035 0.588379 0.069336 0.057617
0 0.693359 0.035645 0.060547 0.063477
0 0.040527 0.544434 0.081055 0.051758
0 0.141602 0.891113 0.089844 0.041992
0 0.922852 0.556641 0.070312 0.054688
0 0.389648 0.980957 0.105469 0.038086
0 0.097656 0.747559 0.062500 0.032227
0 0.955078 0.909668 0.089844 0.045898
0 0.222656 0.397949 0.121094 0.049805
0 0.268555 0.305176 0.080078 0.043945
0 0.510742 0.907715 0.068359 0.026367
0 0.255859 0.692871 0.062500 0.034180
0 0.075684 0.655762 0.083008 0.043945
0 0.068359 0.260254 0.076172 0.073242
0 0.769531 0.723633 0.070312 0.033203
0 0.308105 0.337891 0.079102 0.031250
0 0.269531 0.645020 0.083984 0.067383
0 0.705078 0.961914 0.103516 0.050781
0 0.538086 0.019531 0.052734 0.037109
0 0.652832 0.652344 0.071289 0.039062
0 0.878418 0.877930 0.047852 0.050781
0 0.134277 0.645996 0.104492 0.036133
0 0.165527 0.362305 0.092773 0.052734
0 0.018555 0.571289 0.037109 0.046875
0 0.176758 0.282715 0.115234 0.038086
0 0.020020 0.213379 0.040039 0.036133
0 0.669434 0.936523 0.045898 0.037109
0 0.512207 0.733887 0.049805 0.038086
0 0.215820 0.637695 0.095703 0.048828
0 0.671387 0.514160 0.069336 0.041992
0 0.765137 0.111816 0.045898 0.038086
0 0.073730 0.382324 0.094727 0.036133
0 0.090820 0.904785 0.041016 0.043945
0 0.807129 0.978516 0.092773 0.042969
0 0.627441 0.486816 0.059570 0.051758
0 0.701660 0.465332 0.051758 0.063477
0 0.331055 0.669434 0.078125 0.040039
0 0.192383 0.450684 0.044922 0.032227
0 0.143555 0.505859 0.060547 0.066406
0 0.014648 0.608398 0.029297 0.027344
0 0.335449 0.037598 0.071289 0.075195
