0 0.013672 0.018066 0.027344 0.036133
0 0.093750 0.071289 0.044922 0.082031
0 0.167480 0.045898 0.049805 0.089844
0 0.216797 0.028809 0.076172 0.057617
0 0.183594 0.493164 0.136719 0.072266
0 0.131836 0.391602 0.078125 0.058594
0 0.155762 0.435059 0.079102 0.059570
0 0.270996 0.324707 0.079102 0.047852
0 0.320312 0.254883 0.085938 0.044922
0 0.353516 0.423828 0.087891 0.101562
0 0.583496 0.388672 0.061523 0.123047
0 0.267090 0.590332 0.065430 0.075195
0 0.135254 0.134766 0.096680 0.066406
0 0.333008 0.016602 0.087891 0.033203
0 0.352051 0.088867 0.069336 0.109375
0 0.135254 0.748047 0.067383 0.105469
0 0.312500 0.693359 0.062500 0.052734
0 0.394531 0.708008 0.080078 0.076172
0 0.359863 0.768555 0.079102 0.054688
0 0.061523 0.867188 0.109375 0.136719
0 0.444336 0.149414 0.107422 0.060547
0 0.452637 0.055664 0.055664 0.064453
0 0.526855 0.018555 0.104492 0.037109
0 0.531250 0.067871 0.093750 0.069336
0 0.708496 0.127441 0.083008 0.108398
0 0.799316 0.229004 0.069336 0.061523
0 0.761230 0.335449 0.096680 0.073242
0 0.810547 0.524414 0.095703 0.076172
0 0.675781 0.514160 0.095703 0.116211
0 0.602539 0.590820 0.144531 0.097656
0 0.608398 0.780273 0.082031 0.130859
0 0.821777 0.850586 0.122070 0.050781
0 0.714844 0.875488 0.080078 0.053711
0 0.676270 0.925781 0.084961 0.054688
0 0.782227 0.942383 0.050781 0.076172
0 0.962891 0.913574 0.074219 0.067383
0 0.854980 0.979492 0.104492 0.041016
0 0.756836 0.015137 0.054688 0.030273
0 0.794434 0.072754 0.055664 0.084961
0 0.839844 0.077637 0.050781 0.079102
0 0.833984 0.008301 0.066406 0.016602
0 0.939941 0.007812 0.083008 0.015625
0 0.982422 0.268066 0.035156 0.057617
0 0.987793 0.121094 0.024414 0.095703
0 0.988281 0.026855 0.023438 0.053711
0 0.951660 0.132812 0.059570 0.097656
0 0.898926 0.236328 0.069336 0.041016
0 0.901367 0.309570 0.091797 0.125000
0 0.758301 0.748047 0.069336 0.060547
0 0.960938 0.564453 0.042969 0.041016
0 0.593262 0.250977 0.106445 0.083984
0 0.511230 0.235352 0.110352 0.119141
