0 0.864746 0.034668 0.129883 0.069336
0 0.029297 0.317871 0.058594 0.088867
0 0.354004 0.270996 0.116211 0.174805
0 0.891602 0.408691 0.121094 0.208008
0 0.558594 0.592773 0.220703 0.185547
0 0.282227 0.522949 0.089844 0.133789
0 0.035645 0.114258 0.071289 0.074219
0 0.185059 0.075195 0.083008 0.132812
0 0.297852 0.013672 0.091797 0.027344
0 0.566895 0.299805 0.254883 0.255859
0 0.819336 0.271484 0.289062 0.113281
0 0.651367 0.052246 0.146484 0.071289
0 0.164551 0.544922 0.083008 0.101562
0 0.190918 0.723633 0.100586 0.193359
0 0.520996 0.864746 0.104492 0.174805
0 0.883301 0.761719 0.174805 0.082031
0 0.045410 0.954102 0.090820 0.087891
0 0.021484 0.444336 0.042969 0.048828
0 0.083984 0.067383 0.085938 0.078125
0 0.971191 0.031250 0.057617 0.062500
0 0.842773 0.102051 0.082031 0.061523
0 0.730469 0.175293 0.082031 0.075195
0 0.547852 0.175293 0.089844 0.071289
0 0.644043 0.182617 0.083008 0.064453
0 0.971191 0.332031 0.057617 0.076172
0 0.916016 0.577637 0.089844 0.086914
0 0.792480 0.640137 0.092773 0.083008
0 0.728516 0.523438 0.078125 0.080078
0 0.786621 0.484863 0.065430 0.083008
0 0.589844 0.428223 0.070312 0.073242
0 0.413574 0.611328 0.065430 0.074219
0 0.547363 0.679199 0.057617 0.071289
0 0.694824 0.760254 0.073242 0.137695
0 0.890625 0.703125 0.130859 0.041016
0 0.866699 0.927734 0.065430 0.072266
0 0.768066 0.847656 0.069336 0.105469
0 0.613770 0.798828 0.061523 0.044922
0 0.634277 0.895508 0.168945 0.191406
0 0.263184 0.958008 0.196289 0.083984
0 0.131348 0.764648 0.071289 0.080078
0 0.975586 0.537109 0.048828 0.056641
0 0.985352 0.595215 0.029297 0.061523
