0 0.351074 0.023926 0.079102 0.047852
0 0.069336 0.404297 0.066406 0.070312
0 0.142090 0.400879 0.116211 0.086914
0 0.043457 0.610840 0.083008 0.143555
0 0.040527 0.844727 0.081055 0.148438
0 0.047852 0.956543 0.062500 0.071289
0 0.230957 0.971191 0.149414 0.051758
0 0.304199 0.860840 0.112305 0.061523
0 0.375000 0.949707 0.080078 0.100586
0 0.426270 0.776855 0.129883 0.094727
0 0.621582 0.762207 0.100586 0.084961
0 0.578125 0.712891 0.068359 0.082031
0 0.417480 0.641113 0.077148 0.075195
0 0.543945 0.623535 0.082031 0.166992
0 0.624023 0.633301 0.080078 0.165039
0 0.292969 0.547363 0.074219 0.211914
0 0.374023 0.582031 0.076172 0.060547
0 0.401855 0.527832 0.100586 0.073242
0 0.369141 0.463867 0.054688 0.058594
0 0.346680 0.381348 0.070312 0.084961
0 0.287109 0.430176 0.099609 0.065430
0 0.578125 0.376953 0.066406 0.058594
0 0.428711 0.182129 0.060547 0.083008
0 0.508789 0.147949 0.056641 0.079102
0 0.561523 0.161133 0.082031 0.113281
0 0.670898 0.163574 0.115234 0.077148
0 0.769531 0.078613 0.074219 0.053711
0 0.961426 0.150879 0.077148 0.110352
0 0.917480 0.905762 0.159180 0.071289
0 0.979004 0.854980 0.041992 0.073242
0 0.839355 0.493164 0.106445 0.070312
0 0.929199 0.541992 0.141602 0.085938
0 0.975586 0.454590 0.048828 0.090820
0 0.872559 0.396973 0.069336 0.102539
0 0.931152 0.375000 0.065430 0.072266
0 0.799316 0.351562 0.075195 0.093750
0 0.963379 0.758789 0.073242 0.085938
0 0.828125 0.625000 0.060547 0.074219
0 0.382324 0.974121 0.118164 0.051758
0 0.020508 0.020996 0.041016 0.038086
0 0.193359 0.079590 0.115234 0.071289
0 0.775879 0.017090 0.061523 0.034180
0 0.327637 0.511719 0.184570 0.115234
0 0.633789 0.560547 0.068359 0.054688
0 0.526855 0.531738 0.069336 0.061523
0 0.621582 0.274902 0.043945 0.047852
0 0.920898 0.014648 0.031250 0.029297
