0 0.233398 0.367188 0.162109 0.105469
0 0.174316 0.910645 0.145508 0.127930
0 0.781738 0.782227 0.165039 0.105469
0 0.431152 0.243164 0.147461 0.107422
0 0.095703 0.023926 0.166016 0.043945
0 0.029297 0.294434 0.058594 0.065430
0 0.414551 0.385742 0.215820 0.091797
0 0.223145 0.500977 0.147461 0.072266
0 0.062500 0.184570 0.125000 0.140625
0 0.252930 0.634277 0.142578 0.075195
0 0.047852 0.441895 0.095703 0.083008
0 0.913086 0.876953 0.162109 0.070312
0 0.260742 0.178223 0.177734 0.096680
0 0.160645 0.812012 0.172852 0.069336
0 0.845215 0.615723 0.176758 0.131836
0 0.762207 0.276855 0.184570 0.100586
0 0.042480 0.934570 0.084961 0.095703
0 0.911133 0.937988 0.177734 0.067383
0 0.175781 0.691895 0.101562 0.069336
0 0.606934 0.203613 0.155273 0.067383
0 0.154297 0.149414 0.195312 0.150391
0 0.053223 0.620117 0.106445 0.060547
0 0.061035 0.690430 0.110352 0.078125
0 0.923340 0.760742 0.137695 0.082031
0 0.316895 0.487305 0.149414 0.089844
0 0.113281 0.369141 0.117188 0.125000
0 0.937012 0.497070 0.120117 0.064453
0 0.934570 0.379883 0.109375 0.080078
0 0.469238 0.299316 0.174805 0.104492
0 0.257324 0.247070 0.155273 0.080078
0 0.456543 0.056641 0.159180 0.107422
0 0.253418 0.029297 0.084961 0.058594
0 0.921875 0.693848 0.156250 0.053711
0 0.955566 0.640137 0.086914 0.049805
0 0.073730 0.552246 0.116211 0.055664
0 0.949707 0.163086 0.100586 0.082031
0 0.789062 0.016113 0.117188 0.032227
0 0.315430 0.042480 0.103516 0.079102
