0 0.897949 0.687988 0.073242 0.079102
0 0.645996 0.795410 0.075195 0.092773
0 0.715332 0.530762 0.084961 0.081055
0 0.338867 0.530273 0.076172 0.060547
0 0.433105 0.888184 0.084961 0.075195
0 0.246094 0.299316 0.080078 0.061523
0 0.496582 0.072266 0.114258 0.076172
0 0.750488 0.739746 0.069336 0.055664
0 0.386230 0.330078 0.104492 0.066406
0 0.453125 0.751465 0.095703 0.055664
0 0.971191 0.242676 0.057617 0.065430
0 0.150391 0.749512 0.074219 0.057617
0 0.054199 0.432129 0.098633 0.041992
0 0.560059 0.795410 0.116211 0.075195
0 0.502441 0.325195 0.073242 0.050781
0 0.316406 0.151367 0.076172 0.050781
0 0.636719 0.220215 0.066406 0.059570
0 0.206543 0.561523 0.036133 0.068359
0 0.718750 0.064453 0.031250 0.083984
0 0.689453 0.880371 0.136719 0.036133
0 0.614258 0.738770 0.066406 0.059570
0 0.046875 0.868652 0.093750 0.034180
0 0.547852 0.515625 0.062500 0.066406
0 0.228516 0.763672 0.072266 0.058594
0 0.478027 0.604980 0.092773 0.026367
0 0.016602 0.697266 0.033203 0.029297
0 0.608887 0.052734 0.045898 0.056641
0 0.950684 0.634277 0.057617 0.045898
0 0.750000 0.799805 0.066406 0.029297
0 0.245605 0.585449 0.028320 0.073242
0 0.800781 0.880859 0.066406 0.042969
0 0.163574 0.866211 0.084961 0.029297
0 0.950684 0.093750 0.049805 0.033203
0 0.024902 0.446289 0.049805 0.130859
0 0.524902 0.228027 0.063477 0.043945
0 0.071777 0.657227 0.106445 0.041016
0 0.766113 0.962402 0.034180 0.055664
0 0.425293 0.529785 0.059570 0.065430
0 0.973633 0.013184 0.052734 0.022461
0 0.473633 0.565918 0.048828 0.061523
0 0.436035 0.641602 0.094727 0.027344
0 0.085938 0.196289 0.111328 0.050781
0 0.496094 0.494141 0.027344 0.085938
0 0.461914 0.419434 0.050781 0.038086
0 0.570801 0.646973 0.094727 0.043945
0 0.084473 0.467773 0.069336 0.021484
0 0.139160 0.807617 0.063477 0.029297
0 0.277832 0.279297 0.057617 0.035156
0 0.012207 0.331055 0.024414 0.017578
0 0.028809 0.127930 0.045898 0.029297
0 0.699707 0.013672 0.047852 0.025391
0 0.323730 0.843750 0.043945 0.035156
0 0.662109 0.648926 0.070312 0.040039
0 0.077148 0.760254 0.093750 0.028320
0 0.495605 0.284180 0.045898 0.062500
0 0.732910 0.762695 0.041992 0.031250
0 0.410156 0.928223 0.052734 0.022461
0 0.181152 0.588867 0.073242 0.027344
0 0.721191 0.950684 0.051758 0.022461
0 0.041016 0.237793 0.037109 0.030273
0 0.969238 0.629883 0.061523 0.035156
