0 0.351562 0.084473 0.072266 0.100586
0 0.560059 0.087402 0.063477 0.116211
0 0.730957 0.415527 0.057617 0.114258
0 0.256348 0.696777 0.079102 0.098633
0 0.562500 0.771484 0.066406 0.066406
0 0.042969 0.838867 0.074219 0.080078
0 0.605957 0.962891 0.084961 0.074219
0 0.892090 0.808105 0.045898 0.106445
0 0.226074 0.409668 0.075195 0.081055
0 0.009277 0.245605 0.018555 0.100586
0 0.750488 0.855469 0.077148 0.087891
0 0.052246 0.390625 0.038086 0.093750
0 0.591797 0.392578 0.072266 0.087891
0 0.685547 0.732422 0.054688 0.095703
0 0.197266 0.777344 0.058594 0.070312
0 0.364746 0.531250 0.038086 0.095703
0 0.505371 0.316895 0.071289 0.053711
0 0.610352 0.472168 0.054688 0.079102
0 0.450195 0.462402 0.044922 0.077148
0 0.894043 0.179199 0.041992 0.086914
0 0.521484 0.956055 0.113281 0.087891
0 0.758789 0.733887 0.037109 0.084961
0 0.320312 0.390137 0.097656 0.096680
0 0.196289 0.075195 0.037109 0.074219
0 0.086426 0.386719 0.036133 0.099609
0 0.952148 0.726074 0.048828 0.110352
0 0.627441 0.619629 0.041992 0.096680
0 0.066406 0.028320 0.046875 0.056641
0 0.374023 0.208984 0.054688 0.132812
0 0.613281 0.284668 0.042969 0.081055
0 0.929199 0.440918 0.100586 0.067383
0 0.496094 0.114746 0.041016 0.122070
0 0.388184 0.450684 0.047852 0.096680
0 0.712891 0.150391 0.044922 0.080078
0 0.482422 0.833008 0.054688 0.064453
0 0.478516 0.035156 0.035156 0.070312
0 0.982422 0.082031 0.035156 0.074219
0 0.701660 0.886230 0.036133 0.069336
0 0.577148 0.041992 0.046875 0.083984
0 0.118652 0.259766 0.145508 0.166016
0 0.973633 0.598145 0.048828 0.067383
0 0.863281 0.041016 0.041016 0.082031
0 0.860840 0.105469 0.038086 0.093750
0 0.937012 0.520020 0.041992 0.083008
0 0.173340 0.892090 0.071289 0.061523
0 0.744141 0.245117 0.033203 0.082031
0 0.547363 0.380859 0.041992 0.060547
0 0.186035 0.587402 0.053711 0.059570
0 0.164062 0.536621 0.060547 0.061523
0 0.979492 0.662598 0.037109 0.096680
0 0.456543 0.916992 0.081055 0.052734
0 0.547363 0.978516 0.030273 0.042969
0 0.435059 0.834961 0.043945 0.054688
0 0.843750 0.340332 0.080078 0.159180
0 0.564453 0.594238 0.048828 0.053711
0 0.069824 0.629883 0.067383 0.181641
0 0.083008 0.673828 0.078125 0.101562
0 0.839844 0.929688 0.048828 0.089844
0 0.990723 0.754883 0.018555 0.113281
