0 0.363281 0.110352 0.074219 0.101562
0 0.236816 0.150879 0.075195 0.079102
0 0.484863 0.425293 0.071289 0.079102
0 0.488281 0.967773 0.082031 0.058594
0 0.305664 0.467773 0.076172 0.064453
0 0.354492 0.557129 0.113281 0.055664
0 0.642090 0.417480 0.047852 0.094727
0 0.297852 0.780273 0.087891 0.048828
0 0.383789 0.951172 0.080078 0.082031
0 0.490723 0.052734 0.065430 0.080078
0 0.378418 0.231445 0.069336 0.050781
0 0.015625 0.219727 0.031250 0.044922
0 0.019043 0.299805 0.038086 0.037109
0 0.604004 0.740723 0.067383 0.055664
0 0.772949 0.426270 0.067383 0.067383
0 0.713867 0.120605 0.066406 0.061523
0 0.608887 0.443359 0.084961 0.072266
0 0.116699 0.419434 0.075195 0.067383
0 0.647461 0.042480 0.085938 0.036133
0 0.583496 0.383301 0.075195 0.083008
0 0.886230 0.599609 0.032227 0.064453
0 0.215820 0.173828 0.066406 0.058594
0 0.031738 0.268555 0.063477 0.046875
0 0.598145 0.632324 0.079102 0.041992
0 0.842773 0.502930 0.070312 0.056641
0 0.117676 0.794922 0.094727 0.039062
0 0.608398 0.523438 0.054688 0.064453
0 0.443848 0.498047 0.057617 0.050781
0 0.114746 0.525879 0.079102 0.065430
0 0.437500 0.279297 0.076172 0.042969
0 0.291504 0.834473 0.075195 0.040039
0 0.632324 0.888672 0.067383 0.033203
0 0.115234 0.287598 0.066406 0.038086
0 0.143555 0.019043 0.044922 0.036133
0 0.971680 0.834961 0.056641 0.027344
0 0.735352 0.686035 0.064453 0.034180
0 0.136719 0.166016 0.064453 0.064453
0 0.567871 0.560059 0.073242 0.030273
0 0.220215 0.937012 0.094727 0.040039
0 0.423340 0.636230 0.061523 0.028320
0 0.634277 0.168457 0.069336 0.036133
0 0.739746 0.464355 0.065430 0.043945
0 0.508789 0.568848 0.082031 0.034180
0 0.052734 0.645996 0.080078 0.034180
0 0.533691 0.674805 0.079102 0.031250
0 0.349121 0.362793 0.073242 0.041992
0 0.728027 0.716797 0.077148 0.035156
0 0.606934 0.274902 0.073242 0.034180
0 0.802246 0.631836 0.055664 0.025391
0 0.064453 0.906738 0.046875 0.038086
0 0.118164 0.390625 0.066406 0.025391
0 0.774902 0.304199 0.038086 0.057617
0 0.426270 0.763672 0.045898 0.050781
0 0.195801 0.677734 0.081055 0.042969
0 0.953125 0.330078 0.029297 0.056641
0 0.251465 0.354980 0.063477 0.028320
0 0.611816 0.905273 0.086914 0.033203
0 0.608398 0.083496 0.048828 0.053711
0 0.413574 0.044434 0.071289 0.051758
0 0.228027 0.168945 0.067383 0.072266
0 0.745605 0.635742 0.051758 0.031250
0 0.577148 0.795410 0.054688 0.026367
0 0.352051 0.015625 0.067383 0.031250
0 0.040527 0.618652 0.067383 0.024414
0 0.335449 0.945801 0.059570 0.040039
