0 0.839355 0.704590 0.165039 0.059570
0 0.556152 0.651855 0.102539 0.059570
0 0.900879 0.564453 0.147461 0.070312
0 0.669434 0.137207 0.110352 0.084961
0 0.574707 0.077148 0.104492 0.064453
0 0.510742 0.250488 0.072266 0.067383
0 0.649414 0.274414 0.125000 0.105469
0 0.510742 0.170410 0.126953 0.057617
0 0.807129 0.969727 0.110352 0.060547
0 0.588379 0.569336 0.073242 0.060547
0 0.570801 0.477051 0.153320 0.079102
0 0.774414 0.295898 0.144531 0.062500
0 0.708496 0.812012 0.083008 0.059570
0 0.708008 0.651855 0.107422 0.100586
0 0.593262 0.788086 0.122070 0.062500
0 0.695801 0.407227 0.192383 0.125000
0 0.713379 0.567383 0.172852 0.044922
0 0.735840 0.875977 0.086914 0.052734
0 0.775879 0.069336 0.092773 0.054688
0 0.789551 0.499512 0.114258 0.075195
0 0.586914 0.750977 0.105469 0.042969
0 0.949707 0.752930 0.094727 0.072266
0 0.769531 0.598633 0.125000 0.027344
0 0.650879 0.548340 0.083008 0.041992
0 0.763184 0.529297 0.127930 0.035156
0 0.940918 0.336426 0.118164 0.043945
0 0.506836 0.022461 0.083984 0.044922
0 0.724609 0.073242 0.115234 0.078125
0 0.763184 0.024902 0.127930 0.049805
0 0.422852 0.309570 0.058594 0.048828
