0 0.580566 0.780762 0.102539 0.092773
0 0.790527 0.807129 0.077148 0.104492
0 0.158203 0.623535 0.203125 0.157227
0 0.768555 0.078125 0.142578 0.117188
0 0.969727 0.610840 0.060547 0.067383
0 0.430664 0.505859 0.171875 0.113281
0 0.294434 0.599609 0.065430 0.134766
0 0.934570 0.449707 0.074219 0.059570
0 0.851074 0.904297 0.067383 0.080078
0 0.064453 0.876953 0.099609 0.099609
0 0.745605 0.649414 0.067383 0.060547
0 0.275879 0.080566 0.086914 0.157227
0 0.604492 0.998535 0.189453 0.002930
0 0.651855 0.558105 0.104492 0.252930
0 0.733398 0.927246 0.087891 0.120117
0 0.585938 0.434570 0.152344 0.195312
0 0.528320 0.228516 0.126953 0.212891
0 0.693359 0.882324 0.107422 0.110352
0 0.135742 0.361816 0.087891 0.120117
0 0.349121 0.044434 0.069336 0.075195
0 0.338379 0.755371 0.086914 0.102539
0 0.965820 0.199219 0.066406 0.144531
0 0.321777 0.856934 0.264648 0.200195
0 0.291992 0.451660 0.054688 0.049805
0 0.725586 0.806641 0.082031 0.044922
0 0.183105 0.120605 0.137695 0.202148
0 0.961914 0.025879 0.076172 0.040039
0 0.583008 0.050781 0.117188 0.097656
0 0.048340 0.379395 0.092773 0.129883
0 0.928223 0.931641 0.118164 0.044922
0 0.137207 0.099609 0.219727 0.154297
0 0.033203 0.584473 0.062500 0.135742
0 0.409180 0.912109 0.115234 0.175781
0 0.488281 0.272949 0.078125 0.217773
0 0.189453 0.801758 0.105469 0.054688
0 0.465332 0.499512 0.102539 0.170898
0 0.798340 0.103516 0.176758 0.107422
0 0.928711 0.144531 0.142578 0.050781
