0 0.263184 0.393066 0.110352 0.102539
0 0.205566 0.120117 0.129883 0.078125
0 0.299805 0.589355 0.099609 0.094727
0 0.832031 0.291992 0.085938 0.074219
0 0.020996 0.043945 0.041992 0.052734
0 0.900391 0.376465 0.195312 0.084961
0 0.166016 0.017578 0.087891 0.035156
0 0.081543 0.247559 0.083008 0.067383
0 0.145996 0.630859 0.077148 0.082031
0 0.077148 0.774414 0.089844 0.105469
0 0.165527 0.233398 0.084961 0.070312
0 0.076660 0.337402 0.079102 0.079102
0 0.033203 0.149902 0.066406 0.098633
0 0.145508 0.296875 0.117188 0.070312
0 0.023438 0.495605 0.046875 0.075195
0 0.888672 0.537598 0.115234 0.092773
0 0.867188 0.135254 0.134766 0.057617
0 0.783691 0.119629 0.124023 0.096680
0 0.963867 0.234863 0.072266 0.071289
0 0.973145 0.286621 0.051758 0.061523
