0 0.695801 0.010742 0.110352 0.021484
0 0.537109 0.026855 0.130859 0.053711
0 0.961426 0.010254 0.077148 0.020508
0 0.967285 0.031250 0.057617 0.062500
0 0.886230 0.065918 0.139648 0.063477
0 0.606934 0.111328 0.118164 0.070312
0 0.217773 0.167480 0.150391 0.055664
0 0.259277 0.085938 0.149414 0.123047
0 0.375488 0.026855 0.096680 0.053711
0 0.262695 0.024902 0.062500 0.049805
0 0.085449 0.013184 0.133789 0.026367
0 0.062500 0.061523 0.125000 0.054688
0 0.921387 0.250000 0.086914 0.068359
0 0.953613 0.150391 0.061523 0.076172
0 0.880371 0.346680 0.055664 0.058594
0 0.869629 0.448730 0.065430 0.073242
0 0.609375 0.500977 0.119141 0.064453
0 0.556152 0.530273 0.055664 0.091797
0 0.387207 0.582031 0.161133 0.105469
0 0.283691 0.543457 0.071289 0.079102
0 0.238770 0.552734 0.053711 0.068359
0 0.187500 0.452637 0.087891 0.063477
0 0.105957 0.470215 0.069336 0.051758
0 0.096680 0.568359 0.093750 0.054688
0 0.164551 0.589355 0.073242 0.045898
0 0.219238 0.624512 0.088867 0.047852
0 0.113281 0.640625 0.093750 0.076172
0 0.104980 0.688477 0.116211 0.050781
0 0.074707 0.811035 0.067383 0.184570
0 0.209473 0.753418 0.112305 0.055664
0 0.174805 0.767578 0.136719 0.160156
0 0.306641 0.657227 0.066406 0.074219
0 0.335938 0.703125 0.062500 0.064453
0 0.389648 0.789062 0.058594 0.121094
0 0.528809 0.655762 0.083008 0.059570
0 0.493164 0.577148 0.070312 0.105469
0 0.500488 0.871094 0.059570 0.083984
0 0.717773 0.655762 0.072266 0.100586
0 0.777832 0.642578 0.079102 0.064453
0 0.724609 0.740234 0.064453 0.082031
0 0.923828 0.708496 0.152344 0.092773
0 0.932617 0.587891 0.072266 0.087891
0 0.986328 0.500977 0.027344 0.064453
0 0.887695 0.826172 0.076172 0.111328
0 0.705078 0.903320 0.142578 0.070312
0 0.690430 0.954102 0.128906 0.076172
0 0.976074 0.911621 0.047852 0.081055
0 0.105957 0.976562 0.059570 0.046875
0 0.215820 0.022949 0.115234 0.045898
0 0.217773 0.664551 0.068359 0.084961
0 0.353027 0.733887 0.135742 0.092773
0 0.103516 0.886719 0.203125 0.121094
