0 0.294434 0.448242 0.083008 0.076172
0 0.210938 0.548828 0.068359 0.093750
0 0.756348 0.090820 0.043945 0.103516
0 0.657715 0.783203 0.043945 0.117188
0 0.920898 0.113281 0.082031 0.070312
0 0.058594 0.183105 0.076172 0.090820
0 0.421875 0.160156 0.080078 0.070312
0 0.107422 0.709961 0.107422 0.144531
0 0.942871 0.642090 0.086914 0.075195
0 0.277832 0.167969 0.102539 0.078125
0 0.526855 0.204102 0.079102 0.062500
0 0.892090 0.711426 0.043945 0.098633
0 0.334961 0.124512 0.056641 0.165039
0 0.505859 0.371094 0.050781 0.158203
0 0.273438 0.884766 0.082031 0.072266
0 0.839355 0.256836 0.063477 0.078125
0 0.324219 0.561035 0.113281 0.084961
0 0.387695 0.507324 0.035156 0.090820
0 0.784668 0.430176 0.063477 0.106445
0 0.786133 0.825195 0.136719 0.058594
0 0.586426 0.287598 0.036133 0.063477
0 0.535645 0.855957 0.071289 0.049805
0 0.793945 0.764160 0.072266 0.114258
0 0.825684 0.506836 0.022461 0.105469
0 0.521973 0.039551 0.061523 0.049805
0 0.859375 0.447266 0.023438 0.087891
0 0.654785 0.234863 0.057617 0.057617
0 0.055176 0.500488 0.106445 0.040039
0 0.724609 0.517090 0.156250 0.120117
0 0.959961 0.795410 0.080078 0.079102
0 0.589355 0.244141 0.057617 0.068359
0 0.653809 0.358398 0.036133 0.115234
0 0.517090 0.152344 0.024414 0.078125
0 0.902832 0.951172 0.034180 0.060547
0 0.835449 0.152832 0.063477 0.034180
0 0.944824 0.753906 0.075195 0.042969
0 0.281250 0.955566 0.054688 0.083008
0 0.415527 0.950684 0.084961 0.038086
0 0.107422 0.589844 0.103516 0.046875
0 0.512695 0.580078 0.056641 0.048828
0 0.242188 0.024902 0.037109 0.049805
0 0.818848 0.700195 0.034180 0.056641
0 0.817871 0.345215 0.036133 0.061523
0 0.047363 0.122070 0.032227 0.093750
0 0.454590 0.697266 0.051758 0.029297
0 0.917480 0.239746 0.116211 0.055664
0 0.591309 0.933105 0.141602 0.040039
0 0.263184 0.235352 0.104492 0.037109
0 0.368652 0.023926 0.040039 0.047852
0 0.712402 0.047852 0.079102 0.095703
0 0.857422 0.821777 0.062500 0.051758
0 0.873535 0.907715 0.049805 0.032227
0 0.335938 0.853516 0.056641 0.044922
0 0.658691 0.675781 0.067383 0.042969
0 0.430664 0.340332 0.107422 0.147461
0 0.647949 0.104004 0.030273 0.057617
0 0.236816 0.203125 0.047852 0.037109
0 0.228027 0.916016 0.049805 0.044922
0 0.801270 0.059082 0.081055 0.118164
0 0.389648 0.898438 0.060547 0.044922
0 0.354492 0.973633 0.123047 0.052734
0 0.925293 0.962891 0.028320 0.037109
0 0.988770 0.763184 0.022461 0.069336
0 0.717773 0.559570 0.062500 0.025391
