0 0.472656 0.990234 0.068359 0.019531
0 0.330566 0.981445 0.057617 0.037109
0 0.041992 0.962402 0.076172 0.075195
0 0.185059 0.941895 0.079102 0.081055
0 0.256348 0.857910 0.079102 0.071289
0 0.192871 0.786133 0.094727 0.099609
0 0.017090 0.705078 0.034180 0.076172
0 0.718262 0.905273 0.075195 0.091797
0 0.728516 0.807129 0.103516 0.065430
0 0.837891 0.935059 0.091797 0.067383
0 0.520508 0.786133 0.111328 0.064453
0 0.402832 0.666016 0.065430 0.052734
0 0.262207 0.674316 0.071289 0.069336
0 0.159180 0.584473 0.083984 0.084961
0 0.839844 0.696777 0.083984 0.086914
0 0.791016 0.566895 0.105469 0.084961
0 0.641602 0.504395 0.138672 0.155273
0 0.631348 0.634277 0.051758 0.081055
0 0.496582 0.479004 0.067383 0.067383
0 0.374512 0.500488 0.077148 0.106445
0 0.220703 0.417969 0.080078 0.132812
0 0.100586 0.493652 0.056641 0.069336
0 0.462891 0.402344 0.058594 0.097656
0 0.945312 0.719727 0.103516 0.152344
0 0.909668 0.823730 0.065430 0.083008
0 0.783203 0.210938 0.101562 0.111328
0 0.824707 0.084961 0.069336 0.052734
0 0.610840 0.200684 0.077148 0.071289
0 0.518066 0.109863 0.063477 0.067383
0 0.307129 0.102539 0.077148 0.052734
0 0.281250 0.160645 0.072266 0.077148
0 0.264160 0.250488 0.051758 0.090820
0 0.050781 0.187012 0.101562 0.102539
0 0.122559 0.055176 0.065430 0.061523
0 0.358887 0.211914 0.049805 0.062500
0 0.779297 0.637207 0.041016 0.106445
0 0.291504 0.095215 0.163086 0.069336
