0 0.383789 0.400879 0.078125 0.084961
0 0.435547 0.321777 0.078125 0.063477
0 0.834961 0.063477 0.197266 0.097656
0 0.347656 0.318848 0.085938 0.069336
0 0.829590 0.872559 0.081055 0.079102
0 0.515625 0.591309 0.054688 0.075195
0 0.358887 0.507812 0.057617 0.154297
0 0.611328 0.652832 0.130859 0.282227
0 0.563965 0.948242 0.135742 0.066406
0 0.184570 0.346191 0.093750 0.172852
0 0.703125 0.035645 0.169922 0.071289
0 0.845703 0.949219 0.166016 0.083984
0 0.100586 0.463379 0.164062 0.141602
0 0.878418 0.355957 0.243164 0.192383
0 0.233887 0.938965 0.120117 0.122070
0 0.470215 0.189941 0.098633 0.084961
0 0.077637 0.952148 0.129883 0.095703
0 0.092773 0.212891 0.126953 0.117188
0 0.808105 0.811035 0.168945 0.129883
0 0.344727 0.861816 0.076172 0.147461
0 0.750000 0.600098 0.234375 0.098633
0 0.913574 0.209473 0.163086 0.084961
0 0.033691 0.913574 0.065430 0.096680
0 0.643555 0.155273 0.175781 0.126953
0 0.744141 0.231445 0.148438 0.181641
0 0.198242 0.730469 0.107422 0.074219
0 0.185059 0.681641 0.100586 0.074219
0 0.490723 0.898438 0.081055 0.146484
0 0.413086 0.924316 0.097656 0.151367
0 0.369141 0.978516 0.140625 0.042969
0 0.107422 0.505859 0.179688 0.136719
0 0.049316 0.581055 0.067383 0.148438
0 0.312500 0.511719 0.070312 0.156250
0 0.279785 0.474609 0.094727 0.052734
0 0.221191 0.555176 0.084961 0.051758
0 0.267578 0.596191 0.095703 0.067383
0 0.326172 0.613281 0.074219 0.056641
0 0.198730 0.541016 0.186523 0.089844
0 0.168945 0.553223 0.099609 0.135742
0 0.560059 0.898926 0.118164 0.059570
0 0.303711 0.749023 0.101562 0.078125
0 0.867188 0.874512 0.101562 0.067383
0 0.935059 0.925293 0.069336 0.073242
0 0.888184 0.619629 0.083008 0.055664
0 0.916016 0.671875 0.070312 0.064453
0 0.987793 0.381836 0.024414 0.164062
0 0.809082 0.121094 0.135742 0.064453
0 0.524902 0.203613 0.055664 0.075195
0 0.759277 0.850098 0.231445 0.116211
