0 0.279297 0.168457 0.164062 0.069336
0 0.185059 0.043945 0.102539 0.087891
0 0.073242 0.052246 0.093750 0.083008
0 0.663086 0.052734 0.111328 0.105469
0 0.789062 0.219727 0.179688 0.089844
0 0.937500 0.190430 0.125000 0.130859
0 0.946777 0.431152 0.106445 0.155273
0 0.707520 0.553223 0.088867 0.260742
0 0.562012 0.403320 0.120117 0.162109
0 0.384766 0.500977 0.167969 0.132812
0 0.256348 0.515625 0.071289 0.109375
0 0.231445 0.332031 0.113281 0.103516
0 0.248535 0.688965 0.086914 0.147461
0 0.175293 0.507324 0.063477 0.184570
0 0.034180 0.454102 0.068359 0.148438
0 0.144043 0.709473 0.073242 0.081055
0 0.069824 0.778809 0.139648 0.098633
0 0.051758 0.887207 0.099609 0.143555
0 0.234375 0.964355 0.087891 0.071289
0 0.405273 0.889648 0.126953 0.142578
0 0.609863 0.611816 0.098633 0.262695
0 0.643066 0.834473 0.159180 0.102539
0 0.729492 0.827148 0.125000 0.125000
0 0.909180 0.758789 0.099609 0.111328
0 0.981445 0.625488 0.037109 0.110352
0 0.959473 0.827637 0.081055 0.063477
0 0.938965 0.874512 0.090820 0.057617
0 0.727539 0.972656 0.113281 0.054688
0 0.643066 0.981445 0.063477 0.037109
0 0.343750 0.669434 0.087891 0.071289
0 0.204102 0.111328 0.222656 0.072266
0 0.126465 0.681641 0.086914 0.103516
