0 0.222656 0.015137 0.072266 0.030273
0 0.039062 0.032715 0.078125 0.065430
0 0.040039 0.192383 0.080078 0.103516
0 0.203125 0.186523 0.078125 0.072266
0 0.011230 0.310059 0.022461 0.071289
0 0.196289 0.342285 0.083984 0.069336
0 0.113770 0.338379 0.075195 0.069336
0 0.079590 0.279785 0.084961 0.049805
0 0.301270 0.293457 0.081055 0.069336
0 0.014160 0.439453 0.028320 0.087891
0 0.109375 0.458008 0.101562 0.054688
0 0.230469 0.487305 0.095703 0.083984
0 0.173828 0.606445 0.095703 0.117188
0 0.044922 0.664062 0.083984 0.085938
0 0.012207 0.842773 0.024414 0.130859
0 0.343750 0.929688 0.076172 0.109375
0 0.194336 0.902832 0.060547 0.069336
0 0.358398 0.836426 0.076172 0.055664
0 0.277832 0.830566 0.053711 0.069336
0 0.159180 0.768066 0.074219 0.081055
0 0.072754 0.783691 0.053711 0.065430
0 0.416016 0.732910 0.078125 0.116211
0 0.371582 0.609375 0.098633 0.109375
0 0.440430 0.550293 0.070312 0.067383
0 0.439941 0.628418 0.075195 0.061523
0 0.441406 0.450195 0.083984 0.064453
0 0.353027 0.397949 0.083008 0.057617
0 0.450684 0.244141 0.127930 0.085938
0 0.395020 0.021973 0.108398 0.043945
0 0.722656 0.029785 0.089844 0.059570
0 0.584473 0.215332 0.067383 0.081055
0 0.596191 0.400879 0.083008 0.098633
0 0.805176 0.549805 0.069336 0.103516
0 0.703613 0.619629 0.086914 0.092773
0 0.596191 0.769043 0.118164 0.114258
0 0.756348 0.816406 0.063477 0.072266
0 0.626465 0.898926 0.094727 0.202148
0 0.676270 0.926270 0.069336 0.147461
0 0.887695 0.841309 0.072266 0.059570
0 0.939941 0.771973 0.059570 0.063477
0 0.985352 0.532715 0.029297 0.075195
0 0.942383 0.019043 0.115234 0.038086
0 0.607910 0.527832 0.065430 0.071289
0 0.826660 0.730957 0.061523 0.045898
0 0.201172 0.987793 0.058594 0.024414
0 0.140137 0.514648 0.084961 0.070312
0 0.096680 0.547363 0.052734 0.061523
0 0.314941 0.545410 0.092773 0.116211
0 0.291016 0.597168 0.058594 0.047852
