0 0.865234 0.461914 0.064453 0.089844
0 0.131348 0.449707 0.065430 0.104492
0 0.622070 0.125488 0.085938 0.118164
0 0.930664 0.041016 0.068359 0.082031
0 0.578125 0.563477 0.126953 0.095703
0 0.748047 0.738281 0.097656 0.082031
0 0.329102 0.216309 0.072266 0.065430
0 0.497559 0.168457 0.071289 0.073242
0 0.198730 0.789062 0.112305 0.062500
0 0.092285 0.115234 0.098633 0.095703
0 0.160645 0.058105 0.086914 0.116211
0 0.479492 0.326660 0.087891 0.043945
0 0.328613 0.133789 0.053711 0.070312
0 0.310059 0.895020 0.122070 0.071289
0 0.375488 0.590332 0.075195 0.059570
0 0.365723 0.552246 0.092773 0.049805
0 0.416016 0.451172 0.136719 0.132812
0 0.209473 0.496582 0.116211 0.061523
0 0.484863 0.209961 0.098633 0.064453
0 0.360352 0.083984 0.054688 0.097656
0 0.186035 0.247559 0.077148 0.061523
0 0.596191 0.446777 0.075195 0.088867
0 0.233887 0.620117 0.159180 0.052734
0 0.566895 0.469727 0.059570 0.070312
0 0.290039 0.045898 0.095703 0.072266
0 0.912598 0.101562 0.077148 0.105469
0 0.587402 0.890625 0.112305 0.060547
0 0.189453 0.562012 0.056641 0.077148
0 0.036621 0.452637 0.073242 0.047852
0 0.337891 0.981934 0.066406 0.032227
0 0.522949 0.134277 0.041992 0.071289
0 0.745117 0.195801 0.076172 0.061523
0 0.674805 0.833984 0.060547 0.050781
0 0.424316 0.874512 0.049805 0.032227
0 0.424805 0.242676 0.085938 0.043945
0 0.845215 0.533691 0.057617 0.073242
0 0.705566 0.900879 0.071289 0.059570
0 0.097656 0.533203 0.099609 0.046875
0 0.976562 0.500488 0.046875 0.077148
0 0.074707 0.408203 0.051758 0.052734
0 0.486328 0.573242 0.064453 0.029297
0 0.046875 0.864746 0.052734 0.041992
0 0.720215 0.451172 0.049805 0.058594
0 0.371582 0.449707 0.077148 0.036133
0 0.641602 0.852539 0.060547 0.044922
0 0.298828 0.537109 0.054688 0.044922
0 0.838867 0.027344 0.054688 0.052734
0 0.329102 0.786133 0.054688 0.035156
0 0.026855 0.563965 0.053711 0.038086
0 0.022461 0.890137 0.042969 0.024414
0 0.790039 0.920898 0.064453 0.039062
0 0.573242 0.408691 0.083984 0.053711
0 0.873047 0.591309 0.042969 0.067383
0 0.610840 0.987305 0.036133 0.021484
0 0.541504 0.024414 0.041992 0.048828
0 0.876465 0.947266 0.057617 0.052734
0 0.099609 0.701660 0.037109 0.032227
