0 0.668457 0.506348 0.077148 0.071289
0 0.581055 0.313477 0.048828 0.087891
0 0.276855 0.860840 0.094727 0.086914
0 0.680664 0.404297 0.087891 0.070312
0 0.881836 0.353027 0.041016 0.088867
0 0.644531 0.170410 0.060547 0.079102
0 0.749023 0.589844 0.068359 0.058594
0 0.919434 0.275879 0.049805 0.071289
0 0.758301 0.258301 0.077148 0.073242
0 0.850586 0.888184 0.060547 0.057617
0 0.642090 0.729004 0.090820 0.069336
0 0.677246 0.968750 0.063477 0.056641
0 0.693359 0.696777 0.072266 0.065430
0 0.896973 0.701660 0.075195 0.075195
0 0.770508 0.984863 0.072266 0.030273
0 0.039062 0.355957 0.062500 0.059570
0 0.963379 0.578125 0.073242 0.123047
0 0.915527 0.154297 0.077148 0.080078
0 0.968750 0.764648 0.062500 0.070312
0 0.670898 0.622070 0.078125 0.064453
0 0.830078 0.186523 0.041016 0.064453
0 0.829102 0.034180 0.066406 0.068359
0 0.803711 0.360840 0.050781 0.102539
0 0.962891 0.262695 0.054688 0.070312
0 0.969238 0.159668 0.047852 0.081055
0 0.881836 0.473145 0.099609 0.102539
0 0.974609 0.477051 0.050781 0.065430
0 0.819824 0.977051 0.049805 0.045898
0 0.025879 0.782715 0.051758 0.067383
0 0.639648 0.280762 0.066406 0.069336
0 0.684570 0.169434 0.044922 0.083008
0 0.637207 0.330078 0.084961 0.056641
0 0.894043 0.928711 0.059570 0.068359
0 0.982422 0.395508 0.035156 0.072266
