0 0.003418 0.014160 0.006836 0.028320
0 0.057129 0.156250 0.067383 0.099609
0 0.033203 0.040527 0.066406 0.081055
0 0.034668 0.288574 0.047852 0.110352
0 0.024902 0.490723 0.049805 0.071289
0 0.037109 0.565430 0.074219 0.109375
0 0.093262 0.622070 0.055664 0.105469
0 0.236328 0.692871 0.140625 0.075195
0 0.104492 0.864258 0.109375 0.068359
0 0.242676 0.877930 0.147461 0.074219
0 0.183594 0.967773 0.107422 0.064453
0 0.461914 0.954590 0.142578 0.090820
0 0.603027 0.900391 0.092773 0.183594
0 0.472168 0.687012 0.118164 0.116211
0 0.644043 0.662598 0.102539 0.159180
0 0.759277 0.806641 0.106445 0.171875
0 0.852539 0.761230 0.097656 0.184570
0 0.823730 0.972168 0.129883 0.055664
0 0.979004 0.941406 0.041992 0.117188
0 0.962402 0.614258 0.075195 0.146484
0 0.834473 0.573242 0.088867 0.091797
0 0.818848 0.630859 0.067383 0.068359
0 0.958984 0.401855 0.082031 0.071289
0 0.665039 0.272461 0.144531 0.121094
0 0.565918 0.354492 0.088867 0.083984
0 0.460938 0.402832 0.109375 0.100586
0 0.438965 0.279785 0.092773 0.079102
0 0.376465 0.208496 0.118164 0.075195
0 0.181641 0.261719 0.091797 0.056641
0 0.295410 0.052246 0.083008 0.067383
0 0.417480 0.079102 0.088867 0.048828
0 0.609863 0.074707 0.086914 0.063477
0 0.748047 0.145020 0.083984 0.084961
0 0.851074 0.197754 0.094727 0.065430
0 0.907227 0.090332 0.076172 0.084961
0 0.757812 0.026855 0.072266 0.053711
0 0.700195 0.466309 0.048828 0.043945
