0 0.220703 0.107910 0.158203 0.092773
0 0.029297 0.149902 0.058594 0.083008
0 0.117188 0.172852 0.076172 0.082031
0 0.039551 0.339844 0.071289 0.154297
0 0.107422 0.333984 0.046875 0.066406
0 0.028809 0.717285 0.057617 0.118164
0 0.029297 0.540527 0.058594 0.088867
0 0.188477 0.482910 0.144531 0.096680
0 0.315918 0.605957 0.190430 0.106445
0 0.321289 0.755371 0.113281 0.118164
0 0.156250 0.944336 0.093750 0.103516
0 0.348633 0.972168 0.087891 0.055664
0 0.758301 0.008789 0.073242 0.017578
0 0.877930 0.057129 0.125000 0.112305
0 0.971191 0.012695 0.057617 0.025391
0 0.584961 0.097168 0.099609 0.110352
0 0.388184 0.181152 0.155273 0.083008
0 0.566406 0.215332 0.076172 0.047852
0 0.557129 0.255371 0.069336 0.047852
0 0.496094 0.286133 0.134766 0.095703
0 0.454590 0.341797 0.079102 0.083984
0 0.491211 0.541016 0.154297 0.117188
0 0.688965 0.635742 0.114258 0.083984
0 0.557129 0.938965 0.071289 0.122070
0 0.477051 0.862793 0.084961 0.194336
0 0.574219 0.804688 0.095703 0.160156
0 0.770508 0.957031 0.056641 0.046875
0 0.848633 0.700195 0.103516 0.123047
0 0.917480 0.829102 0.088867 0.158203
0 0.860840 0.815918 0.053711 0.077148
0 0.830566 0.874023 0.088867 0.177734
0 0.902832 0.927734 0.084961 0.144531
0 0.981934 0.884277 0.036133 0.170898
0 0.952148 0.553711 0.074219 0.082031
0 0.909668 0.323242 0.077148 0.072266
0 0.976562 0.444336 0.046875 0.119141
0 0.781250 0.216309 0.078125 0.081055
0 0.717773 0.100098 0.158203 0.079102
