0 0.191895 0.047852 0.092773 0.095703
0 0.056152 0.148438 0.112305 0.078125
0 0.013184 0.783203 0.026367 0.066406
0 0.044434 0.927246 0.088867 0.057617
0 0.033691 0.977051 0.067383 0.038086
0 0.164062 0.972656 0.060547 0.054688
0 0.266602 0.830078 0.072266 0.091797
0 0.229980 0.898926 0.077148 0.079102
0 0.337402 0.898926 0.059570 0.065430
0 0.293457 0.969727 0.055664 0.056641
0 0.137207 0.578613 0.049805 0.075195
0 0.086426 0.528809 0.034180 0.073242
0 0.267578 0.475098 0.089844 0.073242
0 0.230957 0.374512 0.081055 0.055664
0 0.186523 0.403809 0.126953 0.057617
0 0.141113 0.329590 0.135742 0.071289
0 0.236328 0.311035 0.056641 0.055664
0 0.281738 0.296875 0.057617 0.085938
0 0.038086 0.265137 0.076172 0.049805
0 0.646973 0.093750 0.073242 0.070312
0 0.658203 0.187012 0.115234 0.065430
0 0.930664 0.080566 0.083984 0.104492
0 0.922852 0.193359 0.072266 0.074219
0 0.837891 0.343750 0.074219 0.078125
0 0.838867 0.403809 0.060547 0.088867
0 0.916504 0.351562 0.059570 0.068359
0 0.917969 0.274902 0.062500 0.083008
0 0.930176 0.392090 0.063477 0.057617
0 0.902344 0.437988 0.062500 0.055664
0 0.459961 0.389160 0.064453 0.096680
0 0.367676 0.260254 0.102539 0.045898
0 0.410645 0.319336 0.071289 0.085938
0 0.448242 0.275879 0.060547 0.061523
0 0.538574 0.429199 0.102539 0.073242
0 0.523438 0.527344 0.091797 0.062500
0 0.520996 0.598145 0.110352 0.069336
0 0.397461 0.693359 0.076172 0.074219
0 0.528320 0.780762 0.099609 0.118164
0 0.506836 0.860840 0.095703 0.104492
0 0.596680 0.830566 0.062500 0.073242
0 0.746094 0.678223 0.076172 0.081055
0 0.877441 0.635742 0.055664 0.054688
0 0.931152 0.635254 0.081055 0.055664
0 0.951660 0.553223 0.084961 0.104492
0 0.915527 0.821777 0.075195 0.075195
0 0.972168 0.854492 0.055664 0.103516
0 0.932617 0.892090 0.052734 0.073242
0 0.959473 0.958008 0.081055 0.083984
0 0.817383 0.909668 0.052734 0.061523
