0 0.963379 0.094727 0.073242 0.140625
0 0.985352 0.860352 0.029297 0.058594
0 0.933105 0.893066 0.133789 0.106445
0 0.828125 0.883301 0.066406 0.057617
0 0.734863 0.971191 0.073242 0.057617
0 0.341797 0.902344 0.125000 0.078125
0 0.390625 0.832520 0.167969 0.098633
0 0.218262 0.730957 0.176758 0.098633
0 0.447754 0.657715 0.168945 0.069336
0 0.476074 0.595703 0.141602 0.107422
0 0.628418 0.729492 0.114258 0.117188
0 0.581543 0.723145 0.055664 0.090820
0 0.645996 0.598145 0.088867 0.139648
0 0.682617 0.623535 0.087891 0.096680
0 0.851562 0.739258 0.099609 0.083984
0 0.946777 0.755859 0.104492 0.054688
0 0.956543 0.711914 0.086914 0.072266
0 0.951660 0.587891 0.073242 0.152344
0 0.880371 0.631836 0.061523 0.138672
0 0.879883 0.537109 0.054688 0.076172
0 0.987305 0.419922 0.025391 0.074219
0 0.856934 0.327637 0.081055 0.079102
0 0.202637 0.900879 0.094727 0.125977
0 0.169434 0.974121 0.077148 0.051758
0 0.031250 0.957520 0.062500 0.084961
0 0.033203 0.751953 0.066406 0.150391
0 0.063477 0.610840 0.126953 0.114258
0 0.179199 0.440430 0.090820 0.072266
0 0.054688 0.303711 0.064453 0.148438
0 0.028320 0.482910 0.056641 0.090820
0 0.197754 0.348633 0.163086 0.078125
0 0.395508 0.329102 0.068359 0.054688
0 0.518555 0.421387 0.072266 0.069336
0 0.469727 0.278320 0.117188 0.062500
0 0.690430 0.235352 0.134766 0.091797
0 0.832031 0.194336 0.087891 0.142578
0 0.704590 0.071289 0.102539 0.142578
0 0.858398 0.066895 0.099609 0.133789
0 0.915039 0.063477 0.083984 0.126953
0 0.167480 0.021484 0.118164 0.042969
0 0.033691 0.018555 0.063477 0.037109
0 0.106445 0.159180 0.117188 0.066406
0 0.169434 0.134766 0.104492 0.103516
0 0.265625 0.216309 0.123047 0.067383
0 0.491211 0.214355 0.230469 0.059570
0 0.103027 0.236328 0.055664 0.087891
0 0.741211 0.531250 0.050781 0.054688
0 0.831055 0.523438 0.093750 0.125000
0 0.421875 0.427246 0.058594 0.051758
0 0.331543 0.493164 0.063477 0.060547
