0 0.803223 0.409668 0.118164 0.075195
0 0.171875 0.317383 0.089844 0.080078
0 0.827148 0.514160 0.105469 0.084961
0 0.814453 0.630859 0.185547 0.097656
0 0.839844 0.236816 0.115234 0.075195
0 0.135742 0.456055 0.082031 0.062500
0 0.196289 0.237793 0.072266 0.083008
0 0.082031 0.419922 0.074219 0.044922
0 0.062012 0.207031 0.075195 0.070312
0 0.049316 0.108398 0.075195 0.091797
0 0.205566 0.089844 0.047852 0.054688
0 0.101562 0.032227 0.054688 0.064453
0 0.098145 0.296875 0.083008 0.060547
0 0.234863 0.250977 0.075195 0.052734
0 0.597168 0.738281 0.084961 0.042969
0 0.932129 0.425781 0.129883 0.062500
0 0.952148 0.485840 0.095703 0.057617
0 0.907227 0.380371 0.099609 0.057617
0 0.960938 0.300781 0.078125 0.068359
0 0.912109 0.209473 0.115234 0.090820
0 0.832031 0.193359 0.125000 0.087891
0 0.917969 0.090820 0.097656 0.082031
