0 0.587402 0.592773 0.096680 0.140625
0 0.135254 0.309570 0.086914 0.160156
0 0.593750 0.478516 0.158203 0.123047
0 0.153809 0.596680 0.094727 0.054688
0 0.559082 0.250000 0.145508 0.062500
0 0.709473 0.957031 0.077148 0.085938
0 0.716309 0.541016 0.065430 0.091797
0 0.043457 0.044922 0.086914 0.089844
0 0.408203 0.898438 0.093750 0.074219
0 0.762207 0.236328 0.079102 0.070312
0 0.497070 0.168457 0.144531 0.081055
0 0.693848 0.408691 0.071289 0.143555
0 0.655762 0.485352 0.083008 0.111328
0 0.553711 0.918945 0.095703 0.080078
0 0.705566 0.600098 0.071289 0.077148
0 0.793457 0.983398 0.086914 0.033203
0 0.680176 0.893066 0.073242 0.069336
0 0.638672 0.533203 0.091797 0.056641
0 0.724121 0.708496 0.084961 0.108398
0 0.924805 0.909668 0.148438 0.124023
0 0.101074 0.518066 0.112305 0.061523
0 0.369629 0.956543 0.122070 0.086914
0 0.684082 0.748047 0.104492 0.072266
0 0.488281 0.844727 0.189453 0.144531
0 0.738770 0.319824 0.069336 0.053711
0 0.725098 0.366699 0.061523 0.075195
0 0.228516 0.377441 0.083984 0.100586
0 0.376953 0.554688 0.150391 0.130859
0 0.182129 0.469727 0.086914 0.082031
0 0.795410 0.895020 0.071289 0.127930
0 0.842773 0.617188 0.072266 0.087891
0 0.932129 0.571777 0.102539 0.112305
0 0.624023 0.686523 0.103516 0.074219
0 0.817383 0.764160 0.068359 0.110352
0 0.881836 0.840332 0.093750 0.108398
0 0.783203 0.676270 0.076172 0.145508
0 0.912598 0.766602 0.102539 0.074219
0 0.678223 0.818359 0.090820 0.099609
0 0.595703 0.778320 0.136719 0.138672
0 0.876465 0.693359 0.067383 0.050781
0 0.501465 0.251953 0.141602 0.087891
0 0.706543 0.264160 0.108398 0.129883
0 0.624512 0.193359 0.086914 0.080078
0 0.653320 0.171387 0.083984 0.084961
0 0.698242 0.062012 0.078125 0.124023
0 0.621582 0.090820 0.161133 0.101562
0 0.859375 0.018066 0.056641 0.036133
0 0.955566 0.743164 0.051758 0.041016
0 0.941895 0.708008 0.077148 0.070312
0 0.753418 0.804688 0.057617 0.085938
