0 0.078125 0.290527 0.060547 0.106445
0 0.342285 0.039062 0.063477 0.078125
0 0.334473 0.414551 0.065430 0.081055
0 0.457520 0.125977 0.063477 0.083984
0 0.227539 0.490234 0.064453 0.103516
0 0.180176 0.510254 0.057617 0.075195
0 0.312012 0.578125 0.049805 0.095703
0 0.056152 0.029297 0.059570 0.058594
0 0.551270 0.227539 0.043945 0.082031
0 0.613770 0.553711 0.090820 0.091797
0 0.184570 0.888184 0.044922 0.088867
0 0.545898 0.918945 0.054688 0.111328
0 0.331543 0.951660 0.034180 0.092773
0 0.157715 0.972656 0.030273 0.054688
0 0.700195 0.620605 0.039062 0.073242
0 0.538574 0.574219 0.030273 0.085938
0 0.597656 0.213379 0.027344 0.088867
0 0.692383 0.793945 0.039062 0.072266
0 0.678223 0.179688 0.053711 0.101562
0 0.814453 0.969238 0.072266 0.061523
0 0.146484 0.057617 0.097656 0.101562
0 0.123535 0.264160 0.069336 0.100586
0 0.909180 0.874023 0.064453 0.150391
0 0.056152 0.687012 0.112305 0.055664
0 0.649902 0.794922 0.061523 0.076172
0 0.855957 0.707031 0.057617 0.076172
0 0.919434 0.422852 0.041992 0.060547
0 0.789062 0.298340 0.037109 0.083008
0 0.379395 0.204590 0.063477 0.149414
0 0.185059 0.216797 0.106445 0.103516
0 0.030762 0.152832 0.061523 0.067383
0 0.401367 0.386230 0.041016 0.069336
0 0.487305 0.927734 0.064453 0.074219
0 0.623535 0.244141 0.032227 0.076172
0 0.520996 0.683105 0.053711 0.065430
0 0.832031 0.264160 0.062500 0.081055
0 0.434082 0.374512 0.036133 0.106445
0 0.720215 0.385254 0.055664 0.092773
0 0.842285 0.902832 0.045898 0.125977
0 0.176270 0.701660 0.059570 0.090820
0 0.067871 0.445312 0.106445 0.164062
0 0.620117 0.978027 0.070312 0.043945
0 0.933105 0.342773 0.045898 0.085938
0 0.561523 0.156738 0.056641 0.063477
0 0.727051 0.138184 0.063477 0.053711
0 0.331055 0.714355 0.048828 0.047852
0 0.938965 0.736816 0.051758 0.032227
0 0.864746 0.318359 0.061523 0.062500
0 0.605957 0.091309 0.040039 0.069336
0 0.457520 0.573730 0.057617 0.079102
0 0.183594 0.748047 0.050781 0.068359
0 0.609375 0.026855 0.027344 0.053711
0 0.072754 0.765625 0.041992 0.060547
0 0.045898 0.724609 0.091797 0.048828
0 0.857910 0.408203 0.040039 0.048828
0 0.234375 0.968262 0.083984 0.036133
0 0.671875 0.715332 0.056641 0.090820
0 0.940430 0.086914 0.058594 0.060547
0 0.531738 0.791016 0.045898 0.074219
0 0.760742 0.799316 0.044922 0.053711
0 0.615723 0.471680 0.043945 0.052734
0 0.977539 0.928711 0.044922 0.064453
0 0.733398 0.413574 0.042969 0.061523
0 0.375488 0.632324 0.094727 0.098633
0 0.107422 0.981445 0.060547 0.037109
0 0.664551 0.961914 0.061523 0.048828
0 0.209473 0.983887 0.051758 0.032227
0 0.966309 0.645020 0.041992 0.043945
0 0.636230 0.624512 0.051758 0.051758
0 0.786621 0.742188 0.040039 0.039062
0 0.618164 0.026367 0.029297 0.052734
0 0.608398 0.812988 0.039062 0.041992
0 0.175586 0.251758 0.055664 0.068359
0 0.895020 0.983398 0.053711 0.033203
0 0.119629 0.410156 0.034180 0.050781
0 0.393555 0.050781 0.041016 0.078125
0 0.786133 0.012207 0.037109 0.024414
0 0.836914 0.005371 0.023438 0.010742
0 0.990723 0.611816 0.018555 0.077148
0 0.938965 0.813965 0.075195 0.061523
0 0.954590 0.792480 0.047852 0.043945
