0 0.354492 0.366699 0.134766 0.084961
0 0.750977 0.602051 0.097656 0.079102
0 0.546875 0.516602 0.070312 0.080078
0 0.932129 0.399902 0.129883 0.075195
0 0.021484 0.486816 0.042969 0.084961
0 0.265625 0.626953 0.097656 0.160156
0 0.874512 0.609375 0.069336 0.089844
0 0.263184 0.754395 0.083008 0.100586
0 0.334473 0.224609 0.065430 0.095703
0 0.968750 0.485840 0.062500 0.083008
0 0.881348 0.047363 0.094727 0.067383
0 0.261719 0.204590 0.054688 0.059570
0 0.080566 0.158203 0.077148 0.078125
0 0.571777 0.687988 0.084961 0.092773
0 0.984863 0.614746 0.030273 0.139648
0 0.388184 0.158203 0.092773 0.072266
0 0.571289 0.746582 0.078125 0.083008
0 0.112305 0.099609 0.054688 0.074219
0 0.019531 0.294434 0.035156 0.149414
0 0.019531 0.625000 0.039062 0.078125
0 0.061035 0.811035 0.067383 0.077148
0 0.364746 0.952148 0.084961 0.095703
0 0.449219 0.944824 0.080078 0.110352
0 0.493164 0.916016 0.117188 0.082031
0 0.678223 0.952148 0.077148 0.095703
