0 0.038574 0.358398 0.077148 0.119141
0 0.080078 0.855469 0.093750 0.062500
0 0.110352 0.811523 0.078125 0.070312
0 0.234375 0.682617 0.070312 0.101562
0 0.197266 0.559082 0.058594 0.053711
0 0.155762 0.542969 0.043945 0.052734
0 0.395508 0.377441 0.093750 0.075195
0 0.427246 0.314453 0.059570 0.058594
0 0.617188 0.330566 0.054688 0.083008
0 0.641602 0.389160 0.066406 0.081055
0 0.744629 0.340332 0.081055 0.063477
0 0.849609 0.350586 0.080078 0.064453
0 0.432617 0.500488 0.048828 0.073242
0 0.313965 0.497559 0.043945 0.055664
0 0.519043 0.403320 0.045898 0.060547
0 0.550781 0.485352 0.042969 0.050781
0 0.590332 0.502441 0.049805 0.057617
0 0.485352 0.488770 0.050781 0.065430
0 0.534668 0.531738 0.069336 0.043945
0 0.635254 0.579102 0.065430 0.042969
0 0.755859 0.542480 0.095703 0.061523
0 0.750977 0.482422 0.056641 0.050781
0 0.692871 0.483398 0.059570 0.082031
0 0.790039 0.428711 0.097656 0.048828
0 0.913574 0.445801 0.055664 0.047852
0 0.909668 0.501953 0.063477 0.048828
0 0.947266 0.524414 0.062500 0.066406
0 0.968750 0.469238 0.062500 0.049805
0 0.884766 0.589844 0.052734 0.054688
0 0.958496 0.612305 0.073242 0.052734
0 0.295898 0.840820 0.037109 0.039062
0 0.281250 0.940918 0.044922 0.051758
0 0.409180 0.949707 0.044922 0.041992
0 0.395996 0.978516 0.051758 0.037109
0 0.495117 0.976562 0.062500 0.039062
0 0.516113 0.919922 0.063477 0.058594
0 0.586914 0.927734 0.058594 0.041016
0 0.628906 0.983887 0.054688 0.032227
0 0.688965 0.983398 0.057617 0.033203
0 0.599121 0.769043 0.073242 0.051758
0 0.687500 0.754395 0.070312 0.051758
0 0.682129 0.789551 0.059570 0.053711
0 0.761719 0.777832 0.054688 0.055664
0 0.734375 0.854492 0.048828 0.058594
0 0.785645 0.848145 0.055664 0.055664
0 0.964844 0.724121 0.070312 0.061523
0 0.812988 0.904785 0.067383 0.041992
0 0.846191 0.972656 0.063477 0.054688
0 0.878418 0.958496 0.051758 0.067383
0 0.798828 0.979980 0.042969 0.040039
0 0.193848 0.011230 0.051758 0.022461
0 0.541992 0.023926 0.060547 0.047852
0 0.613770 0.016602 0.069336 0.033203
0 0.351562 0.023926 0.056641 0.047852
0 0.400879 0.029297 0.067383 0.058594
0 0.449707 0.032227 0.040039 0.064453
0 0.653320 0.034668 0.072266 0.061523
0 0.805664 0.078125 0.064453 0.054688
0 0.814941 0.021484 0.075195 0.042969
0 0.282715 0.047852 0.047852 0.046875
0 0.482910 0.142578 0.038086 0.033203
0 0.813965 0.141602 0.059570 0.042969
0 0.727539 0.037109 0.044922 0.039062
0 0.445312 0.896484 0.074219 0.044922
0 0.426758 0.867188 0.060547 0.054688
0 0.041504 0.887695 0.053711 0.058594
0 0.089844 0.983398 0.054688 0.033203
0 0.366211 0.946289 0.058594 0.042969
