0 0.220703 0.054199 0.103516 0.108398
0 0.393066 0.248047 0.102539 0.082031
0 0.458008 0.273926 0.060547 0.059570
0 0.590820 0.249023 0.080078 0.062500
0 0.703613 0.294922 0.100586 0.052734
0 0.813477 0.128906 0.074219 0.107422
0 0.819336 0.334473 0.078125 0.069336
0 0.980469 0.550781 0.039062 0.115234
0 0.718750 0.592285 0.085938 0.083008
0 0.527344 0.487305 0.089844 0.097656
0 0.604004 0.507812 0.092773 0.083984
0 0.452148 0.609863 0.078125 0.073242
0 0.424805 0.666016 0.078125 0.054688
0 0.509766 0.735352 0.117188 0.062500
0 0.609863 0.737793 0.077148 0.098633
0 0.776855 0.679688 0.104492 0.089844
0 0.674805 0.812500 0.089844 0.062500
0 0.951660 0.805664 0.096680 0.082031
0 0.879395 0.479492 0.131836 0.074219
0 0.298828 0.649902 0.132812 0.108398
0 0.343750 0.565918 0.087891 0.057617
0 0.251953 0.522949 0.066406 0.063477
0 0.225586 0.417480 0.107422 0.069336
0 0.378906 0.381836 0.103516 0.080078
0 0.171387 0.278809 0.086914 0.090820
0 0.072266 0.237305 0.074219 0.074219
0 0.123535 0.643555 0.108398 0.115234
0 0.078125 0.526855 0.119141 0.090820
0 0.043945 0.763672 0.064453 0.068359
0 0.775391 0.966309 0.091797 0.067383
0 0.577637 0.852051 0.061523 0.071289
0 0.222656 0.840332 0.074219 0.055664
