0 0.498535 0.218750 0.124023 0.085938
0 0.125000 0.864258 0.144531 0.167969
0 0.530273 0.485840 0.074219 0.096680
0 0.298340 0.808594 0.083008 0.156250
0 0.778320 0.317871 0.097656 0.110352
0 0.047852 0.950684 0.095703 0.098633
0 0.890625 0.835449 0.214844 0.135742
0 0.748535 0.155762 0.143555 0.258789
0 0.016602 0.079102 0.033203 0.101562
0 0.352539 0.409668 0.095703 0.137695
0 0.957031 0.404785 0.085938 0.110352
0 0.960449 0.928711 0.069336 0.111328
0 0.400391 0.555664 0.140625 0.089844
0 0.129883 0.226562 0.095703 0.091797
0 0.624512 0.979004 0.108398 0.041992
0 0.287109 0.569336 0.087891 0.052734
0 0.570312 0.370117 0.181641 0.117188
0 0.095215 0.351562 0.190430 0.109375
0 0.495117 0.875488 0.183594 0.166992
0 0.771973 0.597656 0.104492 0.203125
0 0.428223 0.167969 0.149414 0.210938
0 0.277344 0.526367 0.119141 0.082031
0 0.607910 0.053711 0.106445 0.091797
