0 0.006836 0.373047 0.013672 0.052734
0 0.111328 0.339355 0.076172 0.061523
0 0.128906 0.285645 0.062500 0.053711
0 0.053711 0.083984 0.083984 0.074219
0 0.191895 0.119629 0.079102 0.086914
0 0.187500 0.214355 0.054688 0.053711
0 0.282715 0.213867 0.073242 0.109375
0 0.203613 0.296387 0.055664 0.063477
0 0.327148 0.404297 0.103516 0.115234
0 0.089844 0.987793 0.099609 0.024414
0 0.962402 0.961426 0.075195 0.077148
0 0.701660 0.831055 0.067383 0.054688
0 0.812500 0.810547 0.076172 0.066406
0 0.899902 0.792480 0.057617 0.063477
0 0.870117 0.667480 0.052734 0.069336
0 0.804688 0.688477 0.056641 0.066406
0 0.667480 0.662109 0.061523 0.052734
0 0.637695 0.706543 0.083984 0.061523
0 0.564453 0.744141 0.042969 0.046875
0 0.543945 0.664551 0.066406 0.069336
0 0.423828 0.713867 0.074219 0.082031
0 0.377930 0.778320 0.134766 0.068359
0 0.217285 0.610840 0.071289 0.081055
0 0.749512 0.474609 0.075195 0.066406
0 0.900879 0.462891 0.083008 0.066406
0 0.574707 0.317383 0.106445 0.093750
0 0.441406 0.159180 0.117188 0.080078
0 0.722656 0.184570 0.078125 0.066406
0 0.830078 0.230957 0.107422 0.071289
0 0.765625 0.301270 0.070312 0.065430
0 0.970215 0.623047 0.059570 0.072266
0 0.963867 0.552246 0.072266 0.081055
0 0.985352 0.144043 0.029297 0.069336
0 0.964844 0.046387 0.070312 0.084961
0 0.787109 0.066895 0.113281 0.067383
0 0.560059 0.107910 0.071289 0.077148
0 0.277832 0.029297 0.069336 0.058594
0 0.454102 0.981934 0.078125 0.036133
0 0.026367 0.241211 0.052734 0.058594
0 0.327148 0.228516 0.095703 0.076172
