0 0.778320 0.106445 0.064453 0.113281
0 0.169434 0.298340 0.067383 0.069336
0 0.789551 0.518066 0.071289 0.063477
0 0.705566 0.761719 0.071289 0.060547
0 0.103027 0.365234 0.118164 0.062500
0 0.930176 0.155762 0.045898 0.084961
0 0.349609 0.158691 0.115234 0.081055
0 0.025879 0.092285 0.051758 0.147461
0 0.132324 0.138672 0.079102 0.078125
0 0.278320 0.453613 0.056641 0.073242
0 0.582520 0.771484 0.120117 0.109375
0 0.772949 0.397949 0.061523 0.069336
0 0.130859 0.705566 0.082031 0.041992
0 0.931641 0.444336 0.044922 0.089844
0 0.253418 0.815918 0.071289 0.094727
0 0.048340 0.194824 0.073242 0.065430
0 0.903809 0.450195 0.036133 0.082031
0 0.859375 0.089355 0.123047 0.118164
0 0.105469 0.544922 0.048828 0.085938
0 0.313477 0.539551 0.085938 0.034180
0 0.251953 0.098145 0.039062 0.063477
0 0.954590 0.406250 0.030273 0.082031
0 0.543457 0.961426 0.040039 0.073242
0 0.134277 0.395508 0.090820 0.080078
0 0.513672 0.542480 0.041016 0.061523
0 0.162598 0.474121 0.131836 0.077148
0 0.791504 0.741699 0.071289 0.059570
0 0.588867 0.830078 0.035156 0.107422
0 0.856445 0.934082 0.076172 0.038086
0 0.773926 0.904785 0.053711 0.032227
0 0.031250 0.233887 0.058594 0.053711
0 0.804688 0.982910 0.087891 0.030273
0 0.445312 0.479492 0.068359 0.072266
0 0.722656 0.532715 0.033203 0.071289
0 0.385742 0.105469 0.070312 0.033203
0 0.404785 0.871582 0.090820 0.038086
0 0.780762 0.317383 0.041992 0.082031
0 0.176270 0.867188 0.059570 0.033203
0 0.429199 0.631836 0.065430 0.033203
0 0.312500 0.839844 0.097656 0.087891
0 0.875488 0.206543 0.045898 0.065430
0 0.251953 0.985840 0.046875 0.028320
0 0.114258 0.596191 0.085938 0.020508
0 0.823730 0.440918 0.040039 0.055664
0 0.849121 0.756348 0.047852 0.030273
0 0.433594 0.441406 0.048828 0.039062
0 0.468262 0.026855 0.051758 0.041992
0 0.474121 0.835449 0.069336 0.020508
0 0.850098 0.246094 0.047852 0.031250
0 0.032227 0.836914 0.064453 0.093750
0 0.843262 0.607422 0.053711 0.023438
0 0.083496 0.630371 0.071289 0.045898
0 0.205566 0.928223 0.057617 0.022461
0 0.024902 0.890137 0.045898 0.038086
0 0.601562 0.562500 0.039062 0.042969
0 0.053223 0.067871 0.088867 0.131836
0 0.847168 0.410645 0.045898 0.063477
