0 0.589844 0.266602 0.066406 0.101562
0 0.061035 0.195312 0.063477 0.089844
0 0.696777 0.268555 0.051758 0.083984
0 0.108887 0.679199 0.073242 0.083008
0 0.852051 0.057129 0.067383 0.077148
0 0.946777 0.345703 0.047852 0.095703
0 0.128906 0.070312 0.080078 0.093750
0 0.568359 0.637695 0.048828 0.080078
0 0.167480 0.695312 0.065430 0.080078
0 0.116211 0.781738 0.066406 0.053711
0 0.809082 0.233398 0.045898 0.083984
0 0.238770 0.558105 0.100586 0.086914
0 0.355469 0.310547 0.050781 0.076172
0 0.824707 0.384277 0.055664 0.075195
0 0.049316 0.092773 0.065430 0.072266
0 0.321289 0.705078 0.093750 0.054688
0 0.104004 0.522949 0.069336 0.112305
0 0.558105 0.388672 0.059570 0.074219
0 0.977051 0.096191 0.045898 0.102539
0 0.482910 0.650879 0.055664 0.067383
0 0.560547 0.764648 0.109375 0.070312
0 0.414062 0.066406 0.052734 0.064453
0 0.200684 0.127441 0.069336 0.061523
0 0.602539 0.697754 0.046875 0.083008
0 0.071777 0.406738 0.073242 0.047852
0 0.852051 0.443848 0.049805 0.045898
0 0.163574 0.850586 0.098633 0.087891
0 0.172852 0.419922 0.068359 0.039062
0 0.166992 0.051270 0.076172 0.065430
0 0.661133 0.709961 0.048828 0.068359
0 0.627441 0.765137 0.057617 0.065430
0 0.500488 0.867676 0.045898 0.061523
0 0.024902 0.332031 0.043945 0.058594
0 0.516113 0.414062 0.067383 0.039062
0 0.649902 0.458496 0.098633 0.045898
0 0.630859 0.666992 0.044922 0.072266
0 0.796875 0.702637 0.039062 0.065430
0 0.718750 0.790527 0.046875 0.083008
0 0.900879 0.358398 0.038086 0.093750
0 0.867188 0.799805 0.044922 0.078125
0 0.075195 0.052734 0.054688 0.072266
0 0.529297 0.084473 0.078125 0.051758
0 0.768555 0.828613 0.048828 0.034180
0 0.744141 0.437988 0.025391 0.071289
0 0.830078 0.829590 0.044922 0.041992
0 0.583984 0.029297 0.031250 0.058594
0 0.878418 0.463379 0.069336 0.043945
0 0.357422 0.723145 0.093750 0.055664
0 0.935547 0.108398 0.052734 0.048828
0 0.360840 0.424805 0.055664 0.054688
0 0.189453 0.021973 0.054688 0.043945
0 0.627930 0.410645 0.062500 0.055664
0 0.891113 0.839355 0.088867 0.053711
0 0.701172 0.710938 0.037109 0.064453
0 0.757812 0.780273 0.062500 0.041016
0 0.444824 0.710938 0.043945 0.054688
0 0.206055 0.774902 0.083984 0.049805
0 0.519043 0.807129 0.077148 0.055664
0 0.705566 0.065430 0.041992 0.039062
0 0.072754 0.014648 0.038086 0.029297
0 0.505859 0.153320 0.046875 0.042969
0 0.667480 0.087402 0.047852 0.053711
0 0.779785 0.321777 0.045898 0.065430
0 0.625000 0.084961 0.066406 0.083984
0 0.981934 0.031250 0.036133 0.062500
0 0.027832 0.029785 0.055664 0.059570
0 0.808105 0.880371 0.063477 0.014648
0 0.802246 0.301758 0.051758 0.070312
0 0.242188 0.809082 0.050781 0.024414
0 0.106934 0.482910 0.069336 0.045898
0 0.807617 0.515625 0.037109 0.031250
0 0.258789 0.444336 0.037109 0.039062
0 0.628906 0.089844 0.029297 0.113281
0 0.309082 0.158691 0.063477 0.079102
0 0.048828 0.926270 0.093750 0.069336
0 0.059082 0.833984 0.032227 0.037109
0 0.094238 0.855957 0.086914 0.041992
0 0.399902 0.980469 0.110352 0.039062
0 0.419922 0.959961 0.056641 0.080078
0 0.468262 0.963867 0.047852 0.066406
0 0.590332 0.883301 0.040039 0.047852
0 0.392090 0.862793 0.098633 0.063477
0 0.799316 0.989746 0.090820 0.020508
0 0.731934 0.924805 0.051758 0.083984
0 0.863281 0.955078 0.044922 0.068359
0 0.019531 0.487793 0.039062 0.040039
