0 0.261719 0.153320 0.140625 0.062500
0 0.733398 0.264648 0.082031 0.095703
0 0.062012 0.259277 0.104492 0.049805
0 0.323242 0.704102 0.126953 0.125000
0 0.669434 0.028320 0.120117 0.046875
0 0.369629 0.437012 0.100586 0.104492
0 0.562988 0.263184 0.057617 0.073242
0 0.020996 0.465820 0.041992 0.107422
0 0.271973 0.538086 0.135742 0.072266
0 0.551758 0.790527 0.214844 0.077148
0 0.081055 0.183105 0.162109 0.092773
0 0.871094 0.574707 0.072266 0.104492
0 0.863281 0.323242 0.232422 0.052734
0 0.209961 0.444824 0.125000 0.075195
0 0.072266 0.570801 0.125000 0.086914
0 0.950684 0.541992 0.086914 0.074219
0 0.016602 0.116211 0.033203 0.107422
0 0.106445 0.952148 0.097656 0.089844
0 0.182129 0.266113 0.135742 0.067383
0 0.664551 0.572266 0.190430 0.099609
0 0.759766 0.384277 0.214844 0.084961
0 0.203613 0.676758 0.137695 0.080078
0 0.235352 0.923828 0.296875 0.138672
0 0.167969 0.787109 0.267578 0.154297
0 0.926758 0.750488 0.134766 0.137695
0 0.262207 0.599609 0.102539 0.068359
0 0.668457 0.694336 0.217773 0.160156
0 0.690430 0.481934 0.107422 0.055664
0 0.749512 0.442383 0.165039 0.115234
0 0.903320 0.651855 0.193359 0.075195
0 0.932129 0.370605 0.135742 0.077148
0 0.819336 0.864746 0.115234 0.129883
0 0.120605 0.615723 0.083008 0.083008
0 0.062500 0.742188 0.125000 0.099609
0 0.893066 0.878418 0.067383 0.157227
0 0.708496 0.852051 0.102539 0.104492
0 0.135742 0.433105 0.056641 0.067383
0 0.710938 0.764648 0.142578 0.214844
0 0.089355 0.204590 0.139648 0.065430
0 0.638184 0.936035 0.092773 0.127930
0 0.113281 0.762207 0.226562 0.110352
0 0.589355 0.872070 0.075195 0.134766
0 0.064941 0.597168 0.129883 0.129883
0 0.922363 0.828613 0.155273 0.057617
0 0.959961 0.731934 0.080078 0.100586
0 0.945801 0.638184 0.108398 0.127930
0 0.829590 0.720703 0.049805 0.072266
0 0.691895 0.531738 0.084961 0.075195
0 0.848633 0.928711 0.152344 0.142578
0 0.676758 0.476074 0.054688 0.077148
