0 0.047852 0.019531 0.089844 0.039062
0 0.410156 0.017090 0.080078 0.034180
0 0.535156 0.022461 0.066406 0.044922
0 0.205078 0.120117 0.060547 0.072266
0 0.286621 0.064453 0.061523 0.074219
0 0.382324 0.079590 0.114258 0.077148
0 0.492188 0.133301 0.091797 0.110352
0 0.390625 0.183105 0.119141 0.073242
0 0.596191 0.146973 0.055664 0.083008
0 0.535645 0.268066 0.081055 0.057617
0 0.458984 0.311035 0.060547 0.071289
0 0.391602 0.340332 0.056641 0.055664
0 0.312500 0.308594 0.080078 0.054688
0 0.187012 0.265625 0.081055 0.074219
0 0.206055 0.372559 0.076172 0.112305
0 0.127930 0.440430 0.052734 0.062500
0 0.395020 0.435059 0.104492 0.067383
0 0.466797 0.447754 0.087891 0.051758
0 0.572266 0.490723 0.095703 0.086914
0 0.208984 0.567871 0.064453 0.083008
0 0.186035 0.636230 0.041992 0.079102
0 0.302734 0.519043 0.076172 0.059570
0 0.399414 0.528809 0.066406 0.086914
0 0.479004 0.557617 0.067383 0.062500
0 0.557617 0.624512 0.119141 0.065430
0 0.278809 0.624512 0.061523 0.071289
0 0.340332 0.629395 0.071289 0.079102
0 0.302734 0.729980 0.058594 0.088867
0 0.386719 0.698730 0.097656 0.059570
0 0.245605 0.850586 0.065430 0.070312
0 0.069336 0.762207 0.097656 0.122070
0 0.311035 0.879883 0.071289 0.099609
0 0.427246 0.891602 0.067383 0.058594
0 0.470703 0.801270 0.078125 0.079102
0 0.508789 0.830566 0.074219 0.049805
0 0.539551 0.774414 0.053711 0.048828
0 0.536621 0.908691 0.067383 0.051758
0 0.457520 0.974121 0.057617 0.051758
0 0.602051 0.977539 0.077148 0.044922
0 0.629883 0.916992 0.068359 0.056641
0 0.744629 0.884277 0.127930 0.102539
0 0.970703 0.650391 0.058594 0.117188
0 0.921387 0.707520 0.102539 0.131836
0 0.900391 0.638184 0.072266 0.071289
0 0.735840 0.577148 0.069336 0.060547
0 0.710449 0.725586 0.118164 0.076172
0 0.826660 0.774414 0.077148 0.072266
0 0.711914 0.645996 0.093750 0.098633
0 0.815918 0.664551 0.063477 0.045898
0 0.914551 0.570801 0.092773 0.057617
0 0.758789 0.471680 0.078125 0.072266
0 0.859863 0.508789 0.100586 0.066406
0 0.952637 0.463867 0.094727 0.050781
0 0.874023 0.415039 0.072266 0.066406
0 0.730957 0.396484 0.077148 0.056641
0 0.916992 0.236816 0.166016 0.112305
0 0.857910 0.122070 0.065430 0.066406
0 0.967773 0.035156 0.064453 0.070312
0 0.016113 0.873047 0.032227 0.042969
0 0.482422 0.718750 0.062500 0.052734
0 0.699707 0.009766 0.061523 0.019531
