0 0.765625 0.067871 0.107422 0.135742
0 0.802246 0.061035 0.088867 0.122070
0 0.971191 0.149902 0.057617 0.083008
0 0.896484 0.101562 0.076172 0.076172
0 0.901855 0.195801 0.106445 0.057617
0 0.733887 0.306641 0.096680 0.062500
0 0.554688 0.312988 0.123047 0.067383
0 0.937988 0.359863 0.124023 0.073242
0 0.333496 0.157715 0.086914 0.075195
0 0.201660 0.149414 0.083008 0.070312
0 0.243164 0.202148 0.085938 0.064453
0 0.184570 0.228516 0.060547 0.085938
0 0.323242 0.413086 0.085938 0.175781
0 0.537109 0.480957 0.062500 0.065430
0 0.396973 0.556152 0.096680 0.161133
0 0.175781 0.548828 0.066406 0.052734
0 0.108887 0.470215 0.161133 0.194336
0 0.199707 0.038574 0.282227 0.077148
0 0.058594 0.185547 0.113281 0.173828
0 0.104004 0.656738 0.077148 0.059570
0 0.081055 0.756348 0.072266 0.047852
0 0.331543 0.693359 0.045898 0.107422
0 0.207031 0.697754 0.111328 0.153320
0 0.214355 0.802734 0.077148 0.062500
0 0.040039 0.886719 0.068359 0.146484
0 0.166504 0.914062 0.168945 0.148438
0 0.363770 0.763184 0.065430 0.198242
0 0.471680 0.870117 0.091797 0.183594
0 0.746094 0.757324 0.060547 0.073242
0 0.777832 0.765137 0.067383 0.088867
0 0.908203 0.765137 0.113281 0.174805
0 0.977051 0.717285 0.045898 0.118164
0 0.794434 0.587891 0.075195 0.066406
0 0.667969 0.642090 0.152344 0.120117
0 0.736816 0.458008 0.217773 0.154297
0 0.598145 0.636230 0.090820 0.170898
0 0.958496 0.540527 0.083008 0.088867
0 0.779785 0.673340 0.067383 0.073242
0 0.553711 0.972168 0.070312 0.055664
0 0.357910 0.970703 0.061523 0.058594
