0 0.152344 0.046875 0.121094 0.083984
0 0.210449 0.167969 0.086914 0.093750
0 0.514648 0.046875 0.064453 0.060547
0 0.462402 0.047363 0.059570 0.053711
0 0.356934 0.365234 0.065430 0.080078
0 0.279297 0.366211 0.080078 0.078125
0 0.178223 0.424805 0.120117 0.162109
0 0.033203 0.486816 0.066406 0.065430
0 0.049316 0.391113 0.090820 0.065430
0 0.087402 0.652344 0.084961 0.107422
0 0.057129 0.564941 0.061523 0.063477
0 0.187500 0.700195 0.097656 0.083984
0 0.079102 0.721680 0.062500 0.050781
0 0.320312 0.701172 0.064453 0.078125
0 0.352051 0.794922 0.094727 0.101562
0 0.411133 0.651855 0.101562 0.071289
0 0.503906 0.669434 0.089844 0.077148
0 0.568359 0.669922 0.080078 0.074219
0 0.681152 0.711914 0.061523 0.068359
0 0.517090 0.808594 0.081055 0.080078
0 0.280762 0.889648 0.059570 0.068359
0 0.297363 0.820312 0.083008 0.072266
0 0.176270 0.963379 0.165039 0.073242
0 0.063965 0.986328 0.061523 0.027344
0 0.647461 0.842773 0.080078 0.074219
0 0.685547 0.946289 0.068359 0.074219
0 0.611328 0.938965 0.058594 0.071289
0 0.863281 0.958496 0.080078 0.083008
0 0.977539 0.950195 0.044922 0.074219
0 0.964355 0.842773 0.071289 0.062500
0 0.952148 0.778809 0.093750 0.065430
0 0.931641 0.647461 0.076172 0.097656
0 0.790039 0.628906 0.078125 0.083984
0 0.718750 0.641113 0.074219 0.079102
0 0.657227 0.608398 0.062500 0.085938
0 0.723633 0.539551 0.119141 0.081055
0 0.427734 0.923828 0.089844 0.070312
0 0.872070 0.873535 0.048828 0.047852
0 0.660156 0.894531 0.101562 0.060547
0 0.021973 0.646973 0.043945 0.084961
0 0.223633 0.832031 0.062500 0.066406
0 0.454102 0.013672 0.099609 0.027344
0 0.383789 0.008789 0.046875 0.017578
0 0.597656 0.488770 0.070312 0.081055
0 0.986328 0.595703 0.027344 0.093750
0 0.870117 0.831543 0.048828 0.045898
0 0.812988 0.749512 0.127930 0.063477
0 0.020508 0.587891 0.041016 0.054688
0 0.439941 0.817871 0.104492 0.055664
0 0.341797 0.848145 0.066406 0.065430
