0 0.477051 0.309570 0.100586 0.093750
0 0.144531 0.905762 0.113281 0.122070
0 0.784180 0.065430 0.066406 0.130859
0 0.687500 0.967773 0.066406 0.064453
0 0.880371 0.909180 0.129883 0.181641
0 0.809570 0.878906 0.287109 0.164062
0 0.640137 0.026367 0.102539 0.052734
0 0.613770 0.925781 0.108398 0.083984
0 0.192383 0.340332 0.099609 0.116211
0 0.268555 0.344727 0.089844 0.148438
0 0.459473 0.413574 0.090820 0.090820
0 0.072754 0.457031 0.145508 0.216797
0 0.730957 0.228516 0.075195 0.134766
0 0.495605 0.661621 0.116211 0.120117
0 0.850586 0.119141 0.093750 0.125000
0 0.709473 0.027832 0.057617 0.055664
0 0.530273 0.474121 0.103516 0.106445
0 0.059570 0.263184 0.119141 0.125977
0 0.102539 0.673340 0.205078 0.096680
0 0.352539 0.158691 0.146484 0.100586
0 0.970703 0.650391 0.058594 0.111328
0 0.892578 0.723633 0.140625 0.113281
0 0.971680 0.759766 0.056641 0.054688
0 0.889648 0.779785 0.105469 0.081055
0 0.651367 0.632324 0.136719 0.260742
0 0.600098 0.368164 0.088867 0.087891
