0 0.209473 0.155762 0.149414 0.096680
0 0.104492 0.857422 0.107422 0.132812
0 0.404785 0.134766 0.110352 0.070312
0 0.045898 0.634277 0.091797 0.165039
0 0.185547 0.263184 0.117188 0.112305
0 0.727051 0.332520 0.110352 0.057617
0 0.639648 0.271973 0.070312 0.075195
0 0.025391 0.237305 0.050781 0.099609
0 0.528320 0.272461 0.144531 0.060547
0 0.398438 0.909180 0.087891 0.089844
0 0.053223 0.119629 0.077148 0.065430
0 0.121094 0.409180 0.097656 0.080078
0 0.663574 0.054688 0.120117 0.070312
0 0.069824 0.327148 0.075195 0.095703
0 0.415527 0.515625 0.157227 0.132812
0 0.623047 0.916992 0.066406 0.070312
0 0.907227 0.224609 0.125000 0.099609
0 0.922852 0.696777 0.132812 0.069336
0 0.578125 0.102051 0.162109 0.065430
0 0.240723 0.509277 0.057617 0.075195
0 0.873047 0.021973 0.087891 0.043945
0 0.617188 0.587402 0.125000 0.137695
0 0.218262 0.584473 0.122070 0.059570
0 0.554688 0.019531 0.150391 0.039062
0 0.545898 0.386230 0.167969 0.102539
0 0.371094 0.000977 0.132812 0.001953
0 0.414551 0.394531 0.100586 0.070312
0 0.731934 0.836914 0.100586 0.054688
0 0.423340 0.320801 0.073242 0.051758
0 0.162109 0.490723 0.095703 0.086914
0 0.939453 0.152832 0.089844 0.102539
0 0.526855 0.574707 0.104492 0.139648
0 0.377441 0.437012 0.165039 0.090820
0 0.199219 0.622070 0.089844 0.062500
0 0.153320 0.533691 0.123047 0.067383
0 0.729492 0.017090 0.089844 0.034180
0 0.949707 0.321777 0.100586 0.124023
0 0.892090 0.952148 0.120117 0.095703
0 0.951172 0.585938 0.097656 0.082031
0 0.675781 0.119629 0.062500 0.049805
0 0.281250 0.973633 0.089844 0.052734
0 0.030762 0.942383 0.057617 0.085938
0 0.128418 0.260742 0.038086 0.056641
0 0.030762 0.681152 0.041992 0.137695
0 0.555664 0.550781 0.107422 0.113281
0 0.586914 0.400879 0.105469 0.083008
