0 0.902832 0.419434 0.102539 0.104492
0 0.194824 0.133301 0.120117 0.102539
0 0.878906 0.645020 0.087891 0.110352
0 0.257812 0.692383 0.095703 0.093750
0 0.309570 0.256348 0.089844 0.100586
0 0.120605 0.668945 0.157227 0.125000
0 0.987305 0.889648 0.025391 0.082031
0 0.284180 0.458496 0.091797 0.096680
0 0.774902 0.141602 0.084961 0.111328
0 0.534668 0.134277 0.102539 0.100586
0 0.684570 0.420898 0.105469 0.099609
0 0.895508 0.859375 0.097656 0.125000
0 0.761719 0.518555 0.080078 0.087891
0 0.698730 0.174316 0.075195 0.147461
0 0.533203 0.678223 0.107422 0.102539
0 0.750488 0.022461 0.102539 0.044922
0 0.548828 0.572266 0.068359 0.085938
0 0.510742 0.924316 0.113281 0.110352
0 0.961426 0.020020 0.065430 0.040039
0 0.449219 0.223633 0.115234 0.078125
0 0.110840 0.432129 0.067383 0.065430
0 0.414551 0.463867 0.110352 0.080078
0 0.791992 0.944336 0.134766 0.105469
0 0.753418 0.755859 0.092773 0.087891
0 0.051758 0.262207 0.099609 0.139648
0 0.820312 0.174805 0.064453 0.078125
