0 0.278320 0.394043 0.220703 0.153320
0 0.076172 0.419434 0.142578 0.100586
0 0.967285 0.433594 0.065430 0.072266
0 0.193359 0.242676 0.144531 0.075195
0 0.073242 0.653320 0.113281 0.097656
0 0.279785 0.187988 0.139648 0.084961
0 0.876953 0.103516 0.099609 0.062500
0 0.154785 0.548340 0.159180 0.071289
0 0.897461 0.020996 0.140625 0.041992
0 0.880859 0.313477 0.132812 0.097656
0 0.095215 0.288086 0.104492 0.078125
0 0.144043 0.119141 0.163086 0.070312
0 0.170898 0.918457 0.152344 0.067383
0 0.830078 0.606445 0.150391 0.080078
0 0.049316 0.754395 0.094727 0.116211
0 0.059082 0.541016 0.094727 0.064453
0 0.029785 0.793457 0.059570 0.112305
0 0.932129 0.323242 0.135742 0.068359
