0 0.385254 0.216309 0.069336 0.102539
0 0.835449 0.377930 0.071289 0.074219
0 0.570801 0.926270 0.112305 0.055664
0 0.370605 0.927734 0.088867 0.091797
0 0.464355 0.479492 0.067383 0.078125
0 0.304688 0.044922 0.125000 0.089844
0 0.128418 0.876465 0.100586 0.065430
0 0.586914 0.196289 0.068359 0.072266
0 0.391602 0.472656 0.107422 0.042969
0 0.547363 0.311523 0.114258 0.173828
0 0.159180 0.107422 0.119141 0.076172
0 0.147461 0.515137 0.095703 0.092773
0 0.038574 0.306641 0.077148 0.060547
0 0.287598 0.604004 0.127930 0.047852
0 0.315918 0.865723 0.147461 0.073242
0 0.714844 0.711914 0.082031 0.048828
0 0.919922 0.411621 0.050781 0.061523
0 0.489258 0.712891 0.152344 0.060547
0 0.871094 0.218750 0.062500 0.070312
0 0.843750 0.291504 0.072266 0.055664
0 0.113770 0.339844 0.081055 0.050781
0 0.964844 0.975586 0.070312 0.048828
0 0.903320 0.272949 0.105469 0.071289
0 0.376953 0.346680 0.117188 0.042969
0 0.801270 0.979980 0.135742 0.040039
0 0.050293 0.980957 0.100586 0.038086
0 0.361328 0.313477 0.101562 0.037109
0 0.793457 0.298828 0.102539 0.060547
0 0.384277 0.677734 0.083008 0.054688
0 0.447754 0.749023 0.139648 0.072266
0 0.628906 0.975586 0.082031 0.048828
0 0.020508 0.230469 0.039062 0.091797
0 0.148438 0.291016 0.097656 0.041016
0 0.948730 0.479980 0.041992 0.059570
0 0.051270 0.750000 0.102539 0.044922
0 0.244629 0.888184 0.166992 0.073242
0 0.943848 0.521484 0.112305 0.125000
0 0.317871 0.708008 0.108398 0.113281
0 0.642090 0.207031 0.073242 0.072266
0 0.789551 0.248535 0.081055 0.038086
0 0.573242 0.250000 0.091797 0.044922
0 0.117188 0.187012 0.046875 0.159180
0 0.253906 0.456055 0.050781 0.062500
0 0.235840 0.778320 0.120117 0.054688
0 0.025391 0.397949 0.050781 0.204102
0 0.980469 0.950195 0.039062 0.039062
0 0.173828 0.391113 0.113281 0.065430
0 0.605957 0.710449 0.147461 0.047852
0 0.906250 0.986328 0.085938 0.027344
0 0.393555 0.990723 0.083984 0.018555
0 0.897949 0.290039 0.083008 0.064453
0 0.474609 0.263672 0.072266 0.076172
0 0.773926 0.441895 0.055664 0.069336
0 0.266602 0.316406 0.113281 0.080078
0 0.797363 0.440430 0.098633 0.048828
0 0.260742 0.701660 0.066406 0.047852
0 0.187012 0.337402 0.098633 0.083008
0 0.561035 0.497559 0.149414 0.100586
0 0.319824 0.734863 0.073242 0.047852
0 0.492188 0.414551 0.093750 0.051758
0 0.393066 0.444824 0.094727 0.043945
0 0.611816 0.380859 0.067383 0.144531
0 0.730469 0.288086 0.064453 0.042969
0 0.612305 0.415527 0.093750 0.038086
0 0.429199 0.643555 0.215820 0.050781
0 0.752930 0.104492 0.042969 0.041016
0 0.448242 0.735840 0.117188 0.043945
0 0.044922 0.554688 0.078125 0.044922
0 0.799805 0.807129 0.062500 0.038086
0 0.978516 0.790527 0.042969 0.059570
0 0.583008 0.831055 0.058594 0.046875
0 0.842285 0.713867 0.094727 0.054688
0 0.881836 0.677246 0.060547 0.041992
0 0.709473 0.659668 0.141602 0.063477
0 0.596191 0.650879 0.102539 0.059570
0 0.922852 0.376465 0.060547 0.057617
0 0.988770 0.348145 0.022461 0.045898
0 0.083008 0.440430 0.111328 0.130859
0 0.015137 0.163086 0.030273 0.044922
0 0.151855 0.038574 0.096680 0.069336
0 0.055176 0.023926 0.053711 0.047852
0 0.214355 0.033691 0.067383 0.067383
