0 0.342285 0.015625 0.059570 0.031250
0 0.190430 0.159180 0.080078 0.060547
0 0.260742 0.212402 0.056641 0.065430
0 0.756836 0.062988 0.062500 0.073242
0 0.610352 0.222168 0.117188 0.086914
0 0.790527 0.271973 0.069336 0.090820
0 0.542969 0.378418 0.072266 0.069336
0 0.711914 0.384277 0.083984 0.077148
0 0.278320 0.372070 0.128906 0.056641
0 0.037598 0.351562 0.075195 0.050781
0 0.173828 0.389160 0.082031 0.075195
0 0.079590 0.439941 0.079102 0.071289
0 0.183105 0.468750 0.061523 0.042969
0 0.148438 0.516602 0.072266 0.054688
0 0.189941 0.588867 0.073242 0.107422
0 0.041016 0.516113 0.076172 0.077148
0 0.027344 0.650391 0.044922 0.089844
0 0.405762 0.566406 0.079102 0.066406
0 0.392578 0.754395 0.056641 0.077148
0 0.301270 0.798340 0.049805 0.071289
0 0.258301 0.805176 0.045898 0.051758
0 0.177246 0.814941 0.059570 0.055664
0 0.114258 0.861816 0.074219 0.061523
0 0.052734 0.807129 0.080078 0.077148
0 0.594727 0.602051 0.060547 0.065430
0 0.698242 0.520508 0.062500 0.054688
0 0.720703 0.554688 0.048828 0.050781
0 0.803223 0.566895 0.063477 0.055664
0 0.788086 0.489746 0.076172 0.055664
0 0.669922 0.834473 0.054688 0.088867
0 0.588379 0.901367 0.092773 0.132812
0 0.468262 0.940430 0.057617 0.119141
0 0.382324 0.970215 0.059570 0.045898
0 0.393066 0.887695 0.043945 0.085938
0 0.277344 0.882812 0.085938 0.095703
0 0.091309 0.928711 0.061523 0.076172
0 0.217285 0.963379 0.067383 0.073242
0 0.019043 0.928711 0.038086 0.052734
0 0.022461 0.979004 0.044922 0.032227
0 0.737793 0.938477 0.063477 0.082031
0 0.833984 0.873047 0.070312 0.048828
0 0.884766 0.835938 0.060547 0.103516
0 0.853027 0.726562 0.088867 0.091797
0 0.870605 0.519531 0.096680 0.064453
0 0.918945 0.443848 0.107422 0.049805
0 0.969238 0.498047 0.061523 0.070312
0 0.978027 0.792969 0.043945 0.136719
0 0.866699 0.953125 0.118164 0.089844
0 0.945801 0.381348 0.081055 0.063477
0 0.931641 0.253418 0.064453 0.077148
0 0.973633 0.026367 0.052734 0.052734
