0 0.118652 0.079590 0.092773 0.075195
0 0.242676 0.088867 0.094727 0.066406
0 0.539551 0.093750 0.088867 0.070312
0 0.710449 0.108887 0.090820 0.049805
0 0.662109 0.160645 0.128906 0.090820
0 0.783203 0.188965 0.082031 0.102539
0 0.858887 0.041992 0.100586 0.083984
0 0.974609 0.041016 0.050781 0.082031
0 0.985352 0.217773 0.029297 0.078125
0 0.358887 0.257324 0.081055 0.069336
0 0.260254 0.280273 0.071289 0.066406
0 0.051270 0.267578 0.073242 0.082031
0 0.048340 0.359863 0.067383 0.083008
0 0.207031 0.363770 0.107422 0.090820
0 0.157715 0.465332 0.075195 0.073242
0 0.316895 0.446777 0.081055 0.075195
0 0.304199 0.531738 0.079102 0.077148
0 0.447266 0.561035 0.091797 0.088867
0 0.460449 0.442871 0.079102 0.079102
0 0.561035 0.526855 0.088867 0.059570
0 0.651367 0.501465 0.083984 0.096680
0 0.746582 0.462891 0.071289 0.103516
0 0.834473 0.645508 0.100586 0.080078
0 0.693848 0.729980 0.104492 0.098633
0 0.604980 0.807129 0.069336 0.077148
0 0.338867 0.869629 0.109375 0.075195
0 0.313965 0.745605 0.079102 0.073242
0 0.142578 0.643555 0.101562 0.076172
0 0.168945 0.806152 0.076172 0.079102
0 0.218750 0.912598 0.099609 0.084961
0 0.422363 0.924316 0.069336 0.061523
0 0.601562 0.898438 0.068359 0.066406
0 0.703125 0.838379 0.083984 0.073242
0 0.879395 0.801758 0.086914 0.091797
0 0.854980 0.928711 0.096680 0.095703
0 0.992188 0.997559 0.015625 0.004883
0 0.815918 0.801270 0.084961 0.065430
0 0.816406 0.099609 0.056641 0.062500
