0 0.704102 0.350098 0.070312 0.077148
0 0.668457 0.723145 0.061523 0.073242
0 0.256348 0.302246 0.073242 0.075195
0 0.438477 0.075195 0.046875 0.113281
0 0.827148 0.422852 0.054688 0.074219
0 0.398438 0.592285 0.066406 0.071289
0 0.155273 0.155762 0.066406 0.073242
0 0.195801 0.266113 0.073242 0.106445
0 0.082520 0.226074 0.053711 0.081055
0 0.276367 0.123535 0.048828 0.075195
0 0.085449 0.067871 0.071289 0.043945
0 0.149414 0.928223 0.042969 0.079102
0 0.923340 0.842285 0.026367 0.077148
0 0.833008 0.856445 0.037109 0.080078
0 0.390137 0.853027 0.038086 0.077148
0 0.899902 0.321777 0.061523 0.120117
0 0.040527 0.270020 0.040039 0.069336
0 0.951172 0.491699 0.046875 0.079102
0 0.583496 0.778320 0.045898 0.066406
0 0.406738 0.090820 0.059570 0.062500
0 0.727051 0.509766 0.040039 0.093750
0 0.528809 0.530273 0.127930 0.066406
0 0.184082 0.815430 0.100586 0.089844
0 0.106934 0.041016 0.059570 0.074219
0 0.262695 0.270508 0.041016 0.066406
0 0.452148 0.724609 0.083984 0.041016
0 0.570801 0.223145 0.036133 0.075195
0 0.146484 0.288086 0.033203 0.076172
0 0.230957 0.674805 0.057617 0.041016
0 0.584961 0.019531 0.037109 0.039062
0 0.039551 0.479004 0.049805 0.057617
0 0.853516 0.727539 0.054688 0.066406
0 0.934570 0.968262 0.039062 0.057617
0 0.785645 0.529297 0.051758 0.062500
0 0.954102 0.757812 0.035156 0.062500
0 0.347168 0.778320 0.053711 0.068359
0 0.572754 0.669922 0.045898 0.066406
0 0.312988 0.184082 0.047852 0.067383
0 0.154785 0.522461 0.059570 0.037109
0 0.706543 0.133301 0.073242 0.065430
0 0.332520 0.809570 0.051758 0.048828
0 0.645508 0.285645 0.033203 0.059570
0 0.927051 0.247607 0.044336 0.082910
0 0.541504 0.811035 0.053711 0.049805
0 0.784961 0.856104 0.066797 0.059277
0 0.465820 0.790527 0.054688 0.051758
0 0.361328 0.224121 0.031250 0.073242
0 0.510254 0.564453 0.045898 0.070312
0 0.318359 0.846680 0.029297 0.060547
0 0.069678 0.846191 0.054004 0.061523
0 0.314941 0.919434 0.043945 0.053711
0 0.627930 0.484863 0.046875 0.067383
0 0.241699 0.550293 0.047852 0.067383
0 0.620117 0.397461 0.048828 0.046875
0 0.793945 0.485352 0.029297 0.076172
0 0.152344 0.602051 0.048828 0.055664
0 0.644043 0.124023 0.028320 0.089844
0 0.860352 0.794922 0.046875 0.033203
0 0.062988 0.361328 0.041992 0.039062
0 0.798828 0.704102 0.031250 0.060547
0 0.217773 0.069336 0.054688 0.076172
0 0.380371 0.356934 0.067383 0.043945
0 0.805664 0.020508 0.025391 0.041016
0 0.851074 0.982422 0.036133 0.035156
0 0.477539 0.245117 0.048828 0.050781
0 0.110352 0.586914 0.060547 0.056641
0 0.987793 0.840332 0.024414 0.065430
0 0.977539 0.970215 0.044922 0.055664
0 0.097168 0.476074 0.073242 0.049805
0 0.328613 0.316895 0.040039 0.061523
0 0.730957 0.913086 0.036133 0.056641
0 0.285156 0.548340 0.035156 0.030273
0 0.446777 0.258789 0.047852 0.037109
0 0.972168 0.550781 0.055664 0.060547
