0 0.442383 0.082031 0.087891 0.142578
0 0.271484 0.274902 0.091797 0.129883
0 0.138184 0.687012 0.122070 0.190430
0 0.414551 0.627930 0.170898 0.072266
0 0.224609 0.170898 0.140625 0.082031
0 0.820801 0.369629 0.112305 0.219727
0 0.940918 0.115723 0.118164 0.096680
0 0.397949 0.390137 0.151367 0.268555
0 0.752930 0.805664 0.232422 0.216797
0 0.869629 0.082031 0.120117 0.089844
0 0.382812 0.810547 0.419922 0.259766
0 0.575684 0.733398 0.192383 0.187500
0 0.127441 0.116211 0.165039 0.232422
0 0.334473 0.965332 0.159180 0.069336
0 0.124512 0.213379 0.194336 0.227539
0 0.843262 0.651855 0.301758 0.479492
0 0.437012 0.778320 0.329102 0.162109
0 0.031250 0.202148 0.062500 0.070312
0 0.414551 0.412109 0.170898 0.105469
0 0.089844 0.291992 0.089844 0.185547
0 0.959961 0.598145 0.080078 0.086914
0 0.918457 0.977051 0.163086 0.040039
