0 0.619629 0.187500 0.073242 0.076172
0 0.446289 0.353516 0.068359 0.074219
0 0.242188 0.167480 0.076172 0.088867
0 0.323242 0.417969 0.083984 0.068359
0 0.425293 0.466309 0.063477 0.051758
0 0.488281 0.501465 0.080078 0.063477
0 0.320312 0.583008 0.072266 0.066406
0 0.127441 0.441895 0.067383 0.073242
0 0.043457 0.226074 0.086914 0.077148
0 0.088867 0.163574 0.064453 0.059570
0 0.665039 0.262695 0.060547 0.064453
0 0.726074 0.306641 0.071289 0.109375
0 0.723633 0.180176 0.082031 0.120117
0 0.866699 0.151367 0.083008 0.083984
0 0.739258 0.041504 0.105469 0.067383
0 0.981445 0.090820 0.037109 0.066406
0 0.837402 0.334473 0.067383 0.065430
0 0.697754 0.460449 0.073242 0.055664
0 0.730957 0.541504 0.077148 0.059570
0 0.473633 0.024902 0.066406 0.049805
0 0.979980 0.538086 0.040039 0.060547
0 0.920410 0.542480 0.065430 0.061523
0 0.858887 0.643066 0.084961 0.053711
0 0.663574 0.600586 0.063477 0.062500
0 0.588867 0.567383 0.062500 0.070312
0 0.527832 0.655273 0.102539 0.070312
0 0.446777 0.736816 0.053711 0.059570
0 0.256836 0.696777 0.048828 0.041992
0 0.131348 0.721680 0.131836 0.056641
0 0.099121 0.798828 0.073242 0.052734
0 0.033203 0.716309 0.066406 0.084961
0 0.032227 0.890137 0.064453 0.071289
0 0.125977 0.905273 0.078125 0.087891
0 0.210449 0.893555 0.079102 0.064453
0 0.302246 0.857422 0.118164 0.078125
0 0.328125 0.776855 0.056641 0.038086
0 0.249023 0.771973 0.062500 0.055664
0 0.497070 0.928223 0.062500 0.063477
0 0.567871 0.845703 0.061523 0.064453
0 0.618164 0.924316 0.132812 0.120117
0 0.852051 0.950195 0.063477 0.068359
0 0.915039 0.923340 0.074219 0.059570
0 0.972656 0.936035 0.054688 0.047852
0 0.788086 0.833008 0.066406 0.060547
0 0.692383 0.722656 0.058594 0.066406
0 0.634766 0.724609 0.066406 0.068359
0 0.240723 0.234863 0.067383 0.059570
