0 0.405762 0.963379 0.122070 0.073242
0 0.369141 0.639648 0.160156 0.099609
0 0.238281 0.969727 0.087891 0.060547
0 0.383301 0.335938 0.118164 0.123047
0 0.873047 0.882324 0.142578 0.094727
0 0.308105 0.560547 0.153320 0.101562
0 0.396973 0.085449 0.090820 0.157227
0 0.551758 0.883301 0.150391 0.086914
0 0.135254 0.646484 0.157227 0.181641
0 0.233398 0.331543 0.099609 0.092773
0 0.682617 0.133301 0.109375 0.235352
0 0.243164 0.898438 0.097656 0.078125
0 0.634766 0.601074 0.134766 0.172852
0 0.940918 0.967773 0.104492 0.062500
0 0.027344 0.044434 0.054688 0.084961
0 0.637207 0.790527 0.274414 0.137695
0 0.252930 0.479492 0.072266 0.074219
0 0.166016 0.292480 0.095703 0.100586
0 0.935059 0.595703 0.125977 0.089844
0 0.172852 0.203125 0.109375 0.169922
0 0.133301 0.498047 0.071289 0.072266
0 0.164551 0.094238 0.100586 0.090820
0 0.691895 0.745605 0.120117 0.077148
