0 0.055664 0.236816 0.083984 0.122070
0 0.064941 0.451172 0.094727 0.066406
0 0.047852 0.515625 0.080078 0.048828
0 0.106934 0.577148 0.069336 0.050781
0 0.232910 0.650879 0.096680 0.092773
0 0.362305 0.615234 0.056641 0.080078
0 0.328125 0.521484 0.085938 0.082031
0 0.415039 0.485352 0.064453 0.072266
0 0.594727 0.440430 0.085938 0.146484
0 0.414062 0.433105 0.056641 0.059570
0 0.256348 0.489258 0.075195 0.064453
0 0.201660 0.435547 0.077148 0.068359
0 0.308105 0.360352 0.069336 0.072266
0 0.285645 0.189941 0.084961 0.108398
0 0.337402 0.274414 0.061523 0.105469
0 0.405273 0.243164 0.054688 0.121094
0 0.556152 0.280273 0.049805 0.085938
0 0.635254 0.104492 0.090820 0.080078
0 0.795410 0.033691 0.071289 0.063477
0 0.820801 0.191406 0.075195 0.099609
0 0.774414 0.359375 0.070312 0.078125
0 0.708984 0.428711 0.048828 0.060547
0 0.852051 0.417969 0.075195 0.070312
0 0.955078 0.335938 0.072266 0.064453
0 0.967773 0.254395 0.054688 0.059570
0 0.980469 0.209961 0.039062 0.048828
0 0.894043 0.016602 0.071289 0.033203
0 0.955566 0.038574 0.065430 0.077148
0 0.660156 0.760254 0.082031 0.053711
0 0.935547 0.702148 0.070312 0.126953
0 0.834961 0.884277 0.044922 0.069336
0 0.732422 0.851562 0.058594 0.060547
0 0.880859 0.836426 0.054688 0.043945
0 0.532227 0.877441 0.080078 0.071289
0 0.398926 0.785156 0.077148 0.087891
0 0.447266 0.876953 0.054688 0.078125
0 0.316895 0.898926 0.067383 0.084961
0 0.143066 0.686035 0.084961 0.086914
0 0.073730 0.082031 0.055664 0.089844
0 0.148926 0.096680 0.057617 0.083984
0 0.297363 0.013672 0.061523 0.027344
0 0.355469 0.025879 0.048828 0.051758
0 0.568848 0.141113 0.045898 0.065430
0 0.604004 0.573730 0.061523 0.075195
0 0.933594 0.197754 0.052734 0.043945
0 0.870605 0.241211 0.073242 0.056641
0 0.203613 0.758301 0.043945 0.063477
0 0.041016 0.652344 0.042969 0.048828
0 0.683105 0.978027 0.106445 0.043945
0 0.313477 0.663574 0.046875 0.041992
0 0.210938 0.482910 0.060547 0.069336
0 0.091309 0.496094 0.041992 0.054688
0 0.607422 0.333496 0.054688 0.061523
0 0.631836 0.377930 0.064453 0.082031
0 0.551270 0.405273 0.041992 0.060547
0 0.811523 0.671875 0.072266 0.128906
0 0.831543 0.478516 0.038086 0.031250
0 0.100586 0.190918 0.068359 0.038086
