0 0.767578 0.096191 0.056641 0.077148
0 0.775391 0.259766 0.060547 0.076172
0 0.834961 0.453125 0.066406 0.117188
0 0.680664 0.299316 0.062500 0.108398
0 0.553711 0.216797 0.072266 0.103516
0 0.622559 0.105957 0.065430 0.086914
0 0.697754 0.109375 0.065430 0.109375
0 0.225586 0.227539 0.087891 0.083984
0 0.169434 0.256836 0.067383 0.048828
0 0.077637 0.324219 0.077148 0.078125
0 0.079102 0.387207 0.087891 0.069336
0 0.042969 0.186523 0.085938 0.058594
0 0.028809 0.128418 0.057617 0.061523
0 0.533691 0.398926 0.098633 0.067383
0 0.459473 0.436523 0.059570 0.076172
0 0.422852 0.539062 0.080078 0.064453
0 0.609375 0.557129 0.074219 0.094727
0 0.749023 0.646484 0.097656 0.068359
0 0.896484 0.808105 0.072266 0.067383
0 0.800781 0.781250 0.068359 0.074219
0 0.643555 0.777832 0.078125 0.061523
0 0.467773 0.727051 0.062500 0.077148
0 0.402832 0.778320 0.053711 0.068359
0 0.287598 0.684082 0.071289 0.077148
0 0.303223 0.583496 0.061523 0.071289
0 0.369629 0.658691 0.061523 0.061523
0 0.138672 0.604492 0.087891 0.076172
0 0.138672 0.695312 0.085938 0.070312
0 0.291504 0.905762 0.067383 0.065430
0 0.220215 0.931641 0.041992 0.062500
0 0.034668 0.664551 0.061523 0.090820
0 0.051758 0.560059 0.070312 0.084961
0 0.029785 0.783691 0.057617 0.049805
0 0.330078 0.283203 0.050781 0.052734
0 0.459473 0.332520 0.024414 0.040039
0 0.395996 0.400879 0.043945 0.026367
0 0.794922 0.135254 0.037109 0.061523
0 0.781738 0.137207 0.024414 0.061523
0 0.334961 0.788574 0.044922 0.067383
