0 0.028809 0.572266 0.057617 0.080078
0 0.049805 0.338867 0.099609 0.103516
0 0.114258 0.445801 0.093750 0.084961
0 0.305176 0.524902 0.084961 0.088867
0 0.179199 0.805176 0.110352 0.116211
0 0.494629 0.833008 0.118164 0.070312
0 0.535156 0.902344 0.080078 0.093750
0 0.589844 0.696777 0.125000 0.288086
0 0.471191 0.421387 0.141602 0.090820
0 0.338867 0.380371 0.076172 0.100586
0 0.274414 0.285156 0.111328 0.144531
0 0.401367 0.250488 0.060547 0.122070
0 0.449219 0.265625 0.062500 0.085938
0 0.550781 0.146484 0.083984 0.091797
0 0.526367 0.081543 0.082031 0.061523
0 0.225586 0.020020 0.177734 0.038086
0 0.247559 0.051270 0.065430 0.047852
0 0.424316 0.028809 0.198242 0.055664
0 0.386719 0.071289 0.074219 0.064453
0 0.698730 0.033691 0.065430 0.067383
0 0.977051 0.139160 0.045898 0.172852
0 0.960938 0.048340 0.050781 0.094727
0 0.762695 0.491699 0.107422 0.073242
0 0.856934 0.498535 0.084961 0.088867
0 0.914062 0.504395 0.068359 0.088867
0 0.875488 0.611816 0.055664 0.083008
0 0.909668 0.644531 0.071289 0.074219
0 0.960938 0.721680 0.078125 0.142578
0 0.965332 0.556152 0.065430 0.075195
0 0.974609 0.562988 0.050781 0.290039
0 0.944824 0.869629 0.106445 0.084961
0 0.932617 0.359375 0.062500 0.060547
0 0.799805 0.008789 0.048828 0.017578
0 0.990723 0.776367 0.018555 0.060547
