0 0.670898 0.960449 0.062500 0.073242
0 0.782715 0.316895 0.073242 0.090820
0 0.719238 0.627930 0.084961 0.068359
0 0.222168 0.550293 0.061523 0.083008
0 0.428223 0.119141 0.073242 0.080078
0 0.254883 0.033203 0.091797 0.054688
0 0.618164 0.108887 0.056641 0.092773
0 0.022949 0.552246 0.045898 0.104492
0 0.606934 0.605469 0.108398 0.080078
0 0.274414 0.532227 0.095703 0.052734
0 0.667480 0.117188 0.083008 0.072266
0 0.406250 0.402832 0.103516 0.120117
0 0.925293 0.763672 0.100586 0.089844
0 0.105957 0.488770 0.084961 0.088867
0 0.065918 0.062012 0.061523 0.075195
0 0.174805 0.689941 0.076172 0.104492
0 0.849121 0.623535 0.077148 0.055664
0 0.812500 0.785156 0.125000 0.044922
0 0.752930 0.897461 0.128906 0.048828
0 0.899902 0.683594 0.106445 0.058594
0 0.220703 0.778320 0.080078 0.076172
0 0.317871 0.699707 0.102539 0.084961
0 0.872559 0.141602 0.059570 0.115234
0 0.806641 0.180176 0.076172 0.065430
0 0.977539 0.090332 0.044922 0.077148
0 0.799805 0.048340 0.091797 0.081055
0 0.390137 0.299316 0.040039 0.084961
0 0.889648 0.385254 0.089844 0.079102
0 0.145654 0.606494 0.109473 0.076660
0 0.667480 0.715332 0.079102 0.045898
0 0.302246 0.418945 0.098633 0.052734
0 0.453613 0.277344 0.100586 0.105469
0 0.368164 0.113770 0.052734 0.043945
0 0.691895 0.660156 0.061523 0.054688
0 0.347656 0.486816 0.085938 0.075195
0 0.214844 0.392578 0.099609 0.105469
0 0.807129 0.495605 0.098633 0.045898
0 0.735352 0.188965 0.052734 0.069336
0 0.304688 0.870605 0.099609 0.071289
0 0.895508 0.563477 0.060547 0.031250
0 0.470215 0.984375 0.098633 0.017578
0 0.560547 0.062988 0.066406 0.043945
0 0.748535 0.142090 0.051758 0.075195
0 0.212891 0.882812 0.089844 0.031250
0 0.984375 0.244141 0.031250 0.031250
0 0.134277 0.714844 0.096680 0.076172
0 0.924805 0.983887 0.052734 0.022461
0 0.451660 0.019531 0.045898 0.037109
0 0.627441 0.753906 0.053711 0.070312
0 0.202148 0.053223 0.060547 0.096680
0 0.729492 0.350098 0.060547 0.069336
0 0.024414 0.603516 0.048828 0.035156
0 0.595215 0.738770 0.077148 0.086914
0 0.066895 0.402832 0.077148 0.045898
0 0.611328 0.037109 0.064453 0.029297
0 0.301758 0.153320 0.083984 0.039062
0 0.504395 0.238770 0.086914 0.065430
0 0.977051 0.073242 0.045898 0.046875
0 0.858398 0.714844 0.080078 0.041016
0 0.462891 0.549805 0.064453 0.029297
0 0.234375 0.106445 0.082031 0.064453
0 0.699707 0.761719 0.083008 0.076172
0 0.985840 0.045898 0.028320 0.091797
0 0.455078 0.730957 0.085938 0.055664
0 0.706543 0.725098 0.047852 0.036133
0 0.862305 0.017090 0.044922 0.032227
0 0.504395 0.134277 0.051758 0.024414
0 0.979980 0.198730 0.030273 0.067383
0 0.818848 0.757812 0.079102 0.076172
0 0.332520 0.366211 0.086914 0.068359
0 0.796387 0.694824 0.079102 0.047852
0 0.770508 0.713379 0.060547 0.038086
0 0.355469 0.759277 0.089844 0.057617
0 0.029785 0.371094 0.059570 0.058594
0 0.928711 0.670410 0.060547 0.049805
