0 0.823242 0.968262 0.097656 0.063477
0 0.550293 0.958496 0.077148 0.083008
0 0.673340 0.934570 0.106445 0.060547
0 0.629395 0.969238 0.077148 0.061523
0 0.688477 0.979980 0.068359 0.040039
0 0.427246 0.913086 0.071289 0.085938
0 0.745117 0.861328 0.078125 0.070312
0 0.309570 0.817871 0.082031 0.110352
0 0.235840 0.850586 0.055664 0.085938
0 0.477051 0.834961 0.059570 0.072266
0 0.375488 0.820312 0.073242 0.083984
0 0.122559 0.938965 0.081055 0.122070
0 0.079102 0.867188 0.089844 0.064453
0 0.627441 0.809082 0.059570 0.057617
0 0.050293 0.694824 0.057617 0.081055
0 0.128906 0.596191 0.080078 0.118164
0 0.369629 0.687500 0.071289 0.056641
0 0.314453 0.559570 0.085938 0.115234
0 0.667969 0.567383 0.082031 0.097656
0 0.569824 0.606445 0.057617 0.070312
0 0.757324 0.533203 0.086914 0.074219
0 0.575195 0.519531 0.060547 0.093750
0 0.806152 0.824707 0.088867 0.124023
0 0.909668 0.827637 0.077148 0.100586
0 0.884766 0.681641 0.109375 0.097656
0 0.646973 0.423828 0.065430 0.074219
0 0.472168 0.411621 0.075195 0.127930
0 0.542969 0.324707 0.134766 0.071289
0 0.553711 0.273438 0.091797 0.058594
0 0.286621 0.371582 0.077148 0.098633
0 0.207031 0.404297 0.117188 0.074219
0 0.145508 0.349121 0.076172 0.069336
0 0.471680 0.205078 0.060547 0.076172
0 0.430176 0.098633 0.100586 0.068359
0 0.490234 0.041992 0.074219 0.083984
0 0.715820 0.317383 0.066406 0.058594
0 0.763184 0.362793 0.065430 0.065430
0 0.772461 0.292480 0.072266 0.100586
0 0.811035 0.255859 0.161133 0.070312
0 0.950684 0.389160 0.098633 0.067383
0 0.965820 0.300781 0.066406 0.062500
0 0.059082 0.252441 0.071289 0.059570
0 0.428223 0.846680 0.057617 0.072266
0 0.295410 0.024902 0.079102 0.049805
0 0.241699 0.028320 0.038086 0.054688
0 0.888184 0.034180 0.084961 0.068359
0 0.170898 0.541016 0.041016 0.058594
0 0.010254 0.632812 0.020508 0.041016
0 0.593262 0.443848 0.053711 0.051758
0 0.598145 0.954102 0.047852 0.068359
0 0.982422 0.350586 0.035156 0.041016
0 0.243164 0.799805 0.031250 0.037109
0 0.395508 0.658203 0.054688 0.044922
0 0.574219 0.565918 0.041016 0.032227
0 0.606445 0.604004 0.027344 0.053711
