0 0.079102 0.020996 0.101562 0.041992
0 0.174805 0.038086 0.072266 0.076172
0 0.033203 0.096191 0.066406 0.086914
0 0.060547 0.302246 0.097656 0.100586
0 0.227051 0.304199 0.081055 0.135742
0 0.298340 0.358887 0.063477 0.094727
0 0.056641 0.522949 0.070312 0.075195
0 0.019043 0.601074 0.038086 0.081055
0 0.134277 0.981445 0.057617 0.037109
0 0.361816 0.843750 0.073242 0.123047
0 0.221191 0.820801 0.059570 0.110352
0 0.154297 0.801758 0.085938 0.099609
0 0.358398 0.662109 0.089844 0.054688
0 0.195801 0.625000 0.110352 0.085938
0 0.126953 0.586426 0.062500 0.059570
0 0.191406 0.559570 0.072266 0.076172
0 0.273438 0.504883 0.068359 0.072266
0 0.401855 0.452637 0.083008 0.075195
0 0.552246 0.374023 0.096680 0.080078
0 0.636230 0.523926 0.127930 0.077148
0 0.595215 0.676270 0.071289 0.051758
0 0.657227 0.700684 0.060547 0.057617
0 0.369141 0.269043 0.066406 0.059570
0 0.479980 0.212891 0.079102 0.066406
0 0.633301 0.333984 0.065430 0.072266
0 0.253906 0.121582 0.062500 0.071289
0 0.384766 0.023926 0.078125 0.047852
0 0.500000 0.038574 0.105469 0.077148
0 0.532227 0.100586 0.083984 0.078125
0 0.817871 0.024902 0.059570 0.049805
0 0.739258 0.069336 0.076172 0.062500
0 0.967773 0.024902 0.064453 0.049805
0 0.708008 0.232422 0.091797 0.068359
0 0.769043 0.265625 0.045898 0.050781
0 0.906738 0.268066 0.053711 0.061523
0 0.952148 0.313965 0.056641 0.088867
0 0.715820 0.484863 0.056641 0.073242
0 0.668457 0.582520 0.055664 0.051758
0 0.796875 0.484375 0.062500 0.062500
0 0.904297 0.616211 0.062500 0.056641
0 0.927734 0.690430 0.097656 0.068359
0 0.730469 0.983887 0.111328 0.032227
0 0.447754 0.644043 0.063477 0.071289
0 0.532227 0.285156 0.070312 0.083984
0 0.976074 0.539551 0.047852 0.059570
0 0.743652 0.017090 0.055664 0.034180
0 0.291504 0.752930 0.055664 0.054688
0 0.739258 0.464355 0.070312 0.110352
0 0.784180 0.715820 0.076172 0.099609
0 0.042480 0.221680 0.057617 0.058594
