0 0.673340 0.499512 0.083008 0.075195
0 0.158203 0.549805 0.113281 0.070312
0 0.932129 0.635742 0.114258 0.082031
0 0.875977 0.473145 0.152344 0.112305
0 0.052246 0.974609 0.104492 0.050781
0 0.847168 0.324707 0.100586 0.075195
0 0.628418 0.399414 0.112305 0.099609
0 0.644531 0.585938 0.099609 0.078125
0 0.032227 0.603027 0.064453 0.092773
0 0.845703 0.916992 0.087891 0.070312
0 0.016113 0.539551 0.032227 0.090820
0 0.804688 0.967285 0.070312 0.065430
0 0.777344 0.479492 0.115234 0.074219
0 0.820801 0.287109 0.086914 0.115234
0 0.658203 0.193359 0.072266 0.078125
0 0.601074 0.105957 0.067383 0.086914
0 0.045898 0.173340 0.052734 0.075195
0 0.727051 0.034668 0.084961 0.065430
0 0.791992 0.149902 0.074219 0.120117
