0 0.102539 0.304688 0.097656 0.105469
0 0.055664 0.483398 0.111328 0.089844
0 0.073730 0.562988 0.106445 0.069336
0 0.279297 0.571777 0.121094 0.086914
0 0.488770 0.689941 0.170898 0.149414
0 0.307129 0.742676 0.100586 0.075195
0 0.254395 0.668457 0.086914 0.065430
0 0.100098 0.659668 0.083008 0.075195
0 0.170898 0.809082 0.138672 0.077148
0 0.078125 0.941895 0.083984 0.116211
0 0.162109 0.978516 0.062500 0.042969
0 0.521484 0.835449 0.097656 0.083008
0 0.840820 0.707031 0.128906 0.072266
0 0.851562 0.606934 0.103516 0.096680
0 0.699707 0.516113 0.077148 0.174805
0 0.837891 0.372070 0.103516 0.132812
0 0.976562 0.458984 0.046875 0.099609
0 0.958984 0.556641 0.068359 0.109375
0 0.569336 0.210938 0.125000 0.103516
0 0.923828 0.152344 0.117188 0.109375
0 0.610352 0.069824 0.109375 0.090820
0 0.865234 0.074707 0.154297 0.137695
0 0.934082 0.789062 0.104492 0.101562
0 0.837891 0.931641 0.087891 0.101562
0 0.074219 0.178711 0.148438 0.130859
0 0.167480 0.421875 0.131836 0.101562
