0 0.096680 0.091797 0.074219 0.076172
0 0.865723 0.104492 0.088867 0.087891
0 0.889648 0.687500 0.076172 0.072266
0 0.968262 0.265625 0.063477 0.054688
0 0.143066 0.685059 0.110352 0.053711
0 0.812012 0.122070 0.057617 0.082031
0 0.506836 0.810059 0.097656 0.069336
0 0.417969 0.455078 0.087891 0.089844
0 0.381836 0.522949 0.066406 0.088867
0 0.038574 0.669434 0.073242 0.092773
0 0.743164 0.789062 0.085938 0.132812
0 0.083496 0.499512 0.075195 0.079102
0 0.198242 0.748535 0.093750 0.051758
0 0.236328 0.963867 0.119141 0.072266
0 0.521484 0.467285 0.041016 0.077148
0 0.315430 0.443848 0.123047 0.061523
0 0.741211 0.932129 0.076172 0.067383
0 0.055176 0.548828 0.090820 0.044922
0 0.709473 0.411133 0.063477 0.058594
0 0.142578 0.391602 0.091797 0.060547
0 0.827148 0.570312 0.050781 0.058594
0 0.870605 0.199219 0.120117 0.037109
0 0.054199 0.407715 0.092773 0.063477
0 0.309570 0.165527 0.121094 0.081055
0 0.229492 0.204102 0.085938 0.052734
0 0.141113 0.032227 0.069336 0.064453
0 0.939941 0.443359 0.086914 0.050781
0 0.460938 0.971191 0.072266 0.051758
0 0.334961 0.747559 0.054688 0.084961
0 0.624512 0.126465 0.077148 0.055664
0 0.362305 0.721191 0.125000 0.083008
0 0.298340 0.862793 0.061523 0.041992
0 0.798340 0.719238 0.061523 0.047852
0 0.436035 0.156738 0.067383 0.038086
0 0.870605 0.971680 0.065430 0.052734
0 0.116211 0.743652 0.046875 0.032227
0 0.420898 0.295898 0.066406 0.039062
0 0.036621 0.494141 0.073242 0.056641
0 0.025879 0.853027 0.051758 0.032227
0 0.235352 0.666992 0.076172 0.039062
0 0.216797 0.625488 0.101562 0.030273
0 0.773926 0.738281 0.084961 0.072266
0 0.339844 0.533203 0.058594 0.029297
0 0.773438 0.499023 0.074219 0.060547
0 0.774414 0.916992 0.054688 0.056641
0 0.975098 0.774902 0.049805 0.049805
0 0.383789 0.177246 0.072266 0.057617
0 0.383301 0.543945 0.055664 0.070312
0 0.187500 0.387695 0.066406 0.050781
0 0.501465 0.518066 0.075195 0.045898
0 0.976562 0.519043 0.046875 0.057617
0 0.835938 0.379395 0.091797 0.075195
0 0.654785 0.824707 0.057617 0.047852
0 0.268555 0.486328 0.091797 0.048828
0 0.651855 0.174805 0.077148 0.097656
0 0.221191 0.807617 0.141602 0.042969
0 0.852539 0.386230 0.066406 0.069336
0 0.638184 0.990234 0.061523 0.019531
0 0.274902 0.385254 0.063477 0.040039
0 0.031738 0.342773 0.063477 0.052734
0 0.190918 0.090332 0.125977 0.059570
0 0.190918 0.471680 0.067383 0.058594
0 0.967773 0.029785 0.054688 0.036133
0 0.853516 0.859863 0.070312 0.041992
0 0.714844 0.233398 0.056641 0.041016
0 0.192383 0.457031 0.060547 0.044922
0 0.056152 0.334473 0.063477 0.053711
0 0.948242 0.601562 0.041016 0.031250
0 0.653809 0.924316 0.098633 0.059570
0 0.225098 0.437500 0.077148 0.044922
0 0.016602 0.139160 0.033203 0.036133
0 0.829590 0.366211 0.081055 0.060547
0 0.954590 0.329590 0.040039 0.045898
0 0.833984 0.887207 0.046875 0.049805
0 0.744629 0.857422 0.104492 0.093750
0 0.307617 0.102051 0.158203 0.077148
