0 0.071777 0.784668 0.059570 0.065430
0 0.095215 0.939941 0.145508 0.079102
0 0.205566 0.801270 0.075195 0.077148
0 0.380859 0.830078 0.109375 0.126953
0 0.390137 0.589844 0.081055 0.121094
0 0.372070 0.678711 0.105469 0.076172
0 0.536133 0.666504 0.107422 0.067383
0 0.656738 0.780762 0.124023 0.079102
0 0.722168 0.732422 0.094727 0.072266
0 0.821289 0.888672 0.099609 0.142578
0 0.690918 0.972656 0.106445 0.054688
0 0.658691 0.627441 0.090820 0.073242
0 0.504883 0.487793 0.103516 0.104492
0 0.574707 0.483398 0.104492 0.082031
0 0.608887 0.407715 0.081055 0.073242
0 0.572266 0.303711 0.128906 0.085938
0 0.488770 0.252441 0.081055 0.061523
0 0.484863 0.322754 0.083008 0.063477
0 0.255859 0.394043 0.105469 0.073242
0 0.301270 0.465820 0.073242 0.082031
0 0.199219 0.483398 0.095703 0.109375
0 0.047852 0.422852 0.076172 0.068359
0 0.064941 0.350098 0.069336 0.065430
0 0.130371 0.267090 0.116211 0.073242
0 0.208008 0.301270 0.078125 0.065430
0 0.587891 0.146973 0.082031 0.063477
0 0.669922 0.082520 0.093750 0.077148
0 0.732422 0.190918 0.072266 0.057617
0 0.812988 0.222168 0.071289 0.075195
0 0.790039 0.568848 0.103516 0.077148
0 0.882324 0.630371 0.081055 0.077148
0 0.966309 0.786133 0.067383 0.095703
0 0.961426 0.415039 0.077148 0.074219
0 0.826172 0.347656 0.173828 0.089844
0 0.949707 0.335449 0.100586 0.059570
0 0.961426 0.494141 0.075195 0.074219
0 0.955566 0.970215 0.049805 0.059570
0 0.433105 0.215820 0.061523 0.048828
0 0.740234 0.126465 0.042969 0.055664
0 0.699707 0.105469 0.063477 0.064453
0 0.971191 0.165039 0.057617 0.080078
0 0.852539 0.433594 0.046875 0.062500
0 0.908691 0.481934 0.059570 0.051758
0 0.025879 0.479980 0.051758 0.065430
0 0.022949 0.569824 0.045898 0.055664
0 0.378906 0.874023 0.062500 0.062500
0 0.523438 0.804688 0.068359 0.076172
0 0.060059 0.973145 0.057617 0.053711
