0 0.684082 0.200195 0.090820 0.093750
0 0.728027 0.151367 0.092773 0.078125
0 0.816895 0.232422 0.155273 0.083984
0 0.748047 0.290527 0.080078 0.065430
0 0.945312 0.368652 0.093750 0.079102
0 0.596680 0.319336 0.091797 0.060547
0 0.659668 0.342773 0.100586 0.074219
0 0.376953 0.208496 0.150391 0.065430
0 0.482422 0.265137 0.097656 0.081055
0 0.285645 0.278320 0.096680 0.056641
0 0.232422 0.222168 0.087891 0.063477
0 0.393066 0.283203 0.079102 0.070312
0 0.130859 0.253418 0.064453 0.069336
0 0.187500 0.311523 0.074219 0.064453
0 0.081055 0.317871 0.099609 0.090820
0 0.028809 0.399902 0.057617 0.069336
0 0.456543 0.093262 0.086914 0.094727
0 0.793945 0.038574 0.087891 0.077148
0 0.113281 0.911621 0.074219 0.094727
0 0.285645 0.963379 0.092773 0.073242
0 0.319336 0.936035 0.083984 0.090820
0 0.364746 0.852051 0.102539 0.096680
0 0.283203 0.851074 0.076172 0.083008
0 0.288086 0.750977 0.074219 0.087891
0 0.331543 0.706543 0.073242 0.094727
0 0.487793 0.641113 0.047852 0.127930
0 0.595215 0.714844 0.069336 0.130859
0 0.551270 0.797363 0.094727 0.069336
0 0.535645 0.878418 0.086914 0.081055
0 0.733398 0.964844 0.087891 0.070312
0 0.688965 0.819824 0.110352 0.081055
0 0.739258 0.735352 0.150391 0.078125
0 0.970215 0.836914 0.059570 0.115234
0 0.185547 0.437012 0.107422 0.065430
0 0.212402 0.578613 0.077148 0.065430
0 0.228516 0.520996 0.101562 0.071289
0 0.101562 0.711426 0.066406 0.071289
0 0.150391 0.820801 0.089844 0.065430
0 0.435059 0.740234 0.077148 0.078125
0 0.389160 0.359375 0.077148 0.078125
0 0.853516 0.712891 0.074219 0.074219
0 0.761230 0.880859 0.084961 0.060547
0 0.628418 0.868652 0.065430 0.059570
0 0.946289 0.031250 0.097656 0.054688
