0 0.952148 0.784668 0.082031 0.069336
0 0.350586 0.366211 0.115234 0.082031
0 0.961914 0.643066 0.072266 0.079102
0 0.788574 0.675293 0.073242 0.077148
0 0.166016 0.723145 0.080078 0.065430
0 0.506348 0.032227 0.069336 0.064453
0 0.654785 0.074219 0.041992 0.085938
0 0.949707 0.933594 0.051758 0.060547
0 0.977051 0.165527 0.045898 0.057617
0 0.853027 0.566895 0.045898 0.075195
0 0.538086 0.193359 0.025391 0.089844
0 0.383301 0.227051 0.047852 0.079102
0 0.156250 0.369629 0.083984 0.038086
0 0.831055 0.283691 0.039062 0.077148
0 0.598145 0.375000 0.077148 0.113281
0 0.472168 0.070312 0.038086 0.082031
0 0.154785 0.404297 0.073242 0.052734
0 0.762207 0.857422 0.075195 0.039062
0 0.375977 0.277832 0.078125 0.043945
0 0.711426 0.253418 0.026367 0.092773
0 0.695312 0.645508 0.097656 0.076172
0 0.118164 0.067871 0.044922 0.061523
0 0.665527 0.373535 0.071289 0.045898
0 0.420898 0.870117 0.035156 0.087891
0 0.426758 0.548828 0.044922 0.082031
0 0.666504 0.260742 0.073242 0.070312
0 0.885742 0.502441 0.048828 0.077148
0 0.854980 0.329590 0.067383 0.049805
0 0.754395 0.348633 0.102539 0.052734
0 0.910645 0.109863 0.028320 0.077148
0 0.182129 0.146484 0.047852 0.029297
0 0.435059 0.070312 0.057617 0.080078
0 0.017090 0.573242 0.034180 0.029297
0 0.901367 0.979004 0.046875 0.038086
0 0.926270 0.462402 0.047852 0.083008
0 0.806152 0.759277 0.135742 0.053711
0 0.101074 0.170410 0.061523 0.043945
0 0.525879 0.953125 0.120117 0.087891
0 0.204102 0.974609 0.068359 0.046875
0 0.053711 0.249023 0.054688 0.130859
0 0.428223 0.204102 0.059570 0.027344
0 0.405762 0.298828 0.057617 0.031250
0 0.248535 0.488281 0.073242 0.039062
0 0.007324 0.312500 0.014648 0.017578
0 0.948242 0.419922 0.070312 0.029297
0 0.013672 0.123535 0.027344 0.055664
0 0.565918 0.304199 0.047852 0.079102
0 0.698730 0.238281 0.041992 0.072266
0 0.007324 0.476562 0.014648 0.050781
0 0.046875 0.168457 0.060547 0.047852
0 0.793945 0.508789 0.085938 0.050781
0 0.212402 0.409180 0.049805 0.037109
0 0.304199 0.991211 0.071289 0.017578
0 0.202637 0.500488 0.086914 0.032227
0 0.626465 0.530273 0.071289 0.035156
0 0.443848 0.766602 0.069336 0.068359
0 0.364600 0.469678 0.078418 0.048340
0 0.845215 0.832031 0.061523 0.076172
0 0.682617 0.335938 0.054688 0.046875
0 0.631348 0.745605 0.059570 0.053711
0 0.117676 0.915527 0.036133 0.061523
0 0.605469 0.473145 0.025391 0.053711
0 0.065918 0.980957 0.073242 0.038086
0 0.666016 0.073242 0.035156 0.083984
0 0.958984 0.376953 0.056641 0.058594
0 0.318848 0.967285 0.118164 0.043945
0 0.890625 0.170410 0.042969 0.110352
0 0.500488 0.185547 0.051758 0.078125
0 0.023926 0.018555 0.047852 0.037109
0 0.588867 0.139160 0.044922 0.022461
0 0.145996 0.431641 0.053711 0.050781
0 0.606445 0.782715 0.042969 0.038086
0 0.588379 0.466309 0.030273 0.053711
0 0.112305 0.449219 0.039062 0.058594
0 0.871582 0.374512 0.041992 0.098633
0 0.321777 0.428711 0.069336 0.046875
0 0.660645 0.494629 0.057617 0.045898
0 0.829590 0.482422 0.110352 0.074219
0 0.038574 0.778809 0.077148 0.059570
0 0.019531 0.741211 0.039062 0.046875
0 0.041504 0.722168 0.075195 0.063477
0 0.948730 0.843262 0.059570 0.049805
