0 0.144043 0.083496 0.077148 0.137695
0 0.079102 0.065430 0.093750 0.107422
0 0.054199 0.092773 0.092773 0.132812
0 0.009277 0.040527 0.018555 0.081055
0 0.211914 0.086426 0.062500 0.124023
0 0.238281 0.223145 0.052734 0.073242
0 0.285156 0.253906 0.066406 0.076172
0 0.487793 0.117676 0.065430 0.098633
0 0.583984 0.041016 0.074219 0.060547
0 0.655762 0.027344 0.081055 0.054688
0 0.601562 0.090332 0.052734 0.073242
0 0.586426 0.207031 0.069336 0.074219
0 0.623047 0.331543 0.054688 0.073242
0 0.747070 0.243164 0.058594 0.054688
0 0.740723 0.270020 0.059570 0.059570
0 0.718750 0.381348 0.064453 0.063477
0 0.791504 0.415527 0.073242 0.079102
0 0.842285 0.281738 0.081055 0.084961
0 0.850098 0.181641 0.071289 0.101562
0 0.822754 0.080078 0.084961 0.103516
0 0.894531 0.010254 0.058594 0.020508
0 0.069336 0.552734 0.093750 0.083984
0 0.399902 0.571289 0.073242 0.119141
0 0.278809 0.628906 0.069336 0.091797
0 0.263672 0.700684 0.062500 0.102539
0 0.311523 0.693359 0.054688 0.056641
0 0.519043 0.731445 0.112305 0.097656
0 0.538086 0.567383 0.113281 0.113281
0 0.617676 0.665527 0.090820 0.100586
0 0.247070 0.434082 0.083984 0.059570
0 0.475586 0.883789 0.062500 0.062500
0 0.853027 0.962891 0.081055 0.074219
0 0.867188 0.810059 0.072266 0.086914
0 0.735840 0.740234 0.057617 0.072266
0 0.826660 0.719238 0.063477 0.065430
0 0.830078 0.613770 0.060547 0.090820
0 0.030273 0.734375 0.060547 0.083984
0 0.155762 0.703125 0.051758 0.066406
0 0.575195 0.856445 0.076172 0.087891
0 0.711914 0.708496 0.080078 0.098633
0 0.714844 0.054199 0.044922 0.108398
