0 0.630371 0.119629 0.139648 0.049805
0 0.342773 0.380859 0.123047 0.091797
0 0.144043 0.393555 0.106445 0.109375
0 0.736816 0.679199 0.110352 0.079102
0 0.467285 0.978516 0.225586 0.042969
0 0.731934 0.961426 0.104492 0.077148
0 0.789551 0.620117 0.086914 0.074219
0 0.487305 0.947266 0.289062 0.083984
0 0.057129 0.599121 0.112305 0.079102
0 0.024414 0.514160 0.048828 0.073242
0 0.069824 0.276855 0.063477 0.041992
0 0.679688 0.091797 0.058594 0.029297
0 0.264648 0.522949 0.062500 0.063477
0 0.099609 0.467773 0.056641 0.033203
