0 0.015625 0.445312 0.031250 0.060547
0 0.036621 0.517090 0.073242 0.108398
0 0.043945 0.043945 0.087891 0.054688
0 0.192871 0.067383 0.079102 0.062500
0 0.290527 0.089844 0.063477 0.062500
0 0.224609 0.191406 0.058594 0.052734
0 0.270996 0.226074 0.075195 0.049805
0 0.349609 0.298340 0.082031 0.086914
0 0.119629 0.205566 0.059570 0.047852
0 0.043945 0.146973 0.087891 0.075195
0 0.363281 0.208008 0.041016 0.050781
0 0.458496 0.140137 0.081055 0.075195
0 0.552734 0.125488 0.062500 0.059570
0 0.473633 0.040527 0.064453 0.081055
0 0.694824 0.021973 0.086914 0.043945
0 0.869141 0.081055 0.076172 0.060547
0 0.699219 0.211914 0.062500 0.095703
0 0.863281 0.196289 0.099609 0.056641
0 0.578125 0.233887 0.085938 0.077148
0 0.531738 0.246582 0.098633 0.055664
0 0.677734 0.334961 0.083984 0.074219
0 0.526855 0.312988 0.071289 0.067383
0 0.578613 0.365723 0.088867 0.053711
0 0.237305 0.445312 0.083984 0.066406
0 0.244629 0.507812 0.069336 0.058594
0 0.339355 0.545410 0.124023 0.071289
0 0.387207 0.657227 0.094727 0.083984
0 0.682129 0.706543 0.059570 0.073242
0 0.090332 0.648926 0.067383 0.063477
0 0.022949 0.691895 0.045898 0.065430
0 0.283203 0.746582 0.113281 0.083008
0 0.520020 0.908203 0.083008 0.089844
0 0.385254 0.946777 0.098633 0.077148
0 0.089844 0.877930 0.101562 0.076172
0 0.023438 0.949219 0.046875 0.101562
0 0.192383 0.954102 0.058594 0.056641
0 0.645020 0.867676 0.088867 0.086914
0 0.741699 0.910156 0.084961 0.105469
0 0.843262 0.972168 0.108398 0.055664
0 0.929199 0.901855 0.086914 0.098633
0 0.814941 0.797363 0.090820 0.075195
0 0.892578 0.717773 0.082031 0.093750
0 0.916992 0.576660 0.062500 0.081055
0 0.568359 0.670410 0.066406 0.057617
0 0.610352 0.672852 0.076172 0.085938
0 0.559570 0.559082 0.087891 0.069336
0 0.634766 0.522949 0.115234 0.063477
0 0.965820 0.267090 0.068359 0.081055
0 0.968262 0.389160 0.063477 0.073242
0 0.938965 0.479980 0.092773 0.077148
0 0.955078 0.073242 0.044922 0.050781
0 0.021484 0.361328 0.042969 0.058594
0 0.822754 0.056152 0.045898 0.040039
0 0.452637 0.449707 0.051758 0.063477
0 0.331055 0.777344 0.072266 0.072266
0 0.208008 0.837891 0.050781 0.052734
0 0.679688 0.171875 0.044922 0.101562
0 0.297852 0.114746 0.080078 0.067383
0 0.514648 0.557617 0.093750 0.054688
0 0.513184 0.552734 0.081055 0.042969
