0 0.864746 0.169434 0.083008 0.094727
0 0.907715 0.595215 0.067383 0.092773
0 0.516113 0.333984 0.086914 0.058594
0 0.401855 0.069824 0.090820 0.081055
0 0.220703 0.533691 0.109375 0.057617
0 0.063965 0.605469 0.102539 0.064453
0 0.372559 0.916504 0.108398 0.077148
0 0.853516 0.548340 0.062500 0.077148
0 0.605957 0.539062 0.090820 0.058594
0 0.581543 0.112305 0.065430 0.169922
0 0.698242 0.272949 0.115234 0.061523
0 0.243164 0.655273 0.134766 0.058594
0 0.586914 0.250977 0.105469 0.070312
0 0.158203 0.250000 0.080078 0.044922
0 0.842285 0.583984 0.063477 0.060547
0 0.044922 0.934570 0.089844 0.048828
0 0.226562 0.923340 0.134766 0.051758
0 0.256836 0.479980 0.146484 0.116211
0 0.308105 0.200195 0.145508 0.064453
0 0.589355 0.785645 0.092773 0.026367
0 0.862793 0.215820 0.067383 0.072266
0 0.989746 0.612305 0.020508 0.050781
0 0.472656 0.625000 0.109375 0.066406
0 0.380371 0.505371 0.108398 0.075195
0 0.969238 0.461914 0.012695 0.080078
0 0.737305 0.605957 0.091797 0.030273
0 0.597168 0.563477 0.092773 0.072266
0 0.576660 0.917969 0.065430 0.060547
0 0.667480 0.982910 0.090820 0.034180
0 0.161621 0.895020 0.088867 0.032227
0 0.843262 0.022949 0.124023 0.036133
0 0.732422 0.682617 0.107422 0.062500
0 0.786133 0.181641 0.066406 0.041016
0 0.753906 0.350098 0.058594 0.053711
0 0.290527 0.614746 0.131836 0.047852
0 0.443848 0.795898 0.079102 0.046875
0 0.025391 0.887207 0.050781 0.069336
0 0.731445 0.968750 0.066406 0.042969
0 0.188965 0.703613 0.112305 0.096680
0 0.464355 0.902344 0.088867 0.037109
0 0.133789 0.664062 0.080078 0.060547
0 0.876465 0.630371 0.057617 0.045898
0 0.381836 0.572266 0.093750 0.060547
0 0.845215 0.234863 0.073242 0.053711
0 0.389648 0.542969 0.099609 0.085938
0 0.238770 0.582031 0.073242 0.033203
0 0.542969 0.534180 0.058594 0.056641
0 0.172363 0.600586 0.073242 0.050781
0 0.704102 0.647461 0.128906 0.056641
0 0.437988 0.690918 0.065430 0.038086
0 0.872070 0.509277 0.083984 0.047852
0 0.363770 0.687012 0.081055 0.045898
0 0.574219 0.697266 0.099609 0.066406
