0 0.064941 0.123047 0.129883 0.087891
0 0.630859 0.424316 0.113281 0.120117
0 0.594727 0.166016 0.160156 0.109375
0 0.680664 0.029785 0.117188 0.059570
0 0.280762 0.192871 0.092773 0.102539
0 0.058594 0.031250 0.117188 0.062500
0 0.043457 0.275879 0.086914 0.077148
0 0.036133 0.780762 0.072266 0.092773
0 0.860840 0.877930 0.083008 0.072266
0 0.475586 0.913574 0.117188 0.112305
0 0.860840 0.776855 0.102539 0.075195
0 0.932129 0.158203 0.098633 0.085938
0 0.389160 0.675781 0.100586 0.070312
0 0.484375 0.404297 0.089844 0.080078
