0 0.109863 0.153320 0.090820 0.078125
0 0.089844 0.034180 0.066406 0.056641
0 0.536133 0.583496 0.078125 0.071289
0 0.871582 0.507812 0.083008 0.091797
0 0.958984 0.216797 0.046875 0.101562
0 0.252930 0.067871 0.058594 0.090820
0 0.121094 0.641602 0.119141 0.082031
0 0.032227 0.933105 0.064453 0.053711
0 0.369141 0.075195 0.042969 0.076172
0 0.798340 0.524414 0.034180 0.080078
0 0.828613 0.025879 0.034180 0.051758
0 0.633301 0.062988 0.065430 0.065430
0 0.954102 0.852539 0.042969 0.080078
0 0.702637 0.587891 0.051758 0.058594
0 0.273926 0.746582 0.069336 0.036133
0 0.140137 0.125977 0.067383 0.044922
0 0.031250 0.535156 0.062500 0.050781
0 0.477051 0.715820 0.077148 0.054688
0 0.344238 0.573242 0.041992 0.062500
0 0.908203 0.945312 0.052734 0.039062
0 0.848633 0.642578 0.064453 0.041016
0 0.357422 0.571777 0.033203 0.061523
0 0.294922 0.598145 0.078125 0.049805
0 0.089844 0.581055 0.083984 0.035156
0 0.580078 0.581543 0.052734 0.041992
0 0.948242 0.720215 0.095703 0.051758
0 0.587402 0.324707 0.053711 0.061523
0 0.613770 0.282227 0.086914 0.037109
0 0.561523 0.499023 0.056641 0.068359
0 0.033203 0.402832 0.050781 0.049805
0 0.734375 0.908691 0.066406 0.055664
0 0.496094 0.275879 0.048828 0.040039
0 0.604980 0.019043 0.092773 0.038086
0 0.793945 0.634766 0.054688 0.054688
0 0.116211 0.988770 0.064453 0.018555
0 0.029297 0.093262 0.058594 0.040039
0 0.476074 0.649902 0.071289 0.055664
0 0.803223 0.341309 0.040039 0.057617
0 0.510254 0.399902 0.059570 0.032227
0 0.611328 0.671875 0.080078 0.066406
0 0.975098 0.638184 0.049805 0.059570
0 0.376953 0.509766 0.052734 0.062500
0 0.771484 0.370605 0.052734 0.043945
0 0.780273 0.686035 0.054688 0.053711
0 0.612305 0.520020 0.048828 0.049805
0 0.537109 0.968750 0.054688 0.056641
0 0.177734 0.088379 0.048828 0.049805
0 0.609375 0.295410 0.083984 0.038086
0 0.396484 0.602539 0.046875 0.054688
0 0.101562 0.886719 0.076172 0.046875
0 0.592529 0.719385 0.068652 0.061621
0 0.812500 0.565918 0.041016 0.032227
0 0.965820 0.697754 0.068359 0.053711
0 0.683105 0.544922 0.043945 0.035156
0 0.022461 0.098145 0.044922 0.041992
0 0.346191 0.268555 0.090820 0.070312
0 0.576660 0.546875 0.055664 0.039062
0 0.698730 0.237793 0.071289 0.028320
0 0.706055 0.220703 0.072266 0.023438
0 0.725586 0.262695 0.076172 0.037109
0 0.013672 0.674316 0.027344 0.041992
0 0.181152 0.057617 0.047852 0.039062
0 0.182617 0.951172 0.068359 0.039062
0 0.316895 0.289551 0.110352 0.073242
0 0.382812 0.012695 0.064453 0.025391
0 0.977051 0.885742 0.045898 0.064453
0 0.732422 0.689453 0.048828 0.074219
