0 0.266113 0.345215 0.096680 0.061523
0 0.123535 0.772461 0.096680 0.054688
0 0.499512 0.251465 0.063477 0.083008
0 0.729980 0.036133 0.084961 0.070312
0 0.080078 0.920898 0.140625 0.052734
0 0.976562 0.860840 0.046875 0.077148
0 0.207031 0.218262 0.068359 0.096680
0 0.291504 0.276367 0.083008 0.054688
0 0.918945 0.175293 0.085938 0.104492
0 0.209473 0.086914 0.137695 0.105469
0 0.885742 0.918945 0.076172 0.054688
0 0.621094 0.477539 0.087891 0.039062
0 0.462402 0.526855 0.104492 0.051758
0 0.657715 0.918945 0.077148 0.056641
0 0.084961 0.304199 0.085938 0.102539
0 0.753418 0.323242 0.083008 0.044922
0 0.930176 0.041016 0.071289 0.052734
0 0.557129 0.320801 0.083008 0.067383
0 0.841309 0.858398 0.092773 0.050781
0 0.462402 0.799805 0.143555 0.074219
0 0.957031 0.614258 0.064453 0.058594
0 0.218750 0.425293 0.126953 0.061523
0 0.958496 0.684082 0.083008 0.043945
0 0.497559 0.092773 0.073242 0.050781
0 0.789062 0.676758 0.072266 0.042969
0 0.846680 0.761719 0.091797 0.046875
0 0.961914 0.541504 0.076172 0.041992
0 0.334473 0.981934 0.055664 0.036133
0 0.771484 0.025391 0.056641 0.048828
0 0.546875 0.358887 0.091797 0.041992
0 0.472168 0.565430 0.067383 0.054688
0 0.982422 0.330078 0.035156 0.064453
0 0.822266 0.626953 0.064453 0.054688
0 0.388672 0.961426 0.089844 0.051758
0 0.362305 0.547852 0.117188 0.048828
0 0.836426 0.017090 0.051758 0.034180
0 0.721680 0.510742 0.046875 0.076172
0 0.299805 0.230957 0.083984 0.059570
0 0.668945 0.809082 0.125000 0.041992
0 0.387207 0.888672 0.098633 0.042969
0 0.624512 0.121582 0.122070 0.065430
0 0.663574 0.300781 0.165039 0.123047
0 0.458984 0.444336 0.068359 0.041016
0 0.656738 0.758789 0.053711 0.031250
0 0.148438 0.974609 0.091797 0.041016
0 0.525391 0.052246 0.169922 0.094727
0 0.052734 0.970215 0.105469 0.059570
0 0.388672 0.410645 0.082031 0.045898
0 0.067383 0.490723 0.134766 0.045898
0 0.032227 0.156250 0.062500 0.056641
0 0.596191 0.200195 0.051758 0.033203
0 0.989746 0.781250 0.020508 0.021484
0 0.852539 0.781738 0.087891 0.043945
0 0.627930 0.688965 0.056641 0.032227
0 0.371094 0.269531 0.066406 0.042969
0 0.020020 0.800781 0.040039 0.052734
0 0.787109 0.983398 0.062500 0.033203
0 0.261719 0.931641 0.150391 0.046875
0 0.373047 0.591797 0.115234 0.037109
0 0.836914 0.722168 0.082031 0.036133
0 0.432129 0.663574 0.114258 0.030273
0 0.812500 0.820801 0.072266 0.028320
0 0.497559 0.656250 0.176758 0.056641
0 0.738281 0.986816 0.050781 0.026367
0 0.469238 0.497559 0.061523 0.038086
0 0.806641 0.423340 0.041016 0.045898
0 0.422363 0.689453 0.075195 0.029297
0 0.271484 0.473145 0.070312 0.043945
0 0.333496 0.780762 0.125977 0.049805
0 0.508301 0.937012 0.065430 0.028320
0 0.038574 0.336914 0.075195 0.044922
0 0.390625 0.366211 0.115234 0.041016
0 0.229492 0.138184 0.078125 0.092773
0 0.524414 0.916992 0.062500 0.031250
0 0.705078 0.981445 0.068359 0.031250
0 0.915039 0.672363 0.099609 0.041992
0 0.056641 0.688477 0.113281 0.044922
0 0.271973 0.760742 0.067383 0.031250
0 0.037598 0.826660 0.061523 0.038086
