0 0.382812 0.063965 0.103516 0.083008
0 0.305176 0.042480 0.102539 0.083008
0 0.182617 0.394043 0.068359 0.077148
0 0.059082 0.899414 0.116211 0.052734
0 0.267578 0.474609 0.064453 0.087891
0 0.470703 0.955566 0.068359 0.088867
0 0.927734 0.350586 0.083984 0.083984
0 0.653809 0.454590 0.178711 0.094727
0 0.092773 0.054199 0.103516 0.077148
0 0.229980 0.359863 0.098633 0.083008
0 0.153809 0.064941 0.184570 0.110352
0 0.987793 0.347168 0.024414 0.090820
0 0.666504 0.735840 0.081055 0.061523
0 0.156250 0.289062 0.070312 0.101562
0 0.307129 0.374023 0.120117 0.044922
0 0.458496 0.726074 0.083008 0.108398
0 0.481934 0.708008 0.092773 0.064453
0 0.474609 0.381348 0.171875 0.071289
0 0.856445 0.403809 0.044922 0.090820
0 0.831055 0.710938 0.099609 0.070312
0 0.494141 0.420898 0.130859 0.056641
0 0.322266 0.280762 0.115234 0.096680
0 0.919434 0.980469 0.067383 0.039062
0 0.273438 0.661621 0.089844 0.049805
0 0.180664 0.803223 0.136719 0.051758
0 0.438965 0.469238 0.122070 0.057617
0 0.281738 0.144043 0.129883 0.079102
0 0.870605 0.976562 0.067383 0.046875
0 0.800781 0.389160 0.109375 0.139648
0 0.940918 0.053711 0.118164 0.064453
0 0.729492 0.430664 0.068359 0.060547
0 0.755371 0.394043 0.090820 0.051758
0 0.778320 0.079590 0.078125 0.038086
0 0.053223 0.452148 0.106445 0.054688
0 0.146973 0.164551 0.071289 0.040039
0 0.724121 0.937988 0.034180 0.061523
0 0.796387 0.965332 0.092773 0.055664
0 0.038574 0.793945 0.077148 0.041016
0 0.546875 0.695312 0.070312 0.042969
0 0.166992 0.762207 0.152344 0.047852
0 0.614746 0.978516 0.036133 0.042969
0 0.647461 0.824219 0.064453 0.052734
0 0.680176 0.989258 0.088867 0.021484
0 0.029785 0.062012 0.059570 0.040039
0 0.027002 0.554053 0.054004 0.081934
0 0.092773 0.660645 0.130859 0.143555
0 0.558594 0.474609 0.085938 0.050781
0 0.906738 0.375000 0.040039 0.093750
0 0.580566 0.012207 0.055664 0.024414
0 0.436523 0.647461 0.029297 0.060547
0 0.699219 0.020508 0.183594 0.041016
0 0.734375 0.279785 0.056641 0.040039
0 0.104980 0.984375 0.034180 0.031250
0 0.735352 0.881836 0.058594 0.031250
0 0.423828 0.325195 0.070312 0.070312
0 0.363770 0.351074 0.083008 0.043945
0 0.027344 0.398438 0.054688 0.044922
0 0.846680 0.034180 0.031250 0.068359
0 0.066406 0.337891 0.132812 0.148438
0 0.080566 0.334961 0.161133 0.136719
0 0.675781 0.241699 0.078125 0.221680
0 0.025391 0.735840 0.050781 0.055664
