0 0.340332 0.919922 0.110352 0.105469
0 0.818359 0.529297 0.144531 0.125000
0 0.373047 0.836914 0.087891 0.080078
0 0.584473 0.804199 0.235352 0.209961
0 0.463379 0.902344 0.127930 0.070312
0 0.233398 0.447754 0.351562 0.153320
0 0.829102 0.704102 0.341797 0.128906
0 0.829102 0.920410 0.292969 0.159180
0 0.935547 0.397461 0.128906 0.095703
0 0.049316 0.581543 0.094727 0.403320
0 0.090820 0.304199 0.171875 0.129883
0 0.072754 0.077148 0.145508 0.132812
0 0.628906 0.172363 0.312500 0.338867
0 0.357910 0.183594 0.356445 0.207031
0 0.141602 0.499023 0.148438 0.419922
0 0.072266 0.930176 0.138672 0.135742
