0 0.302734 0.197754 0.123047 0.065430
0 0.969238 0.901855 0.061523 0.061523
0 0.322266 0.738770 0.064453 0.079102
0 0.703613 0.196289 0.071289 0.089844
0 0.413574 0.132812 0.129883 0.060547
0 0.316895 0.397949 0.092773 0.084961
0 0.873535 0.864258 0.124023 0.097656
0 0.067383 0.035645 0.115234 0.045898
0 0.452148 0.453125 0.111328 0.042969
0 0.939453 0.464355 0.066406 0.051758
0 0.087402 0.432129 0.104492 0.096680
0 0.753418 0.970703 0.182617 0.056641
0 0.679688 0.397949 0.115234 0.084961
0 0.536133 0.260742 0.136719 0.060547
0 0.687988 0.688965 0.086914 0.077148
0 0.690918 0.736816 0.102539 0.075195
0 0.065430 0.922363 0.128906 0.077148
0 0.618164 0.448730 0.087891 0.047852
0 0.787598 0.409180 0.077148 0.076172
0 0.810547 0.395508 0.078125 0.048828
0 0.939453 0.021973 0.080078 0.043945
0 0.968262 0.743164 0.063477 0.058594
0 0.311035 0.299316 0.114258 0.086914
0 0.467773 0.186523 0.054688 0.046875
0 0.493164 0.495605 0.121094 0.061523
0 0.294922 0.158203 0.076172 0.042969
0 0.757812 0.611328 0.066406 0.041016
0 0.483398 0.799805 0.119141 0.078125
0 0.104980 0.325195 0.079102 0.035156
0 0.454590 0.885254 0.118164 0.036133
0 0.898438 0.989746 0.066406 0.020508
0 0.843262 0.801758 0.086914 0.029297
0 0.161133 0.740723 0.070312 0.028320
0 0.074219 0.536133 0.101562 0.033203
0 0.427734 0.322754 0.142578 0.036133
0 0.170410 0.575195 0.135742 0.052734
0 0.861328 0.627441 0.083984 0.026367
0 0.090332 0.706055 0.116211 0.056641
0 0.928711 0.733887 0.080078 0.053711
0 0.969238 0.662598 0.061523 0.022461
0 0.152344 0.859375 0.146484 0.041016
0 0.215820 0.944824 0.150391 0.032227
0 0.468750 0.215332 0.066406 0.047852
0 0.487793 0.652832 0.135742 0.040039
0 0.080078 0.635254 0.101562 0.030273
0 0.560547 0.914062 0.126953 0.046875
0 0.971191 0.256836 0.057617 0.031250
0 0.847656 0.953125 0.066406 0.033203
0 0.901855 0.085938 0.141602 0.113281
0 0.796875 0.139160 0.091797 0.065430
0 0.809082 0.294434 0.102539 0.036133
0 0.239258 0.915527 0.119141 0.030273
0 0.111328 0.497559 0.115234 0.040039
0 0.495605 0.782227 0.116211 0.029297
0 0.710449 0.278320 0.147461 0.058594
0 0.047363 0.460938 0.090820 0.027344
0 0.931641 0.849609 0.035156 0.056641
0 0.768555 0.481934 0.183594 0.041992
0 0.272461 0.476074 0.046875 0.038086
0 0.615234 0.405273 0.109375 0.080078
0 0.849609 0.287109 0.103516 0.046875
0 0.433594 0.541504 0.187500 0.057617
0 0.624512 0.671387 0.084961 0.030273
0 0.130371 0.533203 0.090820 0.039062
0 0.050293 0.681152 0.100586 0.053711
0 0.030273 0.725586 0.054688 0.033203
0 0.527832 0.696777 0.086914 0.036133
0 0.848145 0.517578 0.096680 0.039062
0 0.744629 0.104004 0.090820 0.075195
0 0.729492 0.500977 0.119141 0.103516
0 0.883301 0.060059 0.083008 0.073242
0 0.066406 0.562988 0.111328 0.024414
0 0.499023 0.567383 0.074219 0.041016
0 0.517578 0.533203 0.101562 0.039062
