0 0.278320 0.015137 0.076172 0.030273
0 0.390625 0.043457 0.128906 0.086914
0 0.253906 0.277832 0.125000 0.075195
0 0.585449 0.168945 0.102539 0.119141
0 0.780762 0.150391 0.106445 0.212891
0 0.810547 0.296387 0.052734 0.069336
0 0.923340 0.246094 0.141602 0.134766
0 0.953125 0.104004 0.093750 0.208008
0 0.829590 0.425293 0.090820 0.098633
0 0.979492 0.370605 0.041016 0.110352
0 0.394043 0.357422 0.075195 0.076172
0 0.309570 0.408203 0.082031 0.115234
0 0.050293 0.425293 0.084961 0.071289
0 0.148438 0.480957 0.134766 0.137695
0 0.228516 0.634277 0.111328 0.137695
0 0.073242 0.680176 0.109375 0.141602
0 0.401855 0.710449 0.073242 0.235352
0 0.453613 0.647461 0.061523 0.093750
0 0.093262 0.780762 0.145508 0.069336
0 0.133301 0.888184 0.088867 0.184570
0 0.657715 0.551758 0.055664 0.148438
0 0.696777 0.549316 0.051758 0.131836
0 0.726074 0.542480 0.053711 0.116211
0 0.859863 0.586426 0.139648 0.157227
0 0.858398 0.755859 0.115234 0.123047
0 0.937988 0.917969 0.124023 0.062500
0 0.691895 0.968750 0.057617 0.062500
