0 0.012207 0.040039 0.024414 0.080078
0 0.095215 0.181641 0.088867 0.076172
0 0.082520 0.286621 0.079102 0.090820
0 0.089844 0.448242 0.089844 0.130859
0 0.229004 0.369141 0.090820 0.125000
0 0.323730 0.382812 0.071289 0.083984
0 0.274902 0.229004 0.094727 0.161133
0 0.466309 0.257324 0.067383 0.135742
0 0.550781 0.257812 0.080078 0.085938
0 0.405273 0.133301 0.099609 0.133789
0 0.483887 0.058594 0.090820 0.066406
0 0.583984 0.129395 0.066406 0.057617
0 0.651855 0.208984 0.049805 0.050781
0 0.705566 0.207520 0.061523 0.104492
0 0.714355 0.296387 0.063477 0.069336
0 0.554199 0.385742 0.131836 0.080078
0 0.708496 0.388672 0.120117 0.078125
0 0.708984 0.463867 0.082031 0.062500
0 0.605957 0.539062 0.106445 0.130859
0 0.431152 0.479004 0.088867 0.086914
0 0.443359 0.538086 0.062500 0.050781
0 0.296387 0.579590 0.198242 0.122070
0 0.667969 0.668945 0.093750 0.093750
0 0.478516 0.706055 0.085938 0.060547
0 0.703125 0.767090 0.119141 0.092773
0 0.095703 0.632812 0.101562 0.093750
0 0.109863 0.717773 0.116211 0.058594
0 0.164062 0.804199 0.123047 0.065430
0 0.372070 0.822266 0.103516 0.097656
0 0.319824 0.941895 0.083008 0.116211
0 0.238770 0.991699 0.110352 0.016602
0 0.143066 0.988770 0.081055 0.022461
0 0.112305 0.862305 0.103516 0.060547
0 0.019043 0.878906 0.038086 0.072266
0 0.574707 0.824707 0.061523 0.051758
0 0.539551 0.933105 0.075195 0.133789
0 0.641602 0.943359 0.068359 0.107422
0 0.752441 0.901855 0.141602 0.100586
0 0.973145 0.946777 0.053711 0.081055
0 0.863281 0.892578 0.080078 0.156250
0 0.928223 0.772461 0.112305 0.123047
0 0.945312 0.655273 0.109375 0.166016
0 0.939453 0.508789 0.121094 0.070312
0 0.934570 0.396973 0.130859 0.094727
0 0.645996 0.051270 0.073242 0.055664
0 0.581543 0.188477 0.079102 0.054688
0 0.275879 0.739258 0.069336 0.095703
0 0.155273 0.751953 0.199219 0.119141
0 0.429688 0.192383 0.125000 0.083984
0 0.842285 0.167969 0.110352 0.126953
0 0.799805 0.256836 0.113281 0.082031
0 0.555664 0.472656 0.087891 0.064453
0 0.861816 0.030273 0.084961 0.060547
