0 0.072754 0.707031 0.096680 0.068359
0 0.771484 0.574219 0.072266 0.080078
0 0.283203 0.711426 0.052734 0.127930
0 0.522461 0.790527 0.066406 0.069336
0 0.373535 0.113770 0.094727 0.073242
0 0.914062 0.057129 0.074219 0.055664
0 0.192383 0.564453 0.080078 0.074219
0 0.758301 0.454102 0.041992 0.093750
0 0.393555 0.242676 0.089844 0.090820
0 0.597656 0.304199 0.078125 0.057617
0 0.349609 0.065918 0.078125 0.055664
0 0.388184 0.366699 0.051758 0.071289
0 0.727539 0.371094 0.037109 0.087891
0 0.026855 0.828613 0.053711 0.083008
0 0.238770 0.469727 0.071289 0.070312
0 0.033203 0.443359 0.066406 0.082031
0 0.952148 0.196289 0.046875 0.093750
0 0.625488 0.912598 0.071289 0.059570
0 0.942383 0.394531 0.099609 0.066406
0 0.589844 0.369629 0.095703 0.067383
0 0.149902 0.032227 0.083008 0.062500
0 0.078613 0.537109 0.073242 0.101562
0 0.475586 0.664062 0.083984 0.058594
0 0.045898 0.618164 0.091797 0.103516
0 0.929688 0.898438 0.044922 0.056641
0 0.963867 0.836914 0.072266 0.062500
0 0.811523 0.035156 0.052734 0.050781
0 0.674316 0.864746 0.061523 0.071289
0 0.546387 0.176758 0.069336 0.095703
0 0.757324 0.159180 0.067383 0.066406
0 0.661621 0.349609 0.038086 0.056641
0 0.381348 0.975098 0.036133 0.049805
0 0.622070 0.679688 0.072266 0.060547
0 0.715820 0.840820 0.066406 0.050781
0 0.126953 0.609863 0.060547 0.084961
0 0.829590 0.972168 0.055664 0.043945
0 0.289551 0.275391 0.049805 0.044922
0 0.466797 0.936523 0.060547 0.058594
0 0.895020 0.964844 0.073242 0.042969
0 0.653320 0.137207 0.054688 0.096680
0 0.823242 0.920410 0.058594 0.075195
0 0.775391 0.889160 0.044922 0.061523
0 0.793457 0.365723 0.063477 0.051758
0 0.221680 0.506348 0.046875 0.040039
0 0.025391 0.143555 0.050781 0.052734
0 0.593750 0.699219 0.041016 0.054688
0 0.030762 0.559082 0.061523 0.053711
0 0.302246 0.066895 0.055664 0.028320
0 0.163574 0.645996 0.043945 0.059570
0 0.599121 0.467773 0.055664 0.136719
0 0.493652 0.364258 0.053711 0.056641
0 0.896973 0.825684 0.061523 0.063477
0 0.539062 0.675781 0.056641 0.062500
0 0.348633 0.816406 0.068359 0.052734
