0 0.919434 0.915527 0.094727 0.077148
0 0.026855 0.768555 0.053711 0.091797
0 0.128906 0.939453 0.126953 0.080078
0 0.937988 0.730957 0.100586 0.077148
0 0.892090 0.267090 0.100586 0.055664
0 0.031250 0.442383 0.062500 0.125000
0 0.957031 0.519531 0.080078 0.074219
0 0.849609 0.819336 0.115234 0.070312
0 0.687012 0.329102 0.120117 0.080078
0 0.201660 0.632812 0.069336 0.117188
0 0.029785 0.632324 0.059570 0.084961
0 0.065430 0.687500 0.062500 0.054688
0 0.839844 0.657715 0.080078 0.047852
0 0.769531 0.836914 0.050781 0.064453
0 0.964355 0.447754 0.071289 0.061523
0 0.057129 0.299316 0.075195 0.059570
0 0.973145 0.392578 0.053711 0.082031
