0 0.591309 0.154297 0.090820 0.179688
0 0.726074 0.328125 0.112305 0.117188
0 0.658691 0.237793 0.088867 0.112305
0 0.239746 0.964844 0.104492 0.070312
0 0.238770 0.459961 0.159180 0.210938
0 0.074707 0.622559 0.094727 0.100586
0 0.143066 0.821289 0.077148 0.138672
0 0.678711 0.588867 0.125000 0.162109
0 0.207520 0.288574 0.081055 0.102539
0 0.747559 0.464844 0.096680 0.109375
0 0.282227 0.887207 0.080078 0.075195
0 0.083984 0.877930 0.087891 0.072266
0 0.119629 0.462402 0.092773 0.096680
0 0.105469 0.371094 0.107422 0.117188
0 0.058594 0.165039 0.113281 0.109375
0 0.221191 0.573242 0.067383 0.062500
0 0.054688 0.403320 0.080078 0.117188
0 0.049805 0.078613 0.093750 0.110352
0 0.759277 0.419434 0.112305 0.092773
0 0.023438 0.748047 0.046875 0.111328
0 0.034180 0.409668 0.068359 0.096680
0 0.760254 0.570312 0.069336 0.115234
