0 0.753418 0.018555 0.063477 0.037109
0 0.640625 0.231934 0.138672 0.106445
0 0.562012 0.228027 0.161133 0.133789
0 0.880859 0.338867 0.070312 0.119141
0 0.760254 0.329590 0.063477 0.075195
0 0.783691 0.399414 0.110352 0.082031
0 0.814941 0.328125 0.045898 0.058594
0 0.666016 0.356934 0.089844 0.110352
0 0.475586 0.328613 0.132812 0.069336
0 0.458984 0.252930 0.074219 0.068359
0 0.340820 0.192871 0.078125 0.088867
0 0.115723 0.237305 0.063477 0.121094
0 0.045898 0.331543 0.091797 0.053711
0 0.158691 0.385742 0.120117 0.066406
0 0.238281 0.447266 0.054688 0.076172
0 0.337891 0.343750 0.080078 0.076172
0 0.377441 0.335938 0.106445 0.058594
0 0.437012 0.384277 0.116211 0.071289
0 0.246582 0.312500 0.059570 0.056641
0 0.462891 0.526855 0.080078 0.079102
0 0.410156 0.579590 0.076172 0.118164
0 0.586426 0.624023 0.059570 0.085938
0 0.642090 0.569824 0.139648 0.102539
0 0.673340 0.539551 0.157227 0.100586
0 0.834961 0.578613 0.066406 0.065430
0 0.953613 0.532715 0.092773 0.147461
0 0.979980 0.647949 0.040039 0.116211
0 0.295410 0.667480 0.116211 0.065430
0 0.066895 0.657715 0.133789 0.061523
0 0.111816 0.731445 0.174805 0.062500
0 0.321777 0.743652 0.084961 0.057617
0 0.304688 0.789551 0.089844 0.061523
0 0.626953 0.966309 0.107422 0.067383
0 0.035645 0.375977 0.071289 0.042969
0 0.114258 0.275391 0.083984 0.042969
0 0.296875 0.368652 0.046875 0.038086
0 0.340820 0.397949 0.060547 0.043945
0 0.724609 0.726074 0.054688 0.053711
0 0.320312 0.828613 0.044922 0.053711
0 0.913086 0.610352 0.058594 0.083984
