0 0.018066 0.844238 0.036133 0.108398
0 0.026367 0.720703 0.052734 0.058594
0 0.103516 0.753418 0.056641 0.055664
0 0.053711 0.580566 0.091797 0.057617
0 0.075684 0.653320 0.065430 0.062500
0 0.175293 0.633789 0.063477 0.111328
0 0.186523 0.448730 0.072266 0.155273
0 0.100098 0.424316 0.055664 0.118164
0 0.030762 0.402344 0.061523 0.126953
0 0.337402 0.670410 0.059570 0.088867
0 0.438477 0.571777 0.064453 0.051758
0 0.402832 0.763672 0.086914 0.066406
0 0.526855 0.479004 0.067383 0.090820
0 0.611816 0.471680 0.075195 0.070312
0 0.687012 0.569824 0.069336 0.071289
0 0.756348 0.557129 0.065430 0.069336
0 0.558594 0.717773 0.066406 0.109375
0 0.631836 0.669434 0.070312 0.075195
0 0.779297 0.680176 0.060547 0.069336
0 0.890137 0.655273 0.083008 0.078125
0 0.847168 0.737305 0.110352 0.087891
0 0.492676 0.921387 0.118164 0.075195
0 0.590820 0.887695 0.066406 0.091797
0 0.688965 0.886230 0.098633 0.100586
0 0.812500 0.869141 0.095703 0.074219
0 0.896973 0.965820 0.065430 0.068359
0 0.968262 0.828125 0.063477 0.062500
0 0.532715 0.407715 0.067383 0.084961
0 0.018066 0.324707 0.036133 0.084961
0 0.806152 0.947266 0.084961 0.068359
0 0.743652 0.961426 0.038086 0.040039
0 0.481934 0.522461 0.055664 0.056641
