0 0.695801 0.937988 0.071289 0.122070
0 0.850098 0.891602 0.084961 0.087891
0 0.841797 0.808594 0.076172 0.074219
0 0.701660 0.786133 0.122070 0.125000
0 0.727051 0.706543 0.079102 0.114258
0 0.698242 0.611328 0.091797 0.066406
0 0.469727 0.696289 0.080078 0.076172
0 0.421875 0.625000 0.080078 0.107422
0 0.059082 0.616211 0.118164 0.095703
0 0.221191 0.669434 0.092773 0.098633
0 0.273438 0.738770 0.125000 0.086914
0 0.324707 0.701172 0.049805 0.048828
0 0.182129 0.767090 0.073242 0.075195
0 0.216309 0.837891 0.086914 0.068359
0 0.275391 0.566406 0.050781 0.082031
0 0.816406 0.610840 0.078125 0.061523
0 0.884766 0.629395 0.087891 0.088867
0 0.927246 0.439941 0.059570 0.112305
0 0.460449 0.407227 0.075195 0.060547
0 0.722168 0.264648 0.096680 0.070312
0 0.514160 0.209961 0.067383 0.083984
0 0.460938 0.283691 0.101562 0.084961
0 0.293945 0.229004 0.095703 0.065430
0 0.332520 0.266113 0.104492 0.061523
0 0.183594 0.279785 0.062500 0.067383
0 0.361816 0.095215 0.079102 0.114258
0 0.164062 0.161621 0.087891 0.081055
0 0.080078 0.059082 0.066406 0.071289
0 0.397461 0.806152 0.072266 0.061523
0 0.345703 0.026855 0.068359 0.053711
0 0.583008 0.011230 0.054688 0.022461
0 0.531250 0.011719 0.050781 0.023438
0 0.047852 0.779297 0.066406 0.056641
