0 0.047363 0.290039 0.071289 0.066406
0 0.037109 0.354980 0.066406 0.069336
0 0.106445 0.410156 0.066406 0.078125
0 0.034668 0.502930 0.069336 0.095703
0 0.195801 0.561035 0.071289 0.090820
0 0.285645 0.661621 0.092773 0.125977
0 0.042480 0.968750 0.081055 0.062500
0 0.246094 0.952637 0.095703 0.094727
0 0.173828 0.840820 0.095703 0.068359
0 0.200195 0.805664 0.107422 0.083984
0 0.300293 0.776367 0.079102 0.060547
0 0.319824 0.861816 0.073242 0.075195
0 0.927246 0.989258 0.090820 0.021484
0 0.732910 0.972656 0.081055 0.054688
0 0.782715 0.920898 0.077148 0.068359
0 0.661133 0.837891 0.095703 0.080078
0 0.769043 0.810547 0.075195 0.066406
0 0.786621 0.739746 0.065430 0.063477
0 0.655273 0.671875 0.064453 0.044922
0 0.682129 0.723145 0.067383 0.053711
0 0.428711 0.771484 0.070312 0.062500
0 0.392090 0.820312 0.057617 0.060547
0 0.754883 0.668945 0.091797 0.066406
0 0.754883 0.638672 0.058594 0.039062
0 0.484863 0.527344 0.124023 0.103516
0 0.279785 0.505859 0.071289 0.070312
0 0.262207 0.400391 0.092773 0.134766
0 0.392090 0.409668 0.069336 0.063477
0 0.279297 0.265625 0.089844 0.060547
0 0.388672 0.235352 0.093750 0.132812
0 0.143555 0.182617 0.130859 0.083984
0 0.085938 0.131836 0.062500 0.125000
0 0.575684 0.213379 0.106445 0.102539
0 0.594727 0.367188 0.095703 0.062500
0 0.770508 0.275391 0.083984 0.058594
0 0.791992 0.203125 0.078125 0.048828
0 0.916504 0.091309 0.090820 0.073242
0 0.878906 0.198730 0.080078 0.098633
0 0.947266 0.229004 0.074219 0.055664
0 0.948730 0.307129 0.086914 0.065430
0 0.890625 0.378418 0.095703 0.075195
0 0.861328 0.459961 0.070312 0.089844
0 0.923828 0.537109 0.056641 0.066406
0 0.938965 0.747070 0.079102 0.066406
0 0.884277 0.834961 0.057617 0.101562
0 0.937500 0.839844 0.048828 0.062500
0 0.884766 0.612793 0.089844 0.124023
0 0.707520 0.478027 0.073242 0.075195
0 0.589844 0.455566 0.087891 0.094727
0 0.557129 0.500000 0.077148 0.093750
0 0.854492 0.291992 0.041016 0.056641
