0 0.531250 0.943848 0.136719 0.112305
0 0.367676 0.955566 0.094727 0.088867
0 0.036133 0.871582 0.072266 0.094727
0 0.054688 0.299316 0.105469 0.077148
0 0.192871 0.722656 0.135742 0.099609
0 0.512207 0.609863 0.071289 0.067383
0 0.590332 0.433105 0.081055 0.071289
0 0.410156 0.443848 0.089844 0.069336
0 0.780273 0.588379 0.099609 0.077148
0 0.807129 0.737305 0.149414 0.097656
0 0.797363 0.833984 0.104492 0.076172
0 0.723633 0.915527 0.093750 0.090820
0 0.632324 0.855957 0.057617 0.063477
0 0.940918 0.881348 0.075195 0.131836
0 0.921875 0.464844 0.140625 0.087891
0 0.622070 0.338867 0.193359 0.144531
0 0.456543 0.282715 0.067383 0.071289
0 0.402344 0.224121 0.109375 0.081055
0 0.397461 0.136230 0.091797 0.073242
0 0.240723 0.235840 0.094727 0.077148
0 0.579102 0.168457 0.132812 0.096680
0 0.788086 0.151367 0.105469 0.080078
0 0.953613 0.213379 0.092773 0.077148
0 0.487305 0.058105 0.093750 0.067383
0 0.617676 0.027832 0.102539 0.055664
0 0.031738 0.436523 0.063477 0.080078
0 0.721680 0.245605 0.111328 0.077148
0 0.559570 0.231934 0.113281 0.071289
0 0.096191 0.792480 0.090820 0.100586
0 0.088379 0.662598 0.043945 0.055664
