0 0.982422 0.809570 0.035156 0.093750
0 0.357422 0.889160 0.068359 0.092773
0 0.077637 0.243164 0.063477 0.044922
0 0.718750 0.975586 0.105469 0.048828
0 0.137695 0.982422 0.152344 0.035156
0 0.828613 0.917480 0.047852 0.075195
0 0.839844 0.438477 0.087891 0.070312
0 0.541016 0.189453 0.167969 0.064453
0 0.904297 0.560547 0.074219 0.072266
0 0.054688 0.119629 0.103516 0.067383
0 0.287598 0.678711 0.055664 0.074219
0 0.663086 0.793457 0.189453 0.081055
0 0.132812 0.674805 0.115234 0.074219
0 0.729492 0.467773 0.144531 0.089844
0 0.663574 0.709473 0.116211 0.104492
0 0.262695 0.782227 0.087891 0.080078
0 0.243652 0.945312 0.174805 0.068359
0 0.964355 0.844238 0.051758 0.157227
0 0.469727 0.518066 0.173828 0.065430
0 0.056641 0.560059 0.113281 0.073242
0 0.861328 0.796875 0.085938 0.107422
0 0.603027 0.253418 0.147461 0.073242
0 0.192871 0.028320 0.079102 0.052734
0 0.304688 0.035156 0.207031 0.070312
0 0.113281 0.147461 0.048828 0.072266
0 0.038574 0.266602 0.077148 0.076172
0 0.164062 0.375000 0.078125 0.109375
0 0.090820 0.357422 0.121094 0.119141
0 0.164551 0.479004 0.049805 0.094727
0 0.237793 0.332520 0.040039 0.041992
0 0.028320 0.720215 0.056641 0.063477
0 0.058594 0.528809 0.117188 0.069336
0 0.479980 0.555664 0.170898 0.123047
0 0.508301 0.562012 0.106445 0.118164
0 0.687500 0.107910 0.042969 0.061523
0 0.554199 0.214355 0.149414 0.059570
0 0.385254 0.243164 0.038086 0.074219
0 0.422852 0.293945 0.054688 0.048828
0 0.473145 0.308105 0.073242 0.047852
0 0.160645 0.721191 0.084961 0.051758
0 0.313965 0.811523 0.067383 0.072266
0 0.952148 0.843750 0.058594 0.128906
0 0.886719 0.488770 0.054688 0.063477
0 0.877441 0.990723 0.040039 0.018555
0 0.940918 0.970215 0.051758 0.057617
0 0.214355 0.655273 0.038086 0.033203
