0 0.427246 0.110352 0.116211 0.105469
0 0.604492 0.494629 0.115234 0.094727
0 0.283203 0.413574 0.123047 0.102539
0 0.291992 0.694336 0.089844 0.089844
0 0.616699 0.898926 0.086914 0.118164
0 0.424805 0.660645 0.099609 0.086914
0 0.526855 0.554199 0.100586 0.094727
0 0.416016 0.734375 0.107422 0.134766
0 0.710938 0.106934 0.097656 0.079102
0 0.242188 0.222168 0.109375 0.120117
0 0.502930 0.939453 0.119141 0.121094
0 0.394531 0.038574 0.105469 0.077148
0 0.826172 0.112793 0.144531 0.065430
0 0.479980 0.389648 0.084961 0.105469
0 0.168457 0.980957 0.096680 0.038086
0 0.191895 0.917969 0.112305 0.072266
0 0.385742 0.270508 0.082031 0.087891
0 0.484863 0.215820 0.075195 0.078125
