0 0.381348 0.493164 0.065430 0.101562
0 0.756348 0.926758 0.081055 0.136719
0 0.248047 0.299316 0.113281 0.075195
0 0.199707 0.441406 0.045898 0.082031
0 0.095703 0.312012 0.074219 0.071289
0 0.445312 0.151855 0.150391 0.057617
0 0.430176 0.392090 0.081055 0.094727
0 0.613770 0.527344 0.102539 0.076172
0 0.173828 0.712402 0.164062 0.086914
0 0.603516 0.705566 0.095703 0.102539
0 0.938477 0.826172 0.078125 0.087891
0 0.462891 0.491699 0.025391 0.106445
0 0.705566 0.391113 0.104492 0.108398
0 0.552246 0.079590 0.129883 0.061523
0 0.713867 0.137207 0.091797 0.051758
0 0.393066 0.812500 0.229492 0.072266
0 0.752930 0.072266 0.029297 0.097656
0 0.136230 0.774902 0.057617 0.104492
0 0.916504 0.347168 0.028320 0.086914
0 0.962402 0.619141 0.069336 0.050781
0 0.131836 0.522461 0.080078 0.044922
0 0.684082 0.833496 0.092773 0.114258
0 0.791992 0.654785 0.041016 0.096680
0 0.638184 0.796875 0.137695 0.060547
0 0.024414 0.573730 0.048828 0.036133
0 0.871582 0.479980 0.041992 0.059570
0 0.921875 0.235840 0.025391 0.061523
0 0.587891 0.025879 0.054688 0.051758
0 0.838867 0.368164 0.044922 0.060547
0 0.671875 0.970215 0.039062 0.059570
0 0.832031 0.695312 0.041016 0.066406
0 0.068848 0.570312 0.038086 0.072266
0 0.065430 0.897949 0.062500 0.034180
0 0.354004 0.857910 0.098633 0.024414
0 0.449219 0.026367 0.033203 0.052734
0 0.523926 0.848633 0.047852 0.025391
0 0.864746 0.569824 0.032227 0.057617
0 0.974121 0.515625 0.047852 0.058594
0 0.471680 0.765625 0.052734 0.068359
0 0.026367 0.583984 0.052734 0.039062
0 0.983887 0.410645 0.032227 0.049805
0 0.426758 0.193359 0.048828 0.078125
0 0.813477 0.640625 0.027344 0.083984
0 0.910156 0.707031 0.070312 0.041016
0 0.205078 0.201172 0.064453 0.058594
0 0.281250 0.827637 0.042969 0.069336
0 0.068848 0.186035 0.137695 0.061523
0 0.873535 0.775879 0.057617 0.051758
0 0.958496 0.167480 0.083008 0.069336
