0 0.513184 0.197754 0.100586 0.102539
0 0.261719 0.716797 0.125000 0.115234
0 0.370605 0.288086 0.147461 0.126953
0 0.230957 0.130859 0.112305 0.097656
0 0.186035 0.388672 0.157227 0.107422
0 0.400391 0.140625 0.125000 0.078125
0 0.868652 0.923340 0.137695 0.102539
0 0.919434 0.229492 0.114258 0.105469
0 0.216797 0.016113 0.150391 0.032227
0 0.288574 0.854492 0.157227 0.160156
0 0.925781 0.549316 0.148438 0.104492
0 0.559570 0.853516 0.160156 0.107422
0 0.717773 0.568848 0.101562 0.092773
0 0.743164 0.198242 0.126953 0.179688
0 0.973633 0.437012 0.052734 0.174805
0 0.414551 0.545898 0.090820 0.083984
0 0.115723 0.557129 0.192383 0.165039
0 0.125000 0.725586 0.125000 0.107422
0 0.662598 0.772949 0.081055 0.086914
0 0.584473 0.016113 0.100586 0.032227
0 0.284668 0.576660 0.112305 0.129883
0 0.643066 0.258301 0.077148 0.077148
0 0.285156 0.406738 0.064453 0.086914
0 0.405273 0.908691 0.082031 0.092773
0 0.044434 0.288574 0.084961 0.102539
0 0.489746 0.975586 0.120117 0.048828
0 0.388672 0.762695 0.074219 0.087891
0 0.449707 0.393555 0.086914 0.087891
