0 0.869629 0.358398 0.135742 0.117188
0 0.755371 0.168457 0.122070 0.112305
0 0.270996 0.530762 0.077148 0.083008
0 0.895020 0.775391 0.092773 0.091797
0 0.380859 0.640625 0.082031 0.097656
0 0.272461 0.644531 0.080078 0.105469
0 0.959961 0.097168 0.080078 0.100586
0 0.549316 0.079590 0.075195 0.090820
0 0.752441 0.023438 0.084961 0.046875
0 0.192383 0.031250 0.080078 0.062500
0 0.161133 0.594238 0.097656 0.165039
0 0.879395 0.610840 0.100586 0.077148
0 0.404297 0.067383 0.179688 0.134766
0 0.341797 0.417969 0.169922 0.158203
0 0.200684 0.764648 0.127930 0.080078
0 0.896973 0.526367 0.174805 0.105469
0 0.593262 0.627930 0.092773 0.097656
0 0.079590 0.469727 0.145508 0.144531
0 0.643066 0.019531 0.077148 0.039062
0 0.916016 0.181152 0.113281 0.086914
0 0.625000 0.284668 0.125000 0.129883
0 0.557129 0.489746 0.209961 0.094727
0 0.497070 0.669434 0.095703 0.129883
0 0.716797 0.845215 0.105469 0.120117
0 0.120605 0.254395 0.237305 0.174805
0 0.858398 0.670898 0.082031 0.082031
0 0.991211 0.639648 0.017578 0.099609
0 0.493652 0.872070 0.102539 0.095703
0 0.416016 0.920898 0.187500 0.097656
0 0.534668 0.251953 0.059570 0.070312
0 0.203125 0.956543 0.095703 0.086914
0 0.883301 0.235840 0.096680 0.122070
0 0.274902 0.818359 0.075195 0.072266
0 0.713379 0.325684 0.057617 0.051758
0 0.992188 0.550781 0.015625 0.117188
0 0.964844 0.729492 0.070312 0.205078
0 0.703125 0.625488 0.072266 0.102539
0 0.978516 0.460449 0.042969 0.067383
0 0.709473 0.278320 0.135742 0.062500
0 0.040527 0.733398 0.077148 0.091797
0 0.712891 0.966309 0.097656 0.067383
0 0.120605 0.391113 0.083008 0.067383
0 0.418457 0.170898 0.112305 0.171875
0 0.983398 0.914551 0.033203 0.149414
0 0.037109 0.055176 0.074219 0.110352
0 0.524414 0.480957 0.089844 0.182617
0 0.376953 0.193359 0.089844 0.142578
0 0.978516 0.579590 0.042969 0.110352
0 0.029297 0.618652 0.058594 0.155273
0 0.931641 0.927246 0.080078 0.075195
0 0.073242 0.209473 0.107422 0.094727
0 0.773438 0.831055 0.078125 0.107422
0 0.620605 0.972168 0.077148 0.055664
0 0.018066 0.198730 0.036133 0.094727
0 0.296875 0.765625 0.064453 0.062500
0 0.112305 0.618164 0.080078 0.117188
0 0.635742 0.680664 0.126953 0.042969
0 0.050781 0.958496 0.097656 0.083008
0 0.392090 0.914551 0.165039 0.170898
