0 0.962402 0.629883 0.075195 0.125000
0 0.907227 0.432129 0.089844 0.084961
0 0.660645 0.369629 0.077148 0.075195
0 0.537109 0.284668 0.089844 0.094727
0 0.454102 0.096680 0.085938 0.085938
0 0.880859 0.738281 0.142578 0.123047
0 0.735840 0.687012 0.077148 0.084961
0 0.755371 0.052246 0.092773 0.086914
0 0.771973 0.853516 0.120117 0.107422
0 0.676758 0.516602 0.160156 0.125000
0 0.234863 0.207031 0.075195 0.085938
0 0.798340 0.956055 0.131836 0.087891
0 0.808594 0.234375 0.117188 0.134766
0 0.103516 0.138184 0.097656 0.083008
0 0.672363 0.962402 0.120117 0.075195
0 0.188477 0.808105 0.132812 0.147461
0 0.081055 0.019531 0.097656 0.039062
0 0.771973 0.193359 0.100586 0.087891
0 0.199707 0.037109 0.104492 0.074219
0 0.501953 0.960938 0.134766 0.078125
0 0.057129 0.379395 0.100586 0.100586
