0 0.186035 0.937500 0.063477 0.085938
0 0.036133 0.925781 0.072266 0.078125
0 0.567871 0.942871 0.094727 0.053711
0 0.362305 0.176758 0.095703 0.085938
0 0.570801 0.363770 0.059570 0.069336
0 0.352539 0.627441 0.091797 0.071289
0 0.284668 0.252930 0.108398 0.062500
0 0.088379 0.116699 0.116211 0.043945
0 0.118164 0.327148 0.117188 0.101562
0 0.227051 0.619141 0.081055 0.076172
0 0.431641 0.123535 0.074219 0.053711
0 0.436523 0.391113 0.076172 0.043945
0 0.248047 0.083496 0.078125 0.049805
0 0.039062 0.491699 0.078125 0.067383
0 0.739258 0.810059 0.072266 0.071289
0 0.194336 0.470215 0.074219 0.084961
0 0.271973 0.451172 0.057617 0.058594
0 0.990234 0.404785 0.019531 0.038086
0 0.590332 0.190918 0.063477 0.051758
0 0.138184 0.410156 0.061523 0.039062
0 0.388672 0.573242 0.066406 0.039062
0 0.771973 0.024414 0.057617 0.046875
0 0.192383 0.569336 0.109375 0.041016
0 0.949219 0.965820 0.062500 0.062500
0 0.068848 0.560059 0.040039 0.065430
0 0.312988 0.096191 0.061523 0.051758
0 0.743164 0.450195 0.062500 0.031250
0 0.476074 0.056641 0.049805 0.035156
0 0.761230 0.667480 0.047852 0.069336
0 0.304199 0.400391 0.057617 0.046875
0 0.292969 0.870605 0.089844 0.034180
0 0.858887 0.369629 0.067383 0.049805
0 0.970215 0.763184 0.059570 0.047852
0 0.661621 0.146973 0.040039 0.081055
0 0.940430 0.012207 0.070312 0.024414
0 0.405273 0.479980 0.062500 0.043945
0 0.840820 0.073242 0.035156 0.062500
0 0.558105 0.226074 0.063477 0.040039
0 0.417480 0.294434 0.059570 0.036133
0 0.285645 0.924316 0.081055 0.038086
0 0.971191 0.355957 0.057617 0.057617
0 0.039551 0.984375 0.073242 0.031250
0 0.869629 0.747070 0.065430 0.044922
0 0.873047 0.355957 0.062500 0.040039
0 0.745605 0.111328 0.041992 0.054688
0 0.087891 0.621094 0.115234 0.046875
0 0.334473 0.505371 0.081055 0.047852
0 0.502930 0.856934 0.062500 0.036133
0 0.045898 0.425781 0.064453 0.046875
0 0.674316 0.363281 0.100586 0.041016
0 0.466309 0.517090 0.077148 0.059570
0 0.045898 0.297363 0.080078 0.071289
0 0.256836 0.852051 0.074219 0.040039
0 0.632812 0.322266 0.050781 0.074219
0 0.654785 0.528320 0.071289 0.041016
0 0.440918 0.973145 0.110352 0.047852
0 0.392578 0.707031 0.103516 0.050781
0 0.693848 0.905273 0.069336 0.050781
0 0.967773 0.690430 0.064453 0.042969
0 0.027832 0.657227 0.055664 0.046875
0 0.290039 0.904785 0.085938 0.032227
0 0.910645 0.425781 0.092773 0.050781
0 0.696289 0.177734 0.046875 0.044922
0 0.440918 0.350098 0.045898 0.045898
0 0.239746 0.839355 0.083008 0.041992
0 0.354004 0.384766 0.045898 0.060547
0 0.846680 0.531738 0.085938 0.045898
0 0.513672 0.362793 0.046875 0.036133
0 0.689453 0.744629 0.078125 0.043945
0 0.966309 0.676270 0.067383 0.030273
0 0.913574 0.907227 0.041992 0.042969
0 0.364746 0.008301 0.038086 0.016602
0 0.578125 0.992676 0.052734 0.014648
0 0.155762 0.725098 0.079102 0.041992
0 0.049805 0.764160 0.093750 0.045898
0 0.255371 0.948242 0.084961 0.035156
0 0.636230 0.091797 0.055664 0.037109
0 0.522461 0.690430 0.070312 0.033203
0 0.490234 0.654297 0.087891 0.041016
0 0.820312 0.580078 0.083984 0.050781
0 0.677246 0.571777 0.045898 0.053711
0 0.710938 0.541504 0.037109 0.047852
0 0.739258 0.555664 0.033203 0.035156
0 0.708008 0.332520 0.050781 0.034180
0 0.700684 0.346191 0.051758 0.026367
0 0.528809 0.526855 0.049805 0.049805
0 0.946289 0.596191 0.083984 0.047852
0 0.755859 0.140625 0.093750 0.046875
