0 0.870605 0.653320 0.092773 0.082031
0 0.749512 0.347168 0.049805 0.055664
0 0.883301 0.221680 0.086914 0.125000
0 0.115723 0.663086 0.077148 0.152344
0 0.878418 0.794434 0.067383 0.114258
0 0.116211 0.950195 0.074219 0.099609
0 0.854492 0.042480 0.080078 0.084961
0 0.856934 0.574707 0.069336 0.065430
0 0.799805 0.054688 0.070312 0.080078
0 0.979980 0.585938 0.040039 0.105469
0 0.835938 0.844727 0.078125 0.080078
0 0.112305 0.775879 0.099609 0.077148
0 0.949219 0.583496 0.089844 0.092773
0 0.828125 0.233398 0.072266 0.087891
0 0.836914 0.152344 0.054688 0.054688
0 0.738281 0.424805 0.101562 0.125000
0 0.841797 0.421875 0.054688 0.064453
0 0.059570 0.813477 0.070312 0.123047
0 0.039551 0.893066 0.059570 0.122070
0 0.944336 0.795898 0.089844 0.072266
0 0.928223 0.832031 0.096680 0.119141
0 0.939941 0.950195 0.084961 0.099609
0 0.899902 0.970703 0.047852 0.056641
0 0.860352 0.965332 0.044922 0.069336
0 0.808594 0.937500 0.048828 0.111328
