0 0.186035 0.795410 0.209961 0.112305
0 0.883301 0.058105 0.170898 0.116211
0 0.960938 0.029785 0.078125 0.059570
0 0.937988 0.312012 0.124023 0.120117
0 0.898926 0.694824 0.202148 0.147461
0 0.373535 0.554199 0.356445 0.147461
0 0.694336 0.046387 0.193359 0.092773
0 0.205078 0.277344 0.298828 0.160156
0 0.147461 0.942383 0.216797 0.115234
0 0.341309 0.812500 0.180664 0.115234
0 0.037598 0.491211 0.075195 0.166016
0 0.157715 0.312012 0.297852 0.135742
0 0.370605 0.864746 0.208008 0.067383
0 0.434570 0.451172 0.113281 0.058594
