0 0.020020 0.940918 0.040039 0.083008
0 0.328125 0.858887 0.115234 0.071289
0 0.364746 0.920898 0.071289 0.074219
0 0.423340 0.958496 0.096680 0.069336
0 0.318848 0.758301 0.069336 0.077148
0 0.221680 0.801270 0.056641 0.051758
0 0.153320 0.765137 0.095703 0.063477
0 0.013672 0.697266 0.027344 0.140625
0 0.039062 0.620605 0.062500 0.124023
0 0.084473 0.514160 0.069336 0.106445
0 0.016113 0.419922 0.032227 0.078125
0 0.021973 0.363770 0.043945 0.047852
0 0.091797 0.339844 0.103516 0.068359
0 0.241211 0.479492 0.107422 0.101562
0 0.375000 0.428711 0.117188 0.103516
0 0.340332 0.543945 0.106445 0.095703
0 0.364746 0.323242 0.137695 0.123047
0 0.268066 0.282715 0.165039 0.108398
0 0.487305 0.452148 0.066406 0.074219
0 0.515625 0.333496 0.091797 0.102539
0 0.600586 0.400391 0.076172 0.113281
0 0.586914 0.483887 0.056641 0.055664
0 0.521484 0.641113 0.085938 0.073242
0 0.341797 0.696289 0.074219 0.070312
0 0.560059 0.774902 0.059570 0.073242
0 0.590820 0.817383 0.074219 0.072266
0 0.655273 0.767578 0.060547 0.074219
0 0.660645 0.885254 0.124023 0.067383
0 0.726074 0.941895 0.063477 0.112305
0 0.765625 0.578613 0.085938 0.088867
0 0.733887 0.439453 0.077148 0.062500
0 0.924316 0.522461 0.106445 0.091797
0 0.967773 0.727051 0.064453 0.127930
0 0.854004 0.955566 0.100586 0.088867
0 0.928223 0.969238 0.059570 0.061523
0 0.860352 0.229492 0.093750 0.087891
0 0.717285 0.227051 0.059570 0.065430
0 0.719238 0.175293 0.106445 0.057617
0 0.443359 0.222168 0.140625 0.143555
0 0.326172 0.107422 0.078125 0.101562
0 0.155273 0.068848 0.062500 0.059570
0 0.513184 0.128418 0.149414 0.256836
0 0.778809 0.041992 0.106445 0.070312
0 0.894043 0.023926 0.047852 0.047852
0 0.581543 0.301758 0.047852 0.048828
0 0.442871 0.410156 0.038086 0.076172
0 0.011719 0.322754 0.023438 0.086914
0 0.205078 0.987793 0.121094 0.024414
0 0.362305 0.977051 0.060547 0.045898
0 0.990234 0.866699 0.019531 0.057617
0 0.483398 0.980957 0.052734 0.038086
