0 0.180176 0.774902 0.100586 0.081055
0 0.253906 0.423340 0.113281 0.090820
0 0.044922 0.521973 0.089844 0.096680
0 0.354004 0.582520 0.090820 0.100586
0 0.696289 0.200684 0.066406 0.084961
0 0.558105 0.908691 0.090820 0.081055
0 0.124023 0.528320 0.117188 0.103516
0 0.842773 0.430664 0.091797 0.070312
0 0.099609 0.786621 0.126953 0.094727
0 0.208496 0.271973 0.129883 0.084961
0 0.613281 0.182129 0.095703 0.139648
0 0.199219 0.520020 0.097656 0.133789
0 0.687988 0.965332 0.133789 0.069336
0 0.808105 0.299805 0.077148 0.160156
0 0.546875 0.076660 0.117188 0.073242
0 0.845215 0.738281 0.106445 0.095703
0 0.044922 0.396973 0.089844 0.075195
0 0.923340 0.785645 0.096680 0.100586
0 0.985840 0.357910 0.028320 0.081055
0 0.264648 0.676758 0.123047 0.091797
0 0.349121 0.842773 0.106445 0.107422
0 0.446289 0.640137 0.103516 0.149414
0 0.652344 0.502441 0.107422 0.073242
0 0.568359 0.260742 0.103516 0.074219
0 0.650391 0.337891 0.126953 0.072266
0 0.690918 0.419434 0.124023 0.084961
0 0.745117 0.392090 0.058594 0.092773
0 0.313477 0.652832 0.085938 0.067383
0 0.156250 0.368164 0.076172 0.064453
0 0.072266 0.343750 0.107422 0.115234
0 0.893555 0.676758 0.058594 0.066406
0 0.529785 0.017090 0.057617 0.034180
