0 0.035645 0.980469 0.071289 0.039062
0 0.035156 0.839844 0.070312 0.062500
0 0.104980 0.306641 0.079102 0.066406
0 0.082031 0.435547 0.052734 0.066406
0 0.022949 0.481934 0.045898 0.053711
0 0.027344 0.405273 0.054688 0.056641
0 0.125977 0.088379 0.109375 0.073242
0 0.211914 0.038086 0.062500 0.062500
0 0.293457 0.149902 0.114258 0.104492
0 0.230957 0.225586 0.094727 0.119141
0 0.284668 0.312500 0.069336 0.097656
0 0.345703 0.357910 0.091797 0.063477
0 0.312500 0.420410 0.070312 0.053711
0 0.187012 0.521484 0.069336 0.068359
0 0.191895 0.579102 0.059570 0.048828
0 0.390137 0.506836 0.055664 0.062500
0 0.301758 0.568359 0.070312 0.050781
0 0.359863 0.602051 0.094727 0.059570
0 0.351074 0.722656 0.081055 0.082031
0 0.260254 0.760742 0.057617 0.078125
0 0.176758 0.800781 0.070312 0.054688
0 0.328613 0.899902 0.094727 0.061523
0 0.452148 0.936035 0.078125 0.063477
0 0.589844 0.637695 0.083984 0.126953
0 0.581055 0.452637 0.068359 0.086914
0 0.546875 0.367676 0.093750 0.047852
0 0.617188 0.297852 0.064453 0.072266
0 0.568359 0.250000 0.064453 0.072266
0 0.450684 0.180664 0.059570 0.097656
0 0.671875 0.106934 0.103516 0.053711
0 0.612793 0.026367 0.098633 0.052734
0 0.720703 0.378418 0.066406 0.077148
0 0.775879 0.469727 0.077148 0.050781
0 0.873535 0.498535 0.065430 0.065430
0 0.743164 0.587891 0.068359 0.072266
0 0.879883 0.601562 0.115234 0.101562
0 0.984375 0.534180 0.031250 0.070312
0 0.945312 0.436523 0.050781 0.070312
0 0.832520 0.248047 0.049805 0.095703
0 0.972656 0.269043 0.054688 0.055664
0 0.979980 0.216309 0.040039 0.059570
0 0.969238 0.102539 0.061523 0.117188
0 0.753906 0.056641 0.068359 0.066406
0 0.962891 0.724609 0.072266 0.070312
0 0.833984 0.780273 0.062500 0.068359
0 0.977051 0.811523 0.045898 0.070312
0 0.962402 0.930176 0.069336 0.077148
0 0.861816 0.889648 0.061523 0.091797
0 0.804199 0.945801 0.065430 0.096680
0 0.915039 0.971680 0.066406 0.056641
0 0.677734 0.946289 0.070312 0.066406
0 0.581543 0.933594 0.049805 0.050781
0 0.566895 0.986816 0.100586 0.026367
0 0.849609 0.984375 0.052734 0.031250
0 0.912109 0.896973 0.072266 0.036133
0 0.534180 0.610352 0.064453 0.070312
0 0.086426 0.378906 0.051758 0.070312
0 0.709961 0.217285 0.042969 0.094727
0 0.326660 0.020508 0.063477 0.041016
0 0.111328 0.471191 0.048828 0.051758
0 0.043945 0.590820 0.052734 0.138672
