0 0.798340 0.383301 0.083008 0.102539
0 0.267090 0.294434 0.100586 0.069336
0 0.941895 0.041016 0.094727 0.082031
0 0.168457 0.470703 0.086914 0.062500
0 0.832031 0.845703 0.089844 0.082031
0 0.819824 0.227051 0.075195 0.075195
0 0.363281 0.831055 0.082031 0.107422
0 0.554199 0.205566 0.084961 0.083008
0 0.721191 0.976074 0.084961 0.047852
0 0.133301 0.399902 0.077148 0.075195
0 0.046875 0.839355 0.089844 0.104492
0 0.869629 0.583496 0.084961 0.067383
0 0.484375 0.418457 0.089844 0.092773
0 0.164551 0.839355 0.079102 0.075195
0 0.969727 0.613281 0.060547 0.101562
0 0.849609 0.148438 0.070312 0.082031
0 0.043457 0.022949 0.086914 0.045898
0 0.038086 0.503418 0.076172 0.094727
0 0.465820 0.907227 0.078125 0.089844
0 0.304688 0.191895 0.070312 0.075195
0 0.410645 0.115723 0.077148 0.077148
0 0.650879 0.816895 0.083008 0.065430
0 0.151855 0.089844 0.104492 0.080078
0 0.518066 0.751953 0.077148 0.095703
0 0.703125 0.637207 0.072266 0.075195
0 0.233398 0.954102 0.078125 0.080078
0 0.252930 0.673340 0.072266 0.083008
0 0.675781 0.388184 0.072266 0.092773
0 0.619141 0.551758 0.080078 0.080078
0 0.900879 0.763184 0.083008 0.102539
0 0.359375 0.637207 0.060547 0.120117
0 0.687012 0.569824 0.069336 0.049805
0 0.769531 0.661133 0.099609 0.072266
0 0.864746 0.715820 0.059570 0.062500
0 0.017578 0.207520 0.035156 0.073242
0 0.018555 0.152832 0.037109 0.055664
0 0.384766 0.412598 0.044922 0.065430
