0 0.019043 0.455078 0.038086 0.089844
0 0.042480 0.662109 0.067383 0.066406
0 0.032715 0.750000 0.065430 0.119141
0 0.084473 0.897949 0.098633 0.088867
0 0.072266 0.072754 0.062500 0.075195
0 0.102539 0.195312 0.099609 0.060547
0 0.163574 0.234863 0.088867 0.108398
0 0.240723 0.235840 0.079102 0.088867
0 0.250000 0.411621 0.062500 0.071289
0 0.147461 0.544922 0.117188 0.074219
0 0.241699 0.510742 0.081055 0.078125
0 0.211426 0.667480 0.098633 0.133789
0 0.330078 0.547363 0.062500 0.133789
0 0.352051 0.778809 0.077148 0.075195
0 0.325684 0.833984 0.083008 0.068359
0 0.490234 0.810059 0.068359 0.073242
0 0.546875 0.896973 0.091797 0.071289
0 0.441895 0.820312 0.057617 0.123047
0 0.567871 0.972656 0.104492 0.054688
0 0.697754 0.976562 0.071289 0.046875
0 0.822266 0.971680 0.072266 0.056641
0 0.895508 0.969727 0.085938 0.058594
0 0.730957 0.876953 0.077148 0.062500
0 0.636230 0.889160 0.069336 0.067383
0 0.604492 0.818848 0.068359 0.061523
0 0.627441 0.764160 0.081055 0.081055
0 0.683105 0.812500 0.069336 0.068359
0 0.750488 0.757812 0.094727 0.083984
0 0.842773 0.836426 0.083984 0.081055
0 0.924316 0.770996 0.094727 0.114258
0 0.982422 0.750488 0.035156 0.071289
0 0.976074 0.463379 0.047852 0.071289
0 0.981934 0.556152 0.036133 0.083008
0 0.914062 0.593262 0.050781 0.057617
0 0.899414 0.650879 0.064453 0.063477
0 0.817383 0.608398 0.091797 0.167969
0 0.660645 0.632324 0.075195 0.092773
0 0.783203 0.499512 0.072266 0.057617
0 0.734375 0.388672 0.082031 0.091797
0 0.964355 0.357910 0.057617 0.067383
0 0.712402 0.254395 0.141602 0.077148
0 0.788574 0.209473 0.071289 0.104492
0 0.894043 0.190430 0.069336 0.062500
0 0.976074 0.133789 0.047852 0.070312
0 0.833496 0.108398 0.061523 0.066406
0 0.834473 0.057129 0.061523 0.063477
0 0.794922 0.025879 0.068359 0.051758
0 0.717285 0.034180 0.116211 0.068359
0 0.636230 0.028320 0.063477 0.056641
0 0.480957 0.433105 0.065430 0.081055
0 0.444336 0.458984 0.056641 0.068359
0 0.523926 0.472168 0.071289 0.071289
0 0.537598 0.533691 0.051758 0.084961
0 0.430176 0.403809 0.059570 0.051758
0 0.436523 0.268555 0.068359 0.064453
0 0.499512 0.197266 0.057617 0.078125
0 0.449707 0.064453 0.075195 0.070312
0 0.318848 0.039551 0.067383 0.063477
0 0.251953 0.014648 0.060547 0.029297
0 0.422852 0.641602 0.111328 0.076172
0 0.766602 0.973145 0.070312 0.049805
0 0.514160 0.916992 0.186523 0.097656
0 0.007812 0.308594 0.015625 0.103516
0 0.893555 0.013184 0.041016 0.026367
0 0.942383 0.008301 0.041016 0.016602
