0 0.015625 0.071289 0.031250 0.113281
0 0.038574 0.191895 0.077148 0.077148
0 0.202637 0.097168 0.096680 0.194336
0 0.318848 0.223145 0.102539 0.069336
0 0.204590 0.240234 0.106445 0.113281
0 0.145996 0.406250 0.139648 0.203125
0 0.038086 0.907715 0.076172 0.141602
0 0.274414 0.955566 0.072266 0.081055
0 0.596680 0.909180 0.093750 0.119141
0 0.691406 0.908691 0.066406 0.084961
0 0.761230 0.930176 0.092773 0.110352
0 0.397461 0.682617 0.093750 0.083984
0 0.411133 0.429688 0.095703 0.132812
0 0.482910 0.446777 0.055664 0.063477
0 0.577637 0.455566 0.137695 0.112305
0 0.624023 0.308105 0.152344 0.096680
0 0.587891 0.145508 0.078125 0.089844
0 0.428223 0.102539 0.143555 0.099609
0 0.500977 0.169434 0.113281 0.106445
0 0.694824 0.069824 0.086914 0.139648
0 0.862793 0.033691 0.053711 0.067383
0 0.938477 0.339844 0.064453 0.130859
0 0.936035 0.457031 0.059570 0.132812
0 0.751465 0.685059 0.051758 0.104492
0 0.833496 0.712891 0.096680 0.087891
0 0.826172 0.776367 0.060547 0.068359
0 0.928711 0.939453 0.066406 0.101562
0 0.992676 0.800293 0.014648 0.051758
0 0.974121 0.869141 0.051758 0.085938
0 0.546875 0.627441 0.080078 0.083008
0 0.598145 0.762695 0.081055 0.080078
0 0.650879 0.715332 0.083008 0.079102
0 0.964355 0.541016 0.071289 0.185547
0 0.258301 0.056641 0.083008 0.113281
