0 0.838379 0.325684 0.073242 0.067383
0 0.866211 0.203125 0.107422 0.082031
0 0.768555 0.491211 0.097656 0.082031
0 0.198242 0.736328 0.082031 0.089844
0 0.134766 0.354492 0.099609 0.099609
0 0.627441 0.217773 0.116211 0.111328
0 0.206055 0.945801 0.107422 0.108398
0 0.069336 0.519531 0.125000 0.093750
0 0.534668 0.436035 0.120117 0.077148
0 0.730957 0.910645 0.077148 0.112305
0 0.518555 0.865723 0.087891 0.127930
0 0.643555 0.030762 0.142578 0.061523
0 0.548340 0.962891 0.073242 0.062500
0 0.910645 0.264648 0.112305 0.064453
0 0.023438 0.291016 0.044922 0.070312
