0 0.964355 0.056152 0.071289 0.086914
0 0.895996 0.183105 0.079102 0.059570
0 0.285645 0.587402 0.106445 0.063477
0 0.501465 0.939941 0.096680 0.051758
0 0.969238 0.344727 0.061523 0.064453
0 0.751953 0.539062 0.134766 0.048828
0 0.569336 0.612793 0.138672 0.047852
0 0.520508 0.035645 0.066406 0.071289
0 0.537598 0.097168 0.122070 0.081055
0 0.688965 0.470215 0.106445 0.083008
0 0.472168 0.483398 0.145508 0.058594
0 0.484863 0.896484 0.092773 0.050781
0 0.341797 0.138184 0.148438 0.083008
0 0.793945 0.321289 0.095703 0.080078
0 0.922363 0.386719 0.077148 0.070312
0 0.112305 0.416016 0.152344 0.062500
0 0.143066 0.564941 0.131836 0.069336
0 0.711426 0.847168 0.151367 0.059570
0 0.253418 0.523926 0.100586 0.043945
0 0.712891 0.408691 0.093750 0.063477
0 0.729492 0.963379 0.138672 0.041992
0 0.847168 0.263184 0.098633 0.112305
0 0.105469 0.264160 0.103516 0.036133
0 0.521973 0.459473 0.055664 0.069336
0 0.727539 0.295898 0.066406 0.070312
0 0.599121 0.471680 0.090820 0.056641
0 0.395020 0.422363 0.079102 0.063477
0 0.032227 0.604004 0.064453 0.043945
0 0.977051 0.339355 0.045898 0.061523
0 0.975098 0.604492 0.049805 0.056641
0 0.895508 0.859863 0.074219 0.051758
0 0.662109 0.927734 0.076172 0.042969
0 0.807129 0.390137 0.116211 0.055664
0 0.185547 0.317383 0.107422 0.031250
0 0.859375 0.936523 0.066406 0.046875
0 0.702637 0.620117 0.127930 0.048828
0 0.660156 0.207520 0.091797 0.088867
0 0.655762 0.020996 0.153320 0.041992
0 0.957520 0.509277 0.084961 0.030273
0 0.354004 0.526855 0.131836 0.075195
0 0.257324 0.725098 0.178711 0.049805
0 0.616211 0.324707 0.115234 0.155273
0 0.067871 0.672852 0.135742 0.068359
0 0.081543 0.366699 0.163086 0.063477
0 0.030273 0.052734 0.060547 0.058594
0 0.430176 0.399902 0.118164 0.092773
0 0.327637 0.320312 0.133789 0.054688
0 0.836426 0.841797 0.059570 0.025391
0 0.231934 0.952148 0.147461 0.035156
0 0.481445 0.653320 0.082031 0.033203
0 0.059570 0.807617 0.119141 0.052734
0 0.638672 0.604004 0.091797 0.028320
0 0.032715 0.086426 0.063477 0.053711
0 0.026367 0.194824 0.052734 0.045898
0 0.765625 0.917969 0.068359 0.093750
0 0.899414 0.508789 0.080078 0.044922
0 0.384766 0.018555 0.035156 0.037109
0 0.522949 0.558105 0.094727 0.047852
0 0.054688 0.905273 0.107422 0.060547
0 0.037598 0.965332 0.075195 0.034180
0 0.452637 0.796387 0.135742 0.079102
0 0.032715 0.070801 0.063477 0.063477
0 0.476562 0.972656 0.189453 0.042969
0 0.682617 0.035156 0.087891 0.070312
