0 0.022949 0.058594 0.045898 0.117188
0 0.154297 0.013184 0.060547 0.026367
0 0.359375 0.011230 0.064453 0.022461
0 0.570312 0.041504 0.072266 0.059570
0 0.416504 0.091309 0.092773 0.127930
0 0.322754 0.212402 0.083008 0.057617
0 0.365234 0.250488 0.066406 0.057617
0 0.295410 0.268066 0.073242 0.061523
0 0.050293 0.363281 0.090820 0.083984
0 0.073242 0.647949 0.078125 0.083008
0 0.168457 0.585449 0.075195 0.069336
0 0.137695 0.489258 0.064453 0.082031
0 0.196777 0.483398 0.065430 0.060547
0 0.218750 0.431641 0.062500 0.066406
0 0.082520 0.979004 0.088867 0.041992
0 0.096191 0.937500 0.081055 0.082031
0 0.152832 0.970215 0.075195 0.059570
0 0.269043 0.965820 0.112305 0.068359
0 0.140625 0.828613 0.072266 0.090820
0 0.411133 0.959473 0.119141 0.081055
0 0.444336 0.924805 0.083984 0.095703
0 0.585938 0.946289 0.074219 0.083984
0 0.653809 0.942871 0.102539 0.059570
0 0.296387 0.735840 0.075195 0.116211
0 0.354980 0.709961 0.073242 0.078125
0 0.375488 0.780273 0.061523 0.068359
0 0.436035 0.757324 0.057617 0.061523
0 0.766113 0.725098 0.094727 0.063477
0 0.836426 0.838867 0.069336 0.060547
0 0.193359 0.828125 0.052734 0.042969
0 0.825195 0.661133 0.078125 0.103516
0 0.747070 0.600586 0.070312 0.060547
0 0.496094 0.516602 0.056641 0.066406
0 0.374023 0.500488 0.064453 0.088867
0 0.434082 0.472656 0.077148 0.072266
0 0.493652 0.403320 0.079102 0.062500
0 0.688477 0.364258 0.111328 0.064453
0 0.472168 0.304688 0.063477 0.058594
0 0.562988 0.296387 0.061523 0.040039
0 0.853027 0.390625 0.075195 0.054688
0 0.912598 0.362793 0.094727 0.055664
0 0.993164 0.429199 0.013672 0.063477
0 0.967773 0.581543 0.062500 0.092773
0 0.953125 0.732422 0.062500 0.068359
0 0.969727 0.291992 0.060547 0.068359
0 0.974121 0.245605 0.051758 0.049805
0 0.947266 0.207031 0.105469 0.093750
0 0.958496 0.068848 0.083008 0.073242
0 0.886230 0.033691 0.100586 0.047852
0 0.607422 0.212891 0.062500 0.070312
0 0.624023 0.280273 0.060547 0.054688
0 0.562500 0.266602 0.064453 0.041016
0 0.955078 0.816406 0.089844 0.054688
0 0.967773 0.022461 0.046875 0.044922
0 0.632812 0.680176 0.048828 0.055664
0 0.080078 0.916016 0.070312 0.074219
0 0.661621 0.979004 0.075195 0.040039
0 0.844238 0.847656 0.067383 0.078125
