0 0.643066 0.100586 0.057617 0.083984
0 0.476074 0.096191 0.059570 0.104492
0 0.240234 0.395508 0.099609 0.060547
0 0.526367 0.783691 0.085938 0.061523
0 0.853516 0.328613 0.062500 0.073242
0 0.804688 0.136230 0.064453 0.088867
0 0.878906 0.156250 0.082031 0.082031
0 0.711426 0.479492 0.067383 0.080078
0 0.530273 0.282715 0.066406 0.081055
0 0.844727 0.056641 0.115234 0.113281
0 0.726562 0.628418 0.068359 0.073242
0 0.834473 0.820312 0.135742 0.068359
0 0.069336 0.443848 0.078125 0.043945
0 0.734375 0.825684 0.109375 0.124023
0 0.614746 0.037598 0.067383 0.073242
0 0.452148 0.326660 0.060547 0.079102
0 0.433594 0.612305 0.091797 0.054688
0 0.941406 0.021973 0.089844 0.043945
0 0.502930 0.494629 0.103516 0.045898
0 0.232422 0.734863 0.085938 0.061523
0 0.046875 0.161621 0.089844 0.059570
0 0.862305 0.566895 0.109375 0.055664
0 0.232910 0.114258 0.131836 0.066406
0 0.423828 0.484863 0.085938 0.057617
0 0.879395 0.483887 0.086914 0.053711
0 0.207520 0.042480 0.096680 0.069336
0 0.149414 0.395020 0.097656 0.077148
0 0.417480 0.713379 0.100586 0.077148
0 0.960449 0.456543 0.051758 0.057617
0 0.267578 0.039551 0.085938 0.079102
0 0.866699 0.247559 0.081055 0.040039
0 0.686523 0.356934 0.076172 0.055664
0 0.799805 0.404297 0.076172 0.060547
0 0.222168 0.883789 0.170898 0.048828
0 0.222168 0.671387 0.114258 0.057617
0 0.761230 0.363770 0.073242 0.069336
0 0.260254 0.195312 0.036133 0.072266
0 0.962402 0.645508 0.075195 0.052734
0 0.035645 0.714355 0.071289 0.065430
0 0.146484 0.493164 0.085938 0.048828
0 0.635254 0.959961 0.133789 0.080078
0 0.391113 0.024414 0.086914 0.046875
0 0.699707 0.280273 0.063477 0.033203
0 0.674805 0.424316 0.082031 0.059570
0 0.300781 0.625000 0.115234 0.037109
0 0.335938 0.244141 0.080078 0.025391
0 0.515625 0.016113 0.095703 0.032227
0 0.809570 0.575195 0.078125 0.039062
0 0.968750 0.928223 0.062500 0.032227
0 0.705566 0.751953 0.049805 0.046875
0 0.288574 0.025879 0.061523 0.051758
0 0.521973 0.902344 0.118164 0.148438
0 0.664551 0.610352 0.079102 0.048828
0 0.887695 0.890625 0.083984 0.042969
0 0.147949 0.701172 0.098633 0.070312
0 0.641113 0.857422 0.073242 0.037109
0 0.419922 0.289062 0.089844 0.031250
0 0.530273 0.121582 0.044922 0.063477
0 0.058594 0.871582 0.117188 0.057617
0 0.260254 0.521484 0.092773 0.035156
0 0.204102 0.554688 0.093750 0.046875
0 0.752441 0.268066 0.079102 0.047852
0 0.133789 0.085449 0.066406 0.055664
0 0.200195 0.111328 0.123047 0.087891
0 0.334961 0.872559 0.082031 0.040039
0 0.580566 0.895996 0.129883 0.047852
0 0.280273 0.839355 0.080078 0.049805
0 0.108887 0.900391 0.084961 0.037109
0 0.056152 0.658203 0.069336 0.041016
0 0.747559 0.799805 0.061523 0.056641
0 0.243164 0.502930 0.095703 0.041016
0 0.191406 0.572266 0.068359 0.035156
0 0.992676 0.700195 0.014648 0.025391
0 0.015137 0.974609 0.030273 0.050781
0 0.357910 0.936523 0.083008 0.048828
0 0.371094 0.969238 0.119141 0.059570
0 0.416016 0.843262 0.048828 0.057617
0 0.968262 0.889160 0.061523 0.036133
0 0.532715 0.554199 0.049805 0.041992
0 0.091797 0.056152 0.089844 0.047852
0 0.088379 0.114258 0.129883 0.068359
0 0.014160 0.050293 0.028320 0.049805
0 0.008789 0.010254 0.017578 0.020508
