0 0.922852 0.035645 0.117188 0.071289
0 0.773926 0.092773 0.149414 0.099609
0 0.784180 0.196289 0.052734 0.044922
0 0.725098 0.205078 0.116211 0.080078
0 0.750977 0.315430 0.109375 0.070312
0 0.553223 0.217285 0.157227 0.083008
0 0.572754 0.063965 0.071289 0.127930
0 0.613770 0.030762 0.053711 0.061523
0 0.457520 0.040527 0.088867 0.081055
0 0.341797 0.018555 0.105469 0.037109
0 0.340820 0.238770 0.070312 0.149414
0 0.452148 0.329102 0.064453 0.091797
0 0.519531 0.301758 0.091797 0.074219
0 0.406250 0.207031 0.078125 0.074219
0 0.384277 0.457031 0.084961 0.062500
0 0.462402 0.433594 0.102539 0.052734
0 0.562012 0.448242 0.094727 0.066406
0 0.485840 0.540527 0.106445 0.077148
0 0.606934 0.583984 0.063477 0.066406
0 0.252930 0.438477 0.056641 0.109375
0 0.182129 0.429199 0.086914 0.069336
0 0.034668 0.279297 0.069336 0.087891
0 0.076660 0.041992 0.051758 0.083984
0 0.138672 0.048828 0.080078 0.097656
0 0.030273 0.089844 0.060547 0.097656
0 0.791504 0.485840 0.102539 0.069336
0 0.899902 0.445801 0.090820 0.083008
0 0.855957 0.375000 0.084961 0.064453
0 0.948242 0.562500 0.103516 0.072266
0 0.873047 0.526855 0.048828 0.061523
0 0.976074 0.915039 0.047852 0.066406
0 0.959473 0.779297 0.081055 0.070312
0 0.780273 0.718750 0.103516 0.082031
0 0.864258 0.751465 0.044922 0.057617
0 0.965820 0.721680 0.054688 0.050781
0 0.958984 0.637207 0.044922 0.043945
0 0.786133 0.607422 0.064453 0.070312
0 0.440430 0.732422 0.080078 0.066406
0 0.456543 0.647949 0.116211 0.065430
0 0.285156 0.626465 0.138672 0.065430
0 0.201660 0.578613 0.063477 0.055664
0 0.136230 0.634277 0.106445 0.067383
0 0.027344 0.660645 0.054688 0.036133
0 0.030273 0.613281 0.060547 0.037109
0 0.177246 0.765137 0.061523 0.055664
0 0.101562 0.856934 0.078125 0.043945
0 0.240234 0.883301 0.066406 0.081055
0 0.390137 0.894531 0.086914 0.054688
0 0.505371 0.879395 0.083008 0.071289
0 0.482910 0.974121 0.118164 0.051758
0 0.346191 0.978516 0.122070 0.042969
0 0.076172 0.968750 0.152344 0.062500
0 0.204102 0.972656 0.074219 0.054688
0 0.241211 0.950684 0.070312 0.045898
0 0.799805 0.870605 0.099609 0.098633
0 0.151855 0.028809 0.063477 0.057617
0 0.322266 0.624023 0.085938 0.076172
0 0.852539 0.228027 0.046875 0.045898
0 0.911621 0.170898 0.067383 0.054688
0 0.054199 0.751465 0.051758 0.081055
0 0.219238 0.893066 0.106445 0.077148
0 0.728027 0.238770 0.067383 0.032227
0 0.435547 0.582520 0.056641 0.043945
