0 0.075684 0.019531 0.098633 0.039062
0 0.160156 0.019531 0.070312 0.039062
0 0.058594 0.288574 0.117188 0.065430
0 0.029785 0.476074 0.059570 0.127930
0 0.048340 0.634766 0.086914 0.111328
0 0.136230 0.728516 0.092773 0.121094
0 0.031738 0.895508 0.063477 0.111328
0 0.108398 0.897461 0.103516 0.078125
0 0.188477 0.975098 0.085938 0.049805
0 0.195801 0.919922 0.075195 0.074219
0 0.722168 0.978027 0.071289 0.043945
0 0.678223 0.954102 0.067383 0.072266
0 0.577148 0.915527 0.167969 0.100586
0 0.577148 0.983887 0.126953 0.032227
0 0.400879 0.968750 0.063477 0.062500
0 0.384277 0.897949 0.081055 0.071289
0 0.787109 0.850586 0.119141 0.083984
0 0.884277 0.875977 0.081055 0.046875
0 0.880371 0.941406 0.088867 0.097656
0 0.992188 0.907227 0.015625 0.068359
0 0.967285 0.816406 0.065430 0.080078
0 0.956543 0.744141 0.081055 0.064453
0 0.741211 0.737305 0.083984 0.064453
0 0.302734 0.729492 0.087891 0.078125
0 0.451660 0.030273 0.084961 0.058594
0 0.285156 0.091309 0.074219 0.096680
0 0.317871 0.113770 0.075195 0.092773
0 0.525391 0.106934 0.066406 0.065430
0 0.546875 0.069824 0.062500 0.053711
0 0.572266 0.007324 0.066406 0.014648
0 0.663574 0.187012 0.077148 0.063477
0 0.776367 0.142578 0.125000 0.056641
0 0.887695 0.021484 0.101562 0.042969
0 0.904297 0.102051 0.078125 0.067383
0 0.959473 0.006348 0.059570 0.012695
0 0.921875 0.244141 0.068359 0.078125
0 0.972656 0.273438 0.054688 0.083984
0 0.747559 0.301270 0.075195 0.094727
0 0.947266 0.381348 0.105469 0.071289
0 0.984375 0.450195 0.031250 0.066406
0 0.853027 0.513672 0.161133 0.072266
0 0.802246 0.620605 0.086914 0.118164
0 0.508301 0.477051 0.178711 0.077148
0 0.494141 0.525879 0.085938 0.045898
0 0.311523 0.645020 0.097656 0.088867
0 0.218262 0.516602 0.075195 0.195312
0 0.188477 0.691406 0.068359 0.103516
0 0.270996 0.384766 0.163086 0.064453
0 0.231445 0.010254 0.083984 0.020508
0 0.607422 0.860840 0.062500 0.057617
