0 0.257812 0.228516 0.097656 0.076172
0 0.310547 0.297363 0.091797 0.079102
0 0.053711 0.422363 0.089844 0.053711
0 0.362793 0.779297 0.102539 0.037109
0 0.721680 0.320801 0.101562 0.124023
0 0.859375 0.372559 0.123047 0.073242
0 0.862793 0.211914 0.102539 0.039062
0 0.798828 0.732910 0.097656 0.040039
0 0.305664 0.199219 0.089844 0.058594
0 0.343750 0.854980 0.117188 0.063477
0 0.491211 0.180176 0.109375 0.051758
0 0.571777 0.762695 0.135742 0.033203
0 0.069824 0.583496 0.124023 0.038086
0 0.069824 0.696289 0.098633 0.107422
0 0.375488 0.212891 0.096680 0.060547
0 0.507812 0.673828 0.105469 0.037109
0 0.268555 0.570801 0.105469 0.034180
0 0.628906 0.077148 0.117188 0.029297
0 0.219727 0.503418 0.128906 0.034180
0 0.234375 0.433594 0.101562 0.027344
0 0.050293 0.503906 0.077148 0.041016
0 0.549316 0.793945 0.094727 0.035156
0 0.223633 0.308105 0.080078 0.030273
0 0.960449 0.807129 0.079102 0.040039
0 0.373047 0.159180 0.144531 0.066406
0 0.575195 0.314941 0.072266 0.030273
0 0.293457 0.944336 0.104492 0.054688
0 0.973633 0.432617 0.052734 0.080078
0 0.096191 0.811035 0.079102 0.022461
0 0.720215 0.573730 0.079102 0.022461
0 0.204102 0.889160 0.107422 0.026367
0 0.185547 0.735352 0.136719 0.052734
0 0.117188 0.897461 0.109375 0.033203
0 0.971680 0.146973 0.056641 0.020508
0 0.024414 0.302734 0.046875 0.039062
0 0.208008 0.389648 0.076172 0.019531
0 0.454102 0.018066 0.082031 0.026367
0 0.179688 0.145996 0.162109 0.069336
0 0.670410 0.514160 0.069336 0.024414
0 0.946777 0.170410 0.057617 0.032227
0 0.443359 0.733887 0.074219 0.036133
0 0.450684 0.988770 0.083008 0.022461
0 0.178711 0.084961 0.095703 0.064453
0 0.670410 0.959961 0.096680 0.031250
0 0.262207 0.012695 0.143555 0.023438
0 0.384766 0.569336 0.080078 0.025391
0 0.858887 0.723633 0.092773 0.029297
0 0.475098 0.519043 0.116211 0.036133
0 0.083496 0.638672 0.071289 0.019531
0 0.789551 0.283691 0.071289 0.018555
0 0.262695 0.366699 0.046875 0.022461
0 0.987305 0.248047 0.025391 0.019531
0 0.098145 0.553223 0.083008 0.018555
0 0.576172 0.535156 0.128906 0.025391
0 0.030273 0.986816 0.056641 0.022461
0 0.290039 0.797363 0.064453 0.030273
0 0.787598 0.258789 0.077148 0.033203
0 0.174805 0.774902 0.083984 0.016602
0 0.547363 0.836914 0.178711 0.044922
0 0.041504 0.826172 0.079102 0.019531
0 0.638184 0.558594 0.069336 0.041016
0 0.929688 0.892578 0.089844 0.029297
0 0.229004 0.467773 0.149414 0.029297
0 0.102539 0.679688 0.062500 0.015625
0 0.308594 0.740723 0.097656 0.030273
0 0.057617 0.223145 0.064453 0.024414
0 0.803711 0.492188 0.058594 0.023438
0 0.625977 0.055176 0.115234 0.051758
0 0.365723 0.954590 0.075195 0.030273
0 0.853027 0.687012 0.061523 0.030273
0 0.787598 0.643555 0.045898 0.029297
0 0.919922 0.318848 0.089844 0.040039
0 0.901367 0.807617 0.080078 0.044922
0 0.474121 0.706543 0.073242 0.032227
0 0.370117 0.187012 0.123047 0.028320
0 0.679199 0.256836 0.079102 0.042969
