0 0.022461 0.495605 0.044922 0.092773
0 0.131836 0.614746 0.083984 0.157227
0 0.093262 0.361328 0.098633 0.076172
0 0.036133 0.327637 0.072266 0.061523
0 0.140137 0.028809 0.059570 0.057617
0 0.283691 0.234863 0.120117 0.118164
0 0.446777 0.466797 0.067383 0.111328
0 0.416504 0.653320 0.163086 0.066406
0 0.279785 0.734863 0.083008 0.065430
0 0.040527 0.674316 0.081055 0.083008
0 0.111328 0.723145 0.101562 0.077148
0 0.019531 0.849121 0.039062 0.077148
0 0.030762 0.920898 0.051758 0.091797
0 0.119629 0.963379 0.131836 0.069336
0 0.319336 0.991699 0.087891 0.016602
0 0.644531 0.984375 0.085938 0.031250
0 0.787109 0.941895 0.095703 0.057617
0 0.617188 0.935059 0.216797 0.124023
0 0.432617 0.864258 0.125000 0.099609
0 0.418945 0.791504 0.103516 0.102539
0 0.873535 0.979980 0.090820 0.040039
0 0.889160 0.802246 0.102539 0.071289
0 0.771973 0.825684 0.088867 0.079102
0 0.668945 0.778809 0.060547 0.096680
0 0.731445 0.671875 0.080078 0.123047
0 0.658691 0.693848 0.088867 0.112305
0 0.692383 0.350098 0.068359 0.135742
0 0.784668 0.306641 0.129883 0.078125
0 0.441406 0.225586 0.130859 0.068359
0 0.537109 0.137207 0.142578 0.077148
0 0.519531 0.046387 0.091797 0.086914
0 0.731934 0.033691 0.092773 0.063477
0 0.825684 0.027344 0.061523 0.054688
0 0.867188 0.110840 0.099609 0.116211
0 0.827148 0.224609 0.150391 0.072266
0 0.955078 0.187988 0.072266 0.057617
0 0.753906 0.104004 0.097656 0.057617
