0 0.489258 0.036621 0.138672 0.073242
0 0.297852 0.401855 0.097656 0.067383
0 0.840820 0.656738 0.142578 0.075195
0 0.385742 0.870117 0.099609 0.107422
0 0.264160 0.719238 0.104492 0.083008
0 0.920410 0.201172 0.112305 0.062500
0 0.812500 0.288086 0.156250 0.062500
0 0.061523 0.717773 0.119141 0.097656
0 0.749512 0.926758 0.114258 0.093750
0 0.631836 0.091309 0.117188 0.086914
0 0.575684 0.483398 0.137695 0.078125
0 0.613281 0.738281 0.158203 0.078125
0 0.232910 0.502930 0.084961 0.064453
0 0.955078 0.499512 0.089844 0.075195
0 0.515137 0.940918 0.092773 0.102539
0 0.002441 0.820801 0.004883 0.077148
0 0.364258 0.611816 0.125000 0.104492
0 0.733887 0.134766 0.157227 0.107422
0 0.104492 0.032227 0.097656 0.064453
0 0.376953 0.161621 0.140625 0.075195
0 0.203613 0.347168 0.100586 0.084961
0 0.257812 0.557617 0.091797 0.062500
0 0.943848 0.415527 0.110352 0.071289
0 0.533691 0.337402 0.159180 0.061523
0 0.851562 0.435059 0.125000 0.073242
0 0.696289 0.540527 0.169922 0.118164
0 0.425781 0.579590 0.082031 0.069336
0 0.045898 0.357910 0.091797 0.079102
0 0.767578 0.453125 0.126953 0.101562
0 0.644531 0.574707 0.150391 0.065430
0 0.049805 0.763672 0.099609 0.078125
0 0.351562 0.950195 0.097656 0.099609
0 0.832031 0.928711 0.111328 0.138672
0 0.825684 0.347168 0.147461 0.059570
0 0.425781 0.187988 0.117188 0.077148
0 0.625977 0.291992 0.187500 0.089844
0 0.960449 0.834473 0.077148 0.118164
0 0.959961 0.723145 0.080078 0.069336
0 0.184082 0.938477 0.088867 0.054688
0 0.037598 0.284180 0.075195 0.083984
0 0.776367 0.901855 0.119141 0.086914
