0 0.521484 0.017578 0.083984 0.035156
0 0.289551 0.085938 0.067383 0.083984
0 0.360352 0.280273 0.123047 0.072266
0 0.285156 0.334961 0.105469 0.080078
0 0.504395 0.091797 0.084961 0.097656
0 0.798828 0.183594 0.078125 0.085938
0 0.871582 0.262695 0.073242 0.074219
0 0.967773 0.305664 0.054688 0.082031
0 0.632812 0.112305 0.085938 0.082031
0 0.667969 0.183105 0.050781 0.069336
0 0.666992 0.362305 0.103516 0.111328
0 0.770020 0.348633 0.071289 0.105469
0 0.950195 0.471191 0.099609 0.106445
0 0.850586 0.475098 0.080078 0.084961
0 0.911621 0.567383 0.096680 0.111328
0 0.573242 0.476074 0.117188 0.083008
0 0.463379 0.450195 0.071289 0.060547
0 0.162598 0.517090 0.077148 0.073242
0 0.023438 0.494629 0.046875 0.094727
0 0.290039 0.459473 0.068359 0.067383
0 0.103027 0.717285 0.053711 0.065430
0 0.162109 0.651855 0.068359 0.065430
0 0.044922 0.592773 0.056641 0.060547
0 0.272949 0.717773 0.059570 0.074219
0 0.171875 0.851074 0.076172 0.069336
0 0.189941 0.972168 0.088867 0.055664
0 0.332520 0.950195 0.120117 0.076172
0 0.301270 0.218750 0.124023 0.070312
0 0.562988 0.864258 0.106445 0.144531
0 0.653809 0.716797 0.090820 0.078125
0 0.695312 0.586914 0.099609 0.056641
0 0.794922 0.854980 0.093750 0.133789
0 0.918945 0.949707 0.111328 0.090820
0 0.755859 0.899414 0.105469 0.121094
0 0.711426 0.824219 0.079102 0.052734
0 0.306152 0.757812 0.073242 0.103516
