0 0.367676 0.033691 0.040039 0.067383
0 0.018555 0.089355 0.037109 0.094727
0 0.461426 0.201660 0.065430 0.079102
0 0.691895 0.282227 0.061523 0.089844
0 0.386230 0.158691 0.047852 0.081055
0 0.318848 0.496582 0.086914 0.098633
0 0.010254 0.419434 0.020508 0.100586
0 0.328125 0.937012 0.060547 0.125977
0 0.502930 0.494629 0.054688 0.086914
0 0.789551 0.948730 0.065430 0.063477
0 0.359863 0.596191 0.077148 0.075195
0 0.774902 0.554199 0.038086 0.088867
0 0.773926 0.356445 0.061523 0.068359
0 0.552246 0.952637 0.041992 0.090820
0 0.869141 0.076172 0.046875 0.076172
0 0.056152 0.188477 0.030273 0.070312
0 0.782227 0.089844 0.027344 0.083984
0 0.162109 0.972168 0.074219 0.045898
0 0.601562 0.213867 0.078125 0.046875
0 0.690918 0.494629 0.075195 0.057617
0 0.238770 0.930176 0.051758 0.061523
0 0.497070 0.084473 0.044922 0.069336
0 0.020996 0.044922 0.041992 0.070312
0 0.252930 0.354492 0.035156 0.115234
0 0.832031 0.803711 0.039062 0.080078
0 0.352051 0.479004 0.073242 0.067383
0 0.009277 0.180664 0.018555 0.093750
0 0.510254 0.844727 0.071289 0.099609
0 0.130859 0.915039 0.070312 0.068359
0 0.346191 0.892090 0.063477 0.051758
0 0.712402 0.736816 0.043945 0.100586
0 0.721191 0.178711 0.043945 0.109375
0 0.724609 0.078125 0.060547 0.109375
0 0.213379 0.017578 0.038086 0.035156
0 0.629395 0.195801 0.059570 0.065430
0 0.961914 0.737305 0.044922 0.060547
0 0.555664 0.389648 0.035156 0.062500
0 0.859863 0.969238 0.057617 0.057617
0 0.945312 0.799316 0.050781 0.069336
0 0.444336 0.037598 0.031250 0.073242
0 0.437012 0.976562 0.045898 0.042969
0 0.049805 0.020508 0.029297 0.041016
0 0.105957 0.978516 0.032227 0.042969
0 0.032715 0.738770 0.045898 0.067383
0 0.037598 0.969727 0.059570 0.054688
0 0.488770 0.978516 0.047852 0.042969
0 0.979980 0.680176 0.040039 0.057617
0 0.661621 0.442383 0.057617 0.050781
0 0.412109 0.021973 0.039062 0.043945
0 0.452637 0.032715 0.026367 0.063477
0 0.974609 0.007324 0.050781 0.014648
0 0.912598 0.987793 0.026367 0.024414
0 0.762207 0.050293 0.040039 0.094727
0 0.661133 0.740234 0.042969 0.060547
0 0.342285 0.427246 0.040039 0.069336
0 0.822754 0.515625 0.063477 0.066406
0 0.853027 0.473633 0.043945 0.103516
0 0.850586 0.407715 0.054688 0.069336
0 0.883301 0.332520 0.049805 0.110352
0 0.901855 0.305664 0.036133 0.111328
0 0.859375 0.264648 0.039062 0.095703
0 0.394531 0.859375 0.062500 0.060547
