0 0.961914 0.502930 0.076172 0.300781
0 0.783691 0.895020 0.139648 0.165039
0 0.764648 0.529785 0.095703 0.106445
0 0.044434 0.151367 0.088867 0.087891
0 0.033691 0.633789 0.067383 0.136719
0 0.640625 0.946777 0.132812 0.098633
0 0.109863 0.966797 0.135742 0.066406
0 0.484863 0.367676 0.133789 0.192383
0 0.316895 0.903809 0.090820 0.083008
0 0.157227 0.905273 0.125000 0.068359
0 0.124023 0.751465 0.062500 0.153320
0 0.190918 0.786133 0.067383 0.085938
0 0.866211 0.351074 0.173828 0.094727
0 0.610840 0.358398 0.139648 0.093750
0 0.557129 0.265137 0.100586 0.071289
0 0.479492 0.256836 0.162109 0.103516
