0 0.234375 0.445312 0.074219 0.089844
0 0.395508 0.387695 0.121094 0.173828
0 0.586914 0.858887 0.074219 0.069336
0 0.778320 0.893555 0.089844 0.212891
0 0.713379 0.874023 0.102539 0.091797
0 0.511230 0.524902 0.153320 0.090820
0 0.124023 0.227051 0.117188 0.153320
0 0.944336 0.569824 0.111328 0.186523
0 0.555176 0.404297 0.081055 0.066406
0 0.651855 0.159668 0.100586 0.090820
0 0.074707 0.115723 0.071289 0.081055
0 0.231445 0.246094 0.101562 0.111328
0 0.745605 0.035156 0.110352 0.070312
0 0.131836 0.415527 0.074219 0.108398
0 0.642090 0.565918 0.061523 0.174805
0 0.646973 0.946777 0.057617 0.055664
0 0.168457 0.076172 0.100586 0.093750
0 0.970215 0.330078 0.059570 0.160156
0 0.464355 0.019043 0.100586 0.038086
0 0.938965 0.826172 0.122070 0.097656
0 0.319336 0.221680 0.083984 0.125000
0 0.152344 0.960449 0.097656 0.079102
0 0.786621 0.533203 0.120117 0.107422
0 0.789551 0.153809 0.071289 0.112305
0 0.021973 0.166504 0.043945 0.077148
0 0.864746 0.584961 0.088867 0.060547
0 0.114258 0.765137 0.091797 0.098633
0 0.689941 0.449707 0.116211 0.112305
0 0.593750 0.384766 0.072266 0.074219
0 0.605957 0.501465 0.083008 0.120117
0 0.574707 0.156738 0.084961 0.086914
0 0.495117 0.141113 0.119141 0.145508
0 0.553223 0.104004 0.182617 0.202148
0 0.641113 0.066895 0.071289 0.059570
