0 0.461914 0.031250 0.109375 0.062500
0 0.744629 0.037109 0.139648 0.074219
0 0.346680 0.655762 0.115234 0.108398
0 0.599121 0.019531 0.084961 0.039062
0 0.142090 0.122070 0.135742 0.070312
0 0.166016 0.586914 0.142578 0.115234
0 0.722168 0.784668 0.100586 0.129883
0 0.421875 0.514648 0.105469 0.099609
0 0.644531 0.590820 0.134766 0.107422
0 0.454102 0.347168 0.125000 0.110352
0 0.145020 0.798340 0.079102 0.092773
0 0.562012 0.805664 0.114258 0.132812
0 0.477051 0.852051 0.120117 0.104492
0 0.363281 0.949707 0.107422 0.094727
0 0.063477 0.270020 0.113281 0.100586
0 0.577148 0.962402 0.115234 0.075195
0 0.549316 0.158203 0.075195 0.062500
0 0.558105 0.268066 0.083008 0.077148
0 0.509766 0.216797 0.105469 0.099609
0 0.519531 0.518066 0.109375 0.102539
