0 0.553223 0.164062 0.073242 0.105469
0 0.536621 0.772949 0.104492 0.083008
0 0.173340 0.548340 0.073242 0.059570
0 0.380371 0.412109 0.057617 0.082031
0 0.862305 0.033691 0.050781 0.065430
0 0.296387 0.493164 0.069336 0.072266
0 0.267090 0.791016 0.092773 0.068359
0 0.325684 0.714355 0.071289 0.084961
0 0.782227 0.138184 0.048828 0.083008
0 0.483887 0.481934 0.065430 0.077148
0 0.045410 0.139648 0.090820 0.095703
0 0.550293 0.344238 0.071289 0.110352
0 0.383301 0.215332 0.069336 0.083008
0 0.068848 0.468262 0.084961 0.118164
0 0.866699 0.462891 0.051758 0.082031
0 0.334473 0.604492 0.043945 0.097656
0 0.883789 0.264648 0.076172 0.130859
0 0.779785 0.591797 0.098633 0.134766
0 0.989746 0.254395 0.020508 0.127930
0 0.419434 0.298340 0.096680 0.141602
0 0.038574 0.751465 0.057617 0.114258
0 0.083984 0.949707 0.113281 0.094727
0 0.574219 0.488770 0.050781 0.096680
0 0.206055 0.697754 0.044922 0.131836
0 0.332031 0.382324 0.068359 0.069336
0 0.473633 0.848145 0.060547 0.057617
0 0.794922 0.229980 0.105469 0.083008
0 0.386230 0.322754 0.047852 0.081055
0 0.951660 0.642090 0.049805 0.096680
0 0.229004 0.419922 0.067383 0.062500
0 0.410156 0.201172 0.050781 0.058594
0 0.489258 0.681641 0.080078 0.083984
0 0.109375 0.862793 0.132812 0.055664
0 0.506836 0.597656 0.048828 0.048828
0 0.062500 0.614258 0.050781 0.162109
0 0.250488 0.141113 0.041992 0.053711
0 0.177734 0.722168 0.062500 0.090820
0 0.152832 0.505371 0.071289 0.041992
0 0.393555 0.863770 0.082031 0.053711
0 0.453125 0.665527 0.054688 0.081055
0 0.148926 0.470703 0.038086 0.072266
0 0.236816 0.376465 0.061523 0.047852
0 0.132812 0.911621 0.056641 0.059570
0 0.030762 0.080566 0.051758 0.061523
0 0.238281 0.672852 0.033203 0.060547
0 0.048828 0.827637 0.082031 0.041992
0 0.025879 0.855469 0.051758 0.064453
0 0.486328 0.973145 0.068359 0.047852
0 0.939941 0.015137 0.047852 0.028320
0 0.083496 0.073242 0.166992 0.097656
0 0.093262 0.032227 0.096680 0.064453
0 0.751953 0.899902 0.085938 0.051758
0 0.519043 0.427734 0.086914 0.109375
0 0.750000 0.838379 0.148438 0.059570
0 0.029297 0.035645 0.056641 0.069336
0 0.665527 0.361328 0.057617 0.089844
