0 0.561035 0.951660 0.098633 0.075195
0 0.703125 0.452148 0.126953 0.144531
0 0.803223 0.232910 0.092773 0.102539
0 0.944336 0.519531 0.105469 0.095703
0 0.927246 0.759766 0.145508 0.080078
0 0.951660 0.305176 0.077148 0.079102
0 0.742188 0.921875 0.150391 0.070312
0 0.675293 0.633789 0.088867 0.076172
0 0.951172 0.942383 0.097656 0.078125
0 0.730957 0.770996 0.102539 0.102539
0 0.813477 0.535156 0.095703 0.107422
0 0.815430 0.132812 0.082031 0.078125
0 0.907227 0.871094 0.128906 0.068359
0 0.972656 0.329590 0.054688 0.051758
0 0.948242 0.671387 0.103516 0.053711
