0 0.033691 0.194336 0.067383 0.068359
0 0.025391 0.292480 0.050781 0.055664
0 0.063477 0.370605 0.080078 0.073242
0 0.206055 0.474609 0.140625 0.087891
0 0.174805 0.562500 0.072266 0.076172
0 0.046875 0.663086 0.068359 0.054688
0 0.024414 0.791504 0.048828 0.073242
0 0.117188 0.773438 0.068359 0.066406
0 0.040039 0.742188 0.064453 0.056641
0 0.222656 0.787109 0.003906 0.001953
0 0.227051 0.696289 0.079102 0.085938
0 0.333496 0.768066 0.081055 0.067383
0 0.266602 0.979492 0.062500 0.041016
0 0.384766 0.594727 0.085938 0.074219
0 0.385254 0.646973 0.083008 0.059570
0 0.422852 0.482422 0.074219 0.078125
0 0.402832 0.430664 0.104492 0.060547
0 0.327148 0.389648 0.074219 0.062500
0 0.211426 0.209961 0.083008 0.097656
0 0.385742 0.147461 0.074219 0.095703
0 0.253906 0.056152 0.072266 0.081055
0 0.176758 0.063965 0.078125 0.092773
0 0.102539 0.045898 0.087891 0.089844
0 0.494629 0.024902 0.055664 0.049805
0 0.539062 0.022949 0.064453 0.045898
0 0.783203 0.119629 0.093750 0.112305
0 0.646973 0.199707 0.084961 0.092773
0 0.525391 0.337891 0.083984 0.078125
0 0.593262 0.392090 0.077148 0.079102
0 0.631836 0.346680 0.072266 0.050781
0 0.727539 0.242676 0.083984 0.069336
0 0.781738 0.194336 0.079102 0.095703
0 0.871582 0.094727 0.073242 0.085938
0 0.910156 0.158691 0.074219 0.077148
0 0.969238 0.477539 0.061523 0.087891
0 0.613281 0.563477 0.105469 0.056641
0 0.610840 0.605957 0.069336 0.090820
0 0.688965 0.656738 0.081055 0.168945
0 0.856445 0.549805 0.089844 0.099609
0 0.897949 0.493164 0.071289 0.054688
0 0.953125 0.572754 0.093750 0.098633
0 0.900879 0.672363 0.108398 0.069336
0 0.980957 0.697266 0.038086 0.083984
0 0.940918 0.017578 0.059570 0.035156
0 0.977051 0.023438 0.045898 0.046875
0 0.734863 0.832031 0.088867 0.087891
0 0.535645 0.866699 0.059570 0.098633
0 0.628906 0.886230 0.095703 0.071289
0 0.803711 0.913086 0.121094 0.070312
0 0.778809 0.969238 0.071289 0.061523
0 0.584961 0.973145 0.070312 0.053711
0 0.894531 0.904785 0.109375 0.059570
0 0.774902 0.259766 0.059570 0.064453
0 0.982422 0.066406 0.035156 0.052734
0 0.316406 0.704590 0.083984 0.051758
0 0.225098 0.543457 0.043945 0.049805
0 0.337891 0.095703 0.060547 0.037109
0 0.068359 0.081543 0.062500 0.127930
0 0.731934 0.604980 0.034180 0.040039
0 0.365234 0.751953 0.037109 0.042969
0 0.757324 0.488281 0.071289 0.056641
