0 0.114746 0.800781 0.104492 0.123047
0 0.072754 0.219238 0.096680 0.114258
0 0.677734 0.692871 0.121094 0.131836
0 0.520996 0.416504 0.104492 0.067383
0 0.173340 0.045898 0.102539 0.072266
0 0.097168 0.623047 0.116211 0.136719
0 0.918457 0.718262 0.145508 0.102539
0 0.885742 0.363281 0.126953 0.101562
0 0.102051 0.944824 0.110352 0.110352
0 0.691895 0.237305 0.149414 0.150391
0 0.821289 0.481445 0.201172 0.119141
0 0.788086 0.384277 0.123047 0.139648
0 0.530273 0.353027 0.095703 0.086914
0 0.028320 0.462402 0.056641 0.090820
0 0.952148 0.829590 0.095703 0.075195
0 0.660645 0.029785 0.086914 0.059570
0 0.698242 0.350586 0.091797 0.072266
0 0.887207 0.974609 0.104492 0.050781
0 0.966309 0.539062 0.067383 0.099609
