0 0.737793 0.071289 0.069336 0.095703
0 0.347656 0.305664 0.054688 0.080078
0 0.750000 0.222168 0.060547 0.102539
0 0.459961 0.170898 0.091797 0.048828
0 0.434082 0.569824 0.090820 0.063477
0 0.708984 0.675781 0.066406 0.037109
0 0.805664 0.521484 0.060547 0.076172
0 0.347168 0.089355 0.063477 0.096680
0 0.785156 0.709961 0.054688 0.074219
0 0.216309 0.234863 0.088867 0.065430
0 0.038086 0.430664 0.076172 0.041016
0 0.433105 0.924805 0.053711 0.035156
0 0.227051 0.298828 0.100586 0.054688
0 0.877930 0.865723 0.046875 0.067383
0 0.974609 0.539062 0.050781 0.076172
0 0.203125 0.917480 0.080078 0.053711
0 0.928223 0.592285 0.063477 0.057617
0 0.590820 0.090820 0.060547 0.052734
0 0.110840 0.104492 0.092773 0.060547
0 0.018555 0.463867 0.037109 0.035156
0 0.222656 0.955566 0.093750 0.049805
0 0.430664 0.104980 0.089844 0.067383
0 0.386230 0.466797 0.092773 0.064453
0 0.037109 0.032227 0.072266 0.048828
0 0.956055 0.338379 0.087891 0.100586
0 0.732422 0.620117 0.044922 0.101562
0 0.313477 0.569824 0.107422 0.075195
0 0.977539 0.268066 0.044922 0.043945
0 0.553711 0.937500 0.109375 0.064453
0 0.952637 0.554688 0.063477 0.060547
0 0.027344 0.397461 0.054688 0.035156
0 0.099609 0.974121 0.107422 0.043945
0 0.661133 0.027344 0.050781 0.052734
0 0.350586 0.623535 0.078125 0.057617
0 0.134277 0.515625 0.053711 0.070312
0 0.535645 0.262695 0.118164 0.089844
0 0.123047 0.550293 0.039062 0.038086
0 0.136719 0.028320 0.058594 0.054688
0 0.773438 0.397461 0.046875 0.060547
0 0.542969 0.352051 0.048828 0.057617
0 0.462402 0.452637 0.061523 0.043945
0 0.986816 0.914062 0.026367 0.037109
0 0.132812 0.580566 0.099609 0.083008
0 0.044922 0.946289 0.060547 0.042969
0 0.209473 0.986816 0.102539 0.024414
0 0.702637 0.319336 0.049805 0.058594
0 0.234863 0.438965 0.057617 0.040039
0 0.014648 0.775879 0.029297 0.032227
0 0.204590 0.645020 0.100586 0.047852
0 0.455078 0.072754 0.097656 0.055664
0 0.076172 0.609863 0.080078 0.071289
0 0.276855 0.381836 0.083008 0.039062
0 0.360352 0.838379 0.095703 0.065430
0 0.463379 0.038574 0.063477 0.018555
0 0.896973 0.691895 0.043945 0.034180
0 0.015625 0.656738 0.029297 0.038086
0 0.920410 0.966309 0.043945 0.049805
0 0.647461 0.099609 0.066406 0.048828
0 0.587402 0.367188 0.041992 0.046875
0 0.507812 0.148926 0.068359 0.036133
0 0.644531 0.706055 0.046875 0.033203
0 0.208008 0.744141 0.080078 0.033203
0 0.087891 0.677734 0.076172 0.039062
0 0.586914 0.704590 0.076172 0.047852
0 0.630371 0.955078 0.055664 0.062500
0 0.250000 0.851074 0.076172 0.092773
0 0.014648 0.924316 0.029297 0.036133
0 0.406738 0.751465 0.071289 0.038086
0 0.984375 0.311523 0.031250 0.056641
0 0.991211 0.750977 0.017578 0.017578
0 0.525391 0.980957 0.050781 0.032227
0 0.844727 0.045410 0.072266 0.075195
0 0.847168 0.941895 0.040039 0.041992
0 0.710938 0.569336 0.080078 0.078125
0 0.589844 0.559082 0.095703 0.094727
0 0.556641 0.496094 0.074219 0.046875
0 0.581055 0.586426 0.060547 0.051758
0 0.597168 0.494629 0.045898 0.051758
0 0.873535 0.109375 0.065430 0.066406
0 0.260254 0.041504 0.075195 0.077148
0 0.853516 0.731934 0.048828 0.063477
0 0.975586 0.729004 0.044922 0.061523
0 0.804199 0.221191 0.045898 0.053711
