0 0.169434 0.279785 0.071289 0.110352
0 0.041992 0.056152 0.083984 0.112305
0 0.273926 0.094238 0.059570 0.096680
0 0.312988 0.085449 0.067383 0.100586
0 0.543457 0.072754 0.094727 0.145508
0 0.628906 0.105469 0.078125 0.093750
0 0.839355 0.196777 0.081055 0.129883
0 0.958984 0.177246 0.082031 0.071289
0 0.517090 0.306152 0.116211 0.073242
0 0.533203 0.370117 0.066406 0.052734
0 0.322754 0.219238 0.071289 0.073242
0 0.229004 0.411133 0.071289 0.123047
0 0.124512 0.566895 0.069336 0.120117
0 0.192871 0.604004 0.067383 0.104492
0 0.240234 0.645508 0.074219 0.083984
0 0.026855 0.669922 0.053711 0.126953
0 0.618164 0.556152 0.064453 0.129883
0 0.658203 0.504395 0.078125 0.084961
0 0.766602 0.556152 0.095703 0.067383
0 0.875000 0.555176 0.080078 0.120117
0 0.927734 0.499023 0.097656 0.080078
0 0.755859 0.636719 0.105469 0.111328
0 0.783691 0.714844 0.118164 0.095703
0 0.638672 0.783203 0.101562 0.080078
0 0.848145 0.824219 0.077148 0.107422
0 0.952148 0.855957 0.066406 0.075195
0 0.793457 0.917969 0.061523 0.068359
0 0.698242 0.895996 0.068359 0.075195
0 0.893066 0.965332 0.081055 0.069336
0 0.710938 0.963867 0.109375 0.072266
0 0.599609 0.701172 0.091797 0.076172
0 0.480469 0.627441 0.076172 0.110352
0 0.398438 0.710449 0.091797 0.098633
0 0.341797 0.654297 0.062500 0.068359
0 0.384277 0.570312 0.090820 0.083984
0 0.294434 0.786621 0.079102 0.073242
0 0.451172 0.847656 0.126953 0.076172
0 0.362305 0.919434 0.105469 0.088867
0 0.042969 0.976074 0.085938 0.047852
0 0.125488 0.865234 0.077148 0.066406
0 0.133301 0.947754 0.071289 0.104492
0 0.380859 0.412109 0.074219 0.066406
0 0.369629 0.209961 0.043945 0.050781
0 0.163574 0.804199 0.069336 0.059570
0 0.223145 0.738281 0.057617 0.091797
0 0.941895 0.938477 0.086914 0.070312
0 0.540527 0.551270 0.057617 0.061523
0 0.252930 0.920898 0.058594 0.056641
