0 0.054688 0.504395 0.109375 0.104492
0 0.508301 0.584473 0.192383 0.084961
0 0.029785 0.357910 0.059570 0.067383
0 0.843262 0.313477 0.217773 0.082031
0 0.247070 0.550781 0.074219 0.072266
0 0.124512 0.798340 0.075195 0.086914
0 0.690430 0.538086 0.142578 0.087891
0 0.308105 0.786133 0.102539 0.052734
0 0.630371 0.465820 0.227539 0.107422
0 0.338379 0.872070 0.172852 0.109375
0 0.339844 0.291992 0.080078 0.070312
0 0.444824 0.400879 0.209961 0.202148
0 0.385742 0.143066 0.078125 0.282227
0 0.438477 0.735840 0.132812 0.077148
0 0.872070 0.491699 0.134766 0.254883
0 0.531250 0.954590 0.095703 0.081055
0 0.627441 0.062988 0.379883 0.112305
0 0.462891 0.253418 0.187500 0.118164
0 0.346680 0.360840 0.125000 0.102539
0 0.798340 0.126953 0.217773 0.195312
0 0.068359 0.049316 0.136719 0.094727
0 0.198242 0.246094 0.126953 0.267578
0 0.739746 0.079590 0.065430 0.155273
0 0.685547 0.787109 0.292969 0.189453
0 0.945801 0.367188 0.086914 0.064453
0 0.211914 0.099609 0.109375 0.195312
0 0.851074 0.215820 0.067383 0.052734
0 0.574707 0.306641 0.075195 0.250000
0 0.657227 0.603027 0.105469 0.047852
0 0.488281 0.723145 0.203125 0.163086
0 0.791016 0.591797 0.062500 0.099609
0 0.050781 0.445801 0.101562 0.077148
0 0.090820 0.062988 0.097656 0.047852
0 0.397949 0.969238 0.088867 0.061523
0 0.585449 0.951172 0.075195 0.097656
0 0.924805 0.870605 0.150391 0.067383
0 0.790527 0.915527 0.067383 0.092773
0 0.835938 0.912109 0.062500 0.074219
0 0.932617 0.979004 0.089844 0.040039
0 0.843262 0.932617 0.135742 0.134766
0 0.418457 0.817871 0.247070 0.102539
0 0.958496 0.602051 0.083008 0.059570
0 0.980957 0.659668 0.038086 0.049805
0 0.596680 0.437012 0.160156 0.055664
0 0.568359 0.026855 0.062500 0.049805
0 0.291016 0.078125 0.107422 0.152344
