0 0.847168 0.083984 0.065430 0.113281
0 0.286621 0.186035 0.098633 0.077148
0 0.850098 0.244141 0.067383 0.091797
0 0.965820 0.435059 0.068359 0.069336
0 0.730469 0.738770 0.083984 0.073242
0 0.955078 0.342285 0.076172 0.098633
0 0.978027 0.796387 0.043945 0.086914
0 0.557617 0.864746 0.125000 0.065430
0 0.957520 0.108398 0.084961 0.119141
0 0.853516 0.497070 0.134766 0.060547
0 0.837891 0.932129 0.152344 0.061523
0 0.373047 0.965332 0.066406 0.069336
0 0.172363 0.401855 0.059570 0.073242
0 0.381836 0.362793 0.072266 0.079102
0 0.980469 0.029785 0.039062 0.057617
0 0.092285 0.146973 0.102539 0.081055
0 0.788086 0.600586 0.070312 0.080078
0 0.483398 0.744141 0.066406 0.046875
0 0.654297 0.093262 0.074219 0.051758
0 0.733887 0.398438 0.065430 0.066406
0 0.418457 0.149902 0.090820 0.069336
0 0.529785 0.596680 0.122070 0.062500
0 0.630371 0.376953 0.073242 0.041016
0 0.796875 0.856934 0.085938 0.040039
0 0.968262 0.960938 0.059570 0.037109
0 0.719238 0.934570 0.069336 0.039062
0 0.685547 0.968262 0.132812 0.043945
0 0.289062 0.833496 0.123047 0.045898
0 0.264648 0.436523 0.093750 0.058594
0 0.666992 0.759277 0.083984 0.034180
0 0.315918 0.266113 0.098633 0.038086
0 0.245117 0.871582 0.119141 0.055664
0 0.801270 0.662109 0.079102 0.033203
0 0.330078 0.493164 0.148438 0.054688
0 0.749512 0.083496 0.041992 0.075195
0 0.533203 0.440430 0.076172 0.091797
0 0.410156 0.497559 0.074219 0.071289
0 0.235352 0.807129 0.087891 0.047852
0 0.158691 0.495605 0.081055 0.040039
0 0.197754 0.300781 0.079102 0.027344
0 0.292969 0.059082 0.103516 0.088867
0 0.249512 0.118164 0.057617 0.074219
0 0.148926 0.982910 0.067383 0.030273
0 0.566406 0.106934 0.103516 0.065430
0 0.229492 0.484863 0.083984 0.063477
0 0.831055 0.553223 0.054688 0.030273
0 0.486816 0.120605 0.096680 0.065430
0 0.818848 0.967773 0.045898 0.050781
0 0.264160 0.666504 0.051758 0.043945
0 0.397461 0.871094 0.126953 0.064453
0 0.909180 0.666504 0.062500 0.047852
0 0.473633 0.458984 0.083984 0.064453
0 0.055176 0.915039 0.110352 0.050781
0 0.872559 0.858887 0.065430 0.034180
0 0.472168 0.927734 0.092773 0.035156
0 0.560059 0.495605 0.067383 0.032227
0 0.020996 0.794922 0.041992 0.033203
0 0.464844 0.539551 0.078125 0.041992
0 0.474609 0.206055 0.148438 0.082031
0 0.113770 0.861328 0.110352 0.037109
0 0.721680 0.801758 0.068359 0.039062
0 0.567383 0.511719 0.085938 0.037109
0 0.052734 0.660156 0.101562 0.044922
0 0.157227 0.141602 0.046875 0.031250
0 0.433105 0.966309 0.112305 0.032227
0 0.145020 0.640137 0.131836 0.055664
0 0.583496 0.950195 0.045898 0.035156
0 0.974609 0.530273 0.050781 0.072266
0 0.798828 0.576660 0.046875 0.045898
0 0.990234 0.839355 0.017578 0.067383
0 0.044922 0.215332 0.089844 0.055664
0 0.062500 0.981445 0.054688 0.033203
0 0.898926 0.639160 0.083008 0.059570
0 0.450195 0.920410 0.101562 0.061523
0 0.948730 0.021973 0.045898 0.043945
0 0.500488 0.080078 0.061523 0.060547
0 0.189453 0.931641 0.138672 0.066406
0 0.783203 0.145020 0.037109 0.047852
0 0.035645 0.935547 0.071289 0.029297
0 0.123535 0.896973 0.118164 0.061523
0 0.025879 0.504395 0.051758 0.081055
0 0.194824 0.647949 0.063477 0.057617
