0 0.950195 0.072266 0.099609 0.058594
0 0.931152 0.111816 0.084961 0.065430
0 0.831055 0.152832 0.072266 0.086914
0 0.815430 0.242188 0.060547 0.083984
0 0.680664 0.238281 0.062500 0.068359
0 0.504395 0.174316 0.077148 0.081055
0 0.441406 0.120605 0.117188 0.069336
0 0.421387 0.025391 0.075195 0.050781
0 0.264160 0.039551 0.104492 0.079102
0 0.251465 0.085938 0.094727 0.050781
0 0.063477 0.081543 0.111328 0.081055
0 0.380859 0.176758 0.085938 0.052734
0 0.389648 0.239258 0.101562 0.070312
0 0.486328 0.286621 0.089844 0.077148
0 0.384766 0.310547 0.062500 0.042969
0 0.171875 0.198730 0.066406 0.114258
0 0.103516 0.212402 0.093750 0.069336
0 0.171875 0.360840 0.072266 0.125977
0 0.224121 0.375488 0.053711 0.102539
0 0.329102 0.412598 0.083984 0.102539
0 0.344727 0.376465 0.041016 0.065430
0 0.315430 0.537598 0.076172 0.067383
0 0.040039 0.593750 0.080078 0.080078
0 0.213867 0.735840 0.111328 0.063477
0 0.543457 0.744629 0.096680 0.088867
0 0.532715 0.624023 0.124023 0.074219
0 0.654785 0.624023 0.147461 0.066406
0 0.694824 0.563477 0.088867 0.064453
0 0.670898 0.489746 0.080078 0.073242
0 0.669922 0.406250 0.058594 0.089844
0 0.676270 0.322266 0.063477 0.056641
0 0.824707 0.406738 0.067383 0.067383
0 0.865723 0.510742 0.063477 0.082031
0 0.922363 0.474609 0.057617 0.083984
0 0.356934 0.907715 0.073242 0.094727
0 0.562500 0.915527 0.109375 0.079102
0 0.246582 0.978516 0.106445 0.042969
0 0.079102 0.879395 0.072266 0.065430
0 0.065918 0.924805 0.086914 0.052734
0 0.689453 0.971191 0.066406 0.057617
0 0.918457 0.830566 0.047852 0.106445
0 0.974609 0.883789 0.050781 0.091797
0 0.714844 0.679199 0.074219 0.057617
