0 0.953125 0.311523 0.093750 0.085938
0 0.949219 0.499512 0.091797 0.100586
0 0.864746 0.565430 0.094727 0.093750
0 0.778320 0.621094 0.156250 0.099609
0 0.547852 0.519043 0.150391 0.145508
0 0.800293 0.365723 0.090820 0.077148
0 0.325195 0.200195 0.113281 0.080078
0 0.212402 0.701660 0.149414 0.110352
0 0.331543 0.882812 0.120117 0.115234
0 0.512695 0.794922 0.083984 0.089844
0 0.131836 0.889648 0.128906 0.087891
0 0.225098 0.209473 0.096680 0.145508
0 0.121582 0.343750 0.084961 0.087891
0 0.177734 0.420410 0.074219 0.084961
0 0.069824 0.455566 0.079102 0.065430
0 0.033691 0.517090 0.067383 0.079102
0 0.315430 0.484863 0.064453 0.077148
0 0.418457 0.463379 0.055664 0.079102
0 0.339355 0.422363 0.061523 0.059570
0 0.402344 0.390137 0.148438 0.096680
0 0.656738 0.513672 0.061523 0.066406
0 0.831543 0.473145 0.041992 0.045898
0 0.502441 0.287109 0.100586 0.093750
0 0.582031 0.129883 0.068359 0.046875
0 0.563477 0.029785 0.117188 0.059570
0 0.894043 0.352051 0.055664 0.067383
0 0.914551 0.246582 0.069336 0.063477
0 0.844238 0.096191 0.094727 0.057617
0 0.975098 0.029297 0.049805 0.058594
0 0.821777 0.019043 0.137695 0.038086
0 0.862793 0.044434 0.073242 0.053711
0 0.461426 0.644531 0.180664 0.095703
0 0.554199 0.729492 0.061523 0.064453
0 0.790039 0.776367 0.089844 0.062500
0 0.790039 0.898926 0.068359 0.069336
0 0.935059 0.870605 0.077148 0.045898
0 0.599609 0.910156 0.080078 0.115234
0 0.490234 0.898926 0.062500 0.041992
0 0.455566 0.950684 0.092773 0.075195
0 0.060059 0.265625 0.120117 0.109375
0 0.036133 0.102051 0.072266 0.102539
0 0.062500 0.269531 0.125000 0.087891
