0 0.860840 0.173828 0.106445 0.072266
0 0.888672 0.134277 0.072266 0.084961
0 0.594238 0.566406 0.114258 0.064453
0 0.224609 0.536621 0.087891 0.112305
0 0.341309 0.777344 0.110352 0.046875
0 0.597656 0.232422 0.091797 0.062500
0 0.487793 0.125000 0.120117 0.080078
0 0.748047 0.231934 0.091797 0.057617
0 0.704590 0.926270 0.135742 0.041992
0 0.169434 0.312012 0.108398 0.036133
0 0.165039 0.578613 0.130859 0.040039
0 0.957031 0.148438 0.085938 0.062500
0 0.383789 0.892578 0.093750 0.037109
0 0.400879 0.507324 0.176758 0.063477
0 0.694824 0.333984 0.092773 0.037109
0 0.395508 0.251953 0.107422 0.029297
0 0.641113 0.173828 0.084961 0.033203
0 0.540527 0.184570 0.112305 0.033203
0 0.437988 0.142090 0.106445 0.063477
0 0.599121 0.276855 0.108398 0.026367
0 0.957031 0.253906 0.085938 0.087891
0 0.040527 0.836914 0.081055 0.035156
0 0.130371 0.871094 0.098633 0.033203
0 0.316406 0.854004 0.068359 0.092773
0 0.604980 0.336426 0.112305 0.028320
0 0.191895 0.030762 0.086914 0.043945
0 0.229492 0.272949 0.097656 0.024414
0 0.267090 0.198730 0.086914 0.036133
0 0.120117 0.223145 0.076172 0.032227
0 0.312500 0.593750 0.083984 0.062500
0 0.422852 0.203613 0.105469 0.055664
0 0.733887 0.857422 0.139648 0.044922
0 0.831055 0.277832 0.128906 0.034180
0 0.400391 0.964355 0.125000 0.040039
0 0.043945 0.225586 0.087891 0.041016
0 0.574219 0.645020 0.119141 0.036133
0 0.323242 0.170410 0.113281 0.055664
0 0.042480 0.258789 0.084961 0.023438
0 0.942871 0.595703 0.114258 0.050781
0 0.576660 0.954590 0.122070 0.028320
0 0.708984 0.167480 0.195312 0.083008
0 0.378418 0.297900 0.128125 0.032910
0 0.238281 0.862793 0.103516 0.034180
0 0.082031 0.918945 0.132812 0.027344
0 0.344727 0.928223 0.156250 0.028320
0 0.977539 0.979492 0.044922 0.019531
0 0.887695 0.618652 0.080078 0.022461
0 0.973145 0.876465 0.053711 0.024414
0 0.121094 0.844238 0.087891 0.036133
0 0.114746 0.636230 0.106445 0.043945
0 0.790527 0.629883 0.131836 0.042969
0 0.954590 0.944336 0.079102 0.035156
0 0.531250 0.923828 0.125000 0.033203
0 0.039014 0.560547 0.076074 0.017578
0 0.387695 0.667969 0.062500 0.019531
0 0.168945 0.196289 0.121094 0.025391
0 0.279785 0.227051 0.114258 0.040039
0 0.150879 0.520996 0.102539 0.045898
0 0.466797 0.603027 0.103516 0.030273
0 0.379883 0.572266 0.109375 0.060547
0 0.982422 0.665527 0.035156 0.020508
0 0.371582 0.610352 0.084961 0.015625
0 0.665039 0.628418 0.085938 0.024414
0 0.921387 0.638916 0.083008 0.028809
0 0.765625 0.892090 0.082031 0.016602
0 0.058105 0.495605 0.112305 0.045898
0 0.652832 0.990234 0.040039 0.019531
0 0.304688 0.553223 0.052734 0.028320
0 0.328125 0.966309 0.103516 0.030273
0 0.244629 0.991211 0.104492 0.017578
0 0.039551 0.894043 0.079102 0.043945
0 0.020996 0.852539 0.041992 0.031250
0 0.834473 0.556641 0.209961 0.101562
0 0.884766 0.299805 0.107422 0.083984
0 0.246094 0.167969 0.068359 0.054688
