0 0.442383 0.162598 0.068359 0.131836
0 0.525391 0.208008 0.062500 0.066406
0 0.324707 0.229980 0.086914 0.114258
0 0.247070 0.215332 0.095703 0.067383
0 0.198730 0.270996 0.055664 0.059570
0 0.301758 0.081543 0.060547 0.075195
0 0.240723 0.102539 0.065430 0.080078
0 0.256348 0.028320 0.065430 0.056641
0 0.139160 0.108398 0.094727 0.083984
0 0.029297 0.266602 0.054688 0.072266
0 0.030273 0.345215 0.050781 0.057617
0 0.220215 0.328125 0.096680 0.080078
0 0.140137 0.329590 0.063477 0.069336
0 0.322754 0.392578 0.098633 0.058594
0 0.260254 0.430664 0.112305 0.054688
0 0.031738 0.472168 0.059570 0.069336
0 0.366211 0.471191 0.107422 0.057617
0 0.450195 0.434570 0.068359 0.048828
0 0.543945 0.258789 0.062500 0.054688
0 0.447754 0.256348 0.075195 0.045898
0 0.674316 0.169434 0.077148 0.075195
0 0.649414 0.325195 0.068359 0.070312
0 0.620117 0.446777 0.062500 0.057617
0 0.463379 0.560547 0.063477 0.056641
0 0.399414 0.608887 0.046875 0.057617
0 0.308105 0.618652 0.086914 0.081055
0 0.238281 0.638184 0.076172 0.100586
0 0.105957 0.670898 0.092773 0.064453
0 0.102539 0.736328 0.089844 0.064453
0 0.089355 0.791504 0.057617 0.057617
0 0.288086 0.738770 0.085938 0.073242
0 0.399902 0.741699 0.040039 0.077148
0 0.496582 0.691406 0.069336 0.054688
0 0.516602 0.734863 0.066406 0.051758
0 0.504395 0.843262 0.071289 0.063477
0 0.393555 0.942383 0.080078 0.107422
0 0.789551 0.979492 0.075195 0.041016
0 0.722168 0.969727 0.069336 0.060547
0 0.545898 0.980469 0.085938 0.039062
0 0.615234 0.903809 0.107422 0.061523
0 0.791992 0.796387 0.066406 0.057617
0 0.978027 0.725098 0.043945 0.051758
0 0.887207 0.696777 0.083008 0.081055
0 0.830566 0.703125 0.067383 0.050781
0 0.693848 0.628418 0.081055 0.094727
0 0.631348 0.621582 0.067383 0.083008
0 0.565918 0.661621 0.061523 0.049805
0 0.707520 0.520508 0.063477 0.085938
0 0.830078 0.542480 0.087891 0.106445
0 0.870117 0.254395 0.058594 0.069336
0 0.943848 0.263672 0.061523 0.066406
0 0.913086 0.185059 0.060547 0.061523
0 0.942871 0.066406 0.114258 0.074219
0 0.022461 0.157227 0.041016 0.072266
0 0.315430 0.355957 0.082031 0.063477
0 0.210938 0.627441 0.062500 0.135742
0 0.597656 0.521973 0.066406 0.055664
0 0.481934 0.855957 0.155273 0.040039
