0 0.500977 0.210938 0.072266 0.095703
0 0.916016 0.880371 0.099609 0.063477
0 0.065918 0.117188 0.098633 0.097656
0 0.500488 0.268555 0.069336 0.087891
0 0.793457 0.102051 0.086914 0.075195
0 0.152832 0.532715 0.098633 0.057617
0 0.718262 0.170898 0.077148 0.070312
0 0.733398 0.539551 0.078125 0.077148
0 0.421387 0.033691 0.071289 0.049805
0 0.047852 0.856934 0.095703 0.041992
0 0.233887 0.638672 0.055664 0.042969
0 0.300293 0.150879 0.125977 0.073242
0 0.679199 0.236816 0.073242 0.067383
0 0.633789 0.467773 0.062500 0.074219
0 0.230469 0.148438 0.093750 0.076172
0 0.056152 0.240234 0.081055 0.056641
0 0.365723 0.541504 0.079102 0.049805
0 0.906250 0.049316 0.050781 0.069336
0 0.529297 0.340820 0.085938 0.050781
0 0.604004 0.460938 0.079102 0.072266
0 0.776855 0.201660 0.071289 0.116211
0 0.685059 0.475098 0.075195 0.051758
0 0.763184 0.271484 0.100586 0.044922
0 0.976074 0.495117 0.047852 0.056641
0 0.056641 0.934082 0.080078 0.032227
0 0.982422 0.284180 0.035156 0.046875
0 0.604980 0.571289 0.040039 0.080078
0 0.088867 0.529297 0.080078 0.052734
0 0.705078 0.742676 0.054688 0.096680
0 0.986816 0.815918 0.026367 0.043945
0 0.982422 0.239258 0.035156 0.064453
0 0.895996 0.636719 0.073242 0.035156
0 0.068848 0.336426 0.071289 0.045898
0 0.214355 0.297852 0.063477 0.046875
0 0.736816 0.458496 0.071289 0.047852
0 0.088379 0.777832 0.073242 0.065430
0 0.560059 0.015137 0.077148 0.030273
0 0.785645 0.022949 0.059570 0.045898
0 0.866699 0.312500 0.071289 0.050781
0 0.645996 0.303223 0.063477 0.045898
0 0.450195 0.247070 0.052734 0.046875
0 0.028320 0.196777 0.056641 0.053711
0 0.781250 0.848633 0.082031 0.041016
0 0.330566 0.642578 0.102539 0.044922
0 0.180664 0.607422 0.064453 0.029297
0 0.056152 0.896973 0.104492 0.036133
0 0.057617 0.281250 0.048828 0.062500
0 0.240723 0.895508 0.098633 0.029297
0 0.392578 0.832520 0.060547 0.038086
0 0.273438 0.940430 0.083984 0.029297
0 0.518555 0.576172 0.093750 0.048828
0 0.593750 0.042480 0.076172 0.028320
0 0.417480 0.957520 0.057617 0.045898
0 0.394531 0.582520 0.050781 0.051758
0 0.179688 0.805664 0.085938 0.037109
0 0.165039 0.314453 0.083984 0.039062
0 0.516602 0.617676 0.076172 0.041992
0 0.531250 0.893066 0.107422 0.040039
0 0.440918 0.277832 0.069336 0.034180
0 0.437988 0.958984 0.075195 0.033203
0 0.348145 0.053223 0.045898 0.030273
0 0.308594 0.474121 0.064453 0.047852
0 0.164551 0.233398 0.071289 0.048828
0 0.667480 0.622559 0.061523 0.038086
0 0.835449 0.844727 0.034180 0.058594
0 0.273438 0.291504 0.041016 0.034180
0 0.208008 0.901855 0.046875 0.026367
0 0.496582 0.635742 0.077148 0.041016
0 0.603027 0.011719 0.071289 0.023438
0 0.275391 0.930176 0.066406 0.024414
0 0.446289 0.905762 0.056641 0.038086
0 0.414062 0.876953 0.115234 0.042969
0 0.539062 0.030273 0.060547 0.060547
0 0.920898 0.588379 0.082031 0.053711
0 0.856445 0.569824 0.125000 0.084961
