0 0.644043 0.500977 0.081055 0.117188
0 0.170898 0.315430 0.054688 0.078125
0 0.029785 0.544922 0.059570 0.109375
0 0.352051 0.813965 0.049805 0.090820
0 0.066895 0.868652 0.086914 0.053711
0 0.484375 0.248535 0.140625 0.094727
0 0.817871 0.308105 0.036133 0.073242
0 0.039062 0.216309 0.078125 0.096680
0 0.485840 0.836914 0.040039 0.064453
0 0.110840 0.855469 0.059570 0.082031
0 0.351562 0.765137 0.044922 0.090820
0 0.505859 0.022461 0.078125 0.044922
0 0.731445 0.904785 0.042969 0.100586
0 0.893555 0.504395 0.039062 0.100586
0 0.168945 0.026367 0.058594 0.052734
0 0.575684 0.182129 0.040039 0.106445
0 0.797363 0.027832 0.038086 0.055664
0 0.363281 0.876465 0.074219 0.047852
0 0.245117 0.272949 0.044922 0.067383
0 0.687988 0.029785 0.030273 0.057617
0 0.784180 0.669434 0.039062 0.067383
0 0.023926 0.130859 0.047852 0.048828
0 0.033203 0.306152 0.066406 0.049805
0 0.129395 0.451172 0.049805 0.062500
0 0.553223 0.534668 0.051758 0.094727
0 0.863281 0.689453 0.050781 0.056641
0 0.307617 0.081543 0.029297 0.067383
0 0.050781 0.699219 0.052734 0.054688
0 0.333496 0.190918 0.100586 0.116211
0 0.849609 0.105469 0.041016 0.048828
0 0.298340 0.912109 0.077148 0.033203
0 0.696289 0.731445 0.025391 0.072266
0 0.136230 0.282715 0.038086 0.073242
0 0.289551 0.318848 0.059570 0.034180
0 0.059082 0.653320 0.073242 0.033203
0 0.738770 0.338379 0.038086 0.069336
0 0.795410 0.072266 0.061523 0.037109
0 0.294922 0.937500 0.056641 0.027344
0 0.667480 0.890137 0.038086 0.069336
0 0.630371 0.312500 0.034180 0.046875
0 0.145508 0.748535 0.078125 0.045898
0 0.603027 0.728516 0.036133 0.062500
0 0.357422 0.098633 0.058594 0.041016
0 0.406250 0.251465 0.031250 0.061523
0 0.766602 0.033203 0.046875 0.046875
0 0.862305 0.977539 0.042969 0.044922
0 0.978027 0.026367 0.036133 0.052734
0 0.969238 0.955566 0.051758 0.024414
0 0.369629 0.406250 0.059570 0.048828
0 0.707520 0.752441 0.063477 0.041992
0 0.832031 0.904297 0.025391 0.050781
