0 0.619629 0.397461 0.053711 0.089844
0 0.036621 0.931641 0.061523 0.109375
0 0.249512 0.096191 0.053711 0.092773
0 0.688477 0.934082 0.070312 0.100586
0 0.480469 0.240234 0.046875 0.119141
0 0.156250 0.092773 0.060547 0.093750
0 0.126465 0.873535 0.069336 0.081055
0 0.376465 0.628418 0.047852 0.094727
0 0.504883 0.379395 0.080078 0.075195
0 0.320312 0.034180 0.048828 0.068359
0 0.328125 0.395508 0.052734 0.089844
0 0.878906 0.724609 0.052734 0.083984
0 0.366699 0.032715 0.059570 0.063477
0 0.812988 0.441895 0.041992 0.084961
0 0.877441 0.360840 0.036133 0.090820
0 0.380371 0.419922 0.043945 0.091797
0 0.007812 0.957520 0.015625 0.079102
0 0.266602 0.362793 0.076172 0.073242
0 0.805176 0.158691 0.043945 0.079102
0 0.648438 0.070312 0.052734 0.095703
0 0.427734 0.942871 0.054688 0.088867
0 0.506836 0.063965 0.078125 0.090820
0 0.465332 0.931641 0.061523 0.080078
0 0.570312 0.674316 0.089844 0.088867
0 0.608887 0.554199 0.061523 0.114258
0 0.513672 0.604004 0.039062 0.073242
0 0.711914 0.522461 0.083984 0.101562
0 0.979492 0.258789 0.037109 0.085938
0 0.804688 0.698730 0.052734 0.073242
0 0.206543 0.213379 0.057617 0.100586
0 0.259766 0.029297 0.042969 0.058594
0 0.764160 0.499512 0.057617 0.129883
0 0.578125 0.725586 0.050781 0.070312
0 0.149902 0.625488 0.055664 0.131836
0 0.070801 0.759766 0.051758 0.072266
0 0.129883 0.264160 0.087891 0.067383
0 0.011230 0.049316 0.022461 0.069336
0 0.798340 0.965332 0.047852 0.065430
0 0.551758 0.884277 0.044922 0.122070
0 0.921875 0.534668 0.046875 0.139648
0 0.005859 0.596680 0.011719 0.042969
0 0.984863 0.167480 0.024414 0.067383
0 0.197266 0.310547 0.025391 0.097656
0 0.961426 0.541504 0.030273 0.094727
0 0.057129 0.330078 0.083008 0.078125
0 0.768555 0.813477 0.058594 0.048828
0 0.031250 0.645996 0.062500 0.055664
0 0.606934 0.977051 0.036133 0.045898
0 0.780762 0.234863 0.026367 0.094727
0 0.965332 0.680176 0.036133 0.094727
0 0.279297 0.330078 0.046875 0.072266
0 0.054688 0.047852 0.083984 0.087891
0 0.310547 0.978516 0.033203 0.042969
0 0.168945 0.982910 0.031250 0.030273
0 0.773926 0.231445 0.032227 0.093750
0 0.689941 0.446777 0.061523 0.030273
0 0.386230 0.020996 0.041992 0.040039
0 0.571289 0.981934 0.050781 0.032227
0 0.419434 0.181152 0.024414 0.055664
0 0.664551 0.017090 0.032227 0.034180
0 0.233887 0.310547 0.043945 0.105469
0 0.485352 0.789062 0.041016 0.042969
0 0.666992 0.061523 0.031250 0.072266
0 0.183594 0.018555 0.029297 0.037109
0 0.519531 0.018555 0.035156 0.037109
0 0.707031 0.014160 0.033203 0.026367
0 0.379883 0.025879 0.050781 0.051758
0 0.096680 0.089844 0.068359 0.039062
