0 0.056152 0.894531 0.112305 0.099609
0 0.441406 0.921387 0.123047 0.110352
0 0.595215 0.350098 0.252930 0.129883
0 0.603027 0.959961 0.137695 0.080078
0 0.233398 0.599609 0.132812 0.195312
0 0.920898 0.963379 0.107422 0.073242
0 0.645996 0.188477 0.174805 0.150391
0 0.712402 0.075684 0.129883 0.147461
0 0.479492 0.558105 0.199219 0.163086
0 0.032227 0.253418 0.064453 0.086914
0 0.394531 0.055664 0.175781 0.107422
0 0.122559 0.376465 0.172852 0.124023
0 0.964844 0.173340 0.070312 0.137695
0 0.450195 0.653320 0.126953 0.111328
0 0.950195 0.066406 0.091797 0.107422
0 0.545410 0.161621 0.096680 0.124023
