0 0.043457 0.552734 0.086914 0.136719
0 0.299316 0.941895 0.137695 0.067383
0 0.445801 0.521973 0.143555 0.133789
0 0.054688 0.401367 0.107422 0.128906
0 0.372070 0.388672 0.173828 0.097656
0 0.149414 0.762207 0.134766 0.092773
0 0.421875 0.197266 0.150391 0.125000
0 0.742188 0.685547 0.169922 0.101562
0 0.252930 0.499512 0.097656 0.209961
0 0.833496 0.324219 0.137695 0.125000
0 0.130371 0.671387 0.159180 0.084961
0 0.569336 0.621094 0.197266 0.074219
0 0.768066 0.917480 0.227539 0.122070
0 0.136719 0.858398 0.160156 0.082031
0 0.632324 0.822266 0.118164 0.062500
0 0.309570 0.980957 0.080078 0.038086
0 0.318848 0.755859 0.092773 0.078125
0 0.052734 0.087402 0.105469 0.170898
0 0.836914 0.132324 0.142578 0.155273
0 0.883789 0.763184 0.222656 0.131836
0 0.103516 0.922852 0.150391 0.074219
0 0.706543 0.192383 0.157227 0.099609
0 0.415039 0.893066 0.109375 0.086914
0 0.232910 0.043457 0.112305 0.083008
0 0.456055 0.918945 0.089844 0.080078
0 0.957520 0.351074 0.081055 0.153320
0 0.698730 0.020508 0.102539 0.037109
