0 0.269043 0.823242 0.063477 0.113281
0 0.917480 0.147949 0.043945 0.088867
0 0.749023 0.077148 0.058594 0.095703
0 0.171387 0.247559 0.053711 0.104492
0 0.154297 0.150391 0.072266 0.132812
0 0.057617 0.572266 0.070312 0.089844
0 0.645996 0.136230 0.069336 0.122070
0 0.273438 0.250977 0.062500 0.076172
0 0.312988 0.127441 0.045898 0.100586
0 0.600098 0.857422 0.059570 0.076172
0 0.624023 0.810059 0.062500 0.067383
0 0.687500 0.366699 0.029297 0.174805
0 0.472656 0.510742 0.109375 0.054688
0 0.941406 0.558105 0.041016 0.104492
0 0.240234 0.834473 0.070312 0.098633
0 0.607910 0.194824 0.028320 0.125977
0 0.204590 0.559570 0.106445 0.115234
0 0.442383 0.442871 0.035156 0.092773
0 0.014648 0.540039 0.029297 0.046875
0 0.803223 0.803711 0.026367 0.117188
0 0.007324 0.927246 0.014648 0.040039
0 0.085449 0.197266 0.141602 0.046875
0 0.273438 0.542969 0.076172 0.060547
0 0.716797 0.496094 0.044922 0.062500
0 0.211426 0.522949 0.061523 0.073242
0 0.405273 0.300781 0.058594 0.031250
0 0.020508 0.295410 0.041016 0.063477
0 0.010254 0.596191 0.020508 0.083008
0 0.498047 0.019043 0.138672 0.038086
0 0.903809 0.517578 0.053711 0.099609
0 0.470703 0.451172 0.031250 0.083984
0 0.011719 0.648926 0.023438 0.049805
0 0.065918 0.037598 0.122070 0.036133
0 0.756348 0.656250 0.051758 0.082031
0 0.383301 0.574707 0.084961 0.038086
0 0.744629 0.179688 0.026367 0.146484
0 0.499512 0.707520 0.053711 0.032227
0 0.963867 0.976074 0.072266 0.022461
0 0.884277 0.835449 0.036133 0.092773
0 0.655762 0.711426 0.069336 0.055664
0 0.274414 0.914062 0.050781 0.050781
0 0.884277 0.917480 0.094727 0.049805
0 0.251465 0.651855 0.067383 0.040039
0 0.900391 0.692383 0.048828 0.070312
0 0.311523 0.064453 0.023438 0.080078
0 0.548340 0.427734 0.032227 0.125000
0 0.893066 0.019043 0.032227 0.038086
0 0.750488 0.902832 0.043945 0.041992
0 0.930176 0.866211 0.083008 0.019531
0 0.844238 0.382324 0.049805 0.045898
0 0.195312 0.590820 0.044922 0.068359
0 0.006348 0.614746 0.012695 0.030273
0 0.488281 0.977051 0.033203 0.045898
0 0.299316 0.032227 0.090820 0.025391
0 0.526367 0.500488 0.042969 0.061523
0 0.453125 0.369629 0.093750 0.067383
0 0.050293 0.841797 0.032227 0.041016
0 0.234668 0.314746 0.048047 0.072852
0 0.404297 0.411621 0.054688 0.038086
0 0.021973 0.822754 0.043945 0.059570
0 0.638184 0.628418 0.053711 0.034180
0 0.930176 0.902344 0.040039 0.056641
0 0.897461 0.073730 0.046875 0.032227
0 0.502930 0.582520 0.052734 0.028320
0 0.551270 0.256836 0.057617 0.058594
0 0.146484 0.469238 0.058594 0.065430
0 0.201660 0.640137 0.073242 0.061523
0 0.144531 0.510742 0.064453 0.042969
