0 0.322266 0.182129 0.080078 0.114258
0 0.962891 0.123047 0.074219 0.142578
0 0.416992 0.466797 0.072266 0.060547
0 0.155762 0.867188 0.139648 0.072266
0 0.944824 0.795898 0.094727 0.078125
0 0.625488 0.570801 0.092773 0.083008
0 0.222168 0.347168 0.069336 0.075195
0 0.896973 0.833008 0.069336 0.062500
0 0.370605 0.051758 0.077148 0.099609
0 0.079590 0.198242 0.114258 0.117188
0 0.804199 0.279785 0.084961 0.075195
0 0.360352 0.340332 0.082031 0.092773
0 0.448730 0.610352 0.071289 0.052734
0 0.814941 0.518555 0.051758 0.060547
0 0.743652 0.930664 0.102539 0.078125
0 0.319824 0.528320 0.084961 0.087891
0 0.832031 0.958496 0.115234 0.083008
0 0.835449 0.150879 0.112305 0.083008
0 0.916992 0.290527 0.080078 0.084961
0 0.904297 0.581055 0.070312 0.062500
0 0.446777 0.110352 0.084961 0.107422
0 0.749512 0.480957 0.090820 0.122070
0 0.301270 0.979980 0.073242 0.040039
0 0.227051 0.111816 0.110352 0.084961
0 0.215820 0.494629 0.066406 0.059570
0 0.109375 0.030762 0.080078 0.057617
0 0.278809 0.659180 0.049805 0.050781
0 0.828125 0.025879 0.087891 0.047852
0 0.906738 0.185547 0.040039 0.082031
