0 0.176758 0.220703 0.078125 0.130859
0 0.088867 0.044434 0.070312 0.086914
0 0.366699 0.052734 0.165039 0.066406
0 0.519043 0.230957 0.084961 0.067383
0 0.488770 0.281738 0.094727 0.147461
0 0.150879 0.358398 0.098633 0.062500
0 0.418457 0.222656 0.053711 0.066406
0 0.618164 0.049316 0.076172 0.061523
0 0.223145 0.477051 0.061523 0.073242
0 0.110840 0.573242 0.083008 0.068359
0 0.029297 0.694824 0.048828 0.094727
0 0.211914 0.719727 0.064453 0.115234
0 0.293945 0.788086 0.062500 0.107422
0 0.520996 0.789551 0.083008 0.063477
0 0.420898 0.910156 0.103516 0.089844
0 0.269531 0.955566 0.080078 0.088867
0 0.839355 0.983398 0.061523 0.033203
0 0.670410 0.920898 0.094727 0.083984
0 0.660645 0.856445 0.137695 0.103516
0 0.577148 0.862305 0.105469 0.054688
0 0.566406 0.928711 0.066406 0.066406
0 0.879395 0.759277 0.094727 0.071289
0 0.805176 0.798340 0.069336 0.081055
0 0.979004 0.891602 0.041992 0.080078
0 0.513672 0.545898 0.074219 0.138672
0 0.581543 0.501953 0.063477 0.154297
0 0.678711 0.505371 0.083984 0.057617
0 0.756348 0.535156 0.073242 0.076172
0 0.702148 0.636719 0.066406 0.066406
0 0.709473 0.400879 0.077148 0.088867
0 0.843750 0.366211 0.115234 0.095703
0 0.802246 0.308105 0.081055 0.118164
0 0.759277 0.245117 0.065430 0.072266
0 0.959961 0.430176 0.080078 0.071289
0 0.960938 0.515625 0.078125 0.064453
0 0.835449 0.120605 0.047852 0.098633
0 0.902344 0.113770 0.103516 0.118164
0 0.948730 0.140137 0.059570 0.071289
0 0.911133 0.200684 0.078125 0.053711
0 0.223145 0.016113 0.155273 0.032227
0 0.653809 0.021484 0.061523 0.042969
0 0.588379 0.022461 0.094727 0.044922
0 0.570312 0.284180 0.050781 0.054688
0 0.886230 0.880371 0.057617 0.053711
0 0.992676 0.566406 0.014648 0.054688
0 0.660645 0.992188 0.030273 0.013672
0 0.953613 0.988770 0.086914 0.022461
0 0.990234 0.807129 0.017578 0.028320
