0 0.021973 0.564453 0.043945 0.101562
0 0.084961 0.726074 0.050781 0.081055
0 0.154297 0.607910 0.097656 0.110352
0 0.127441 0.470215 0.141602 0.084961
0 0.071289 0.233398 0.119141 0.140625
0 0.197754 0.309082 0.098633 0.092773
0 0.090820 0.009277 0.093750 0.018555
0 0.519531 0.010254 0.095703 0.020508
0 0.745605 0.059570 0.081055 0.074219
0 0.458496 0.204590 0.114258 0.112305
0 0.542969 0.220703 0.064453 0.099609
0 0.530273 0.301270 0.101562 0.073242
0 0.397949 0.302734 0.157227 0.054688
0 0.529297 0.385254 0.117188 0.090820
0 0.694873 0.391553 0.091113 0.109082
0 0.857422 0.320801 0.087891 0.090820
0 0.837891 0.237793 0.091797 0.081055
0 0.976074 0.166992 0.047852 0.107422
0 0.959473 0.454590 0.081055 0.069336
0 0.662109 0.502930 0.066406 0.068359
0 0.538574 0.474609 0.059570 0.062500
0 0.540527 0.561523 0.079102 0.080078
0 0.691895 0.670410 0.106445 0.063477
0 0.677734 0.729492 0.109375 0.068359
0 0.604004 0.772461 0.161133 0.078125
0 0.483398 0.788574 0.107422 0.116211
0 0.350098 0.851562 0.063477 0.064453
0 0.399414 0.830566 0.042969 0.061523
0 0.274902 0.923340 0.104492 0.071289
0 0.222168 0.972656 0.075195 0.054688
0 0.551807 0.888916 0.074707 0.089551
