0 0.392090 0.023438 0.106445 0.046875
0 0.274902 0.038574 0.069336 0.077148
0 0.303711 0.109863 0.121094 0.073242
0 0.212891 0.053223 0.076172 0.106445
0 0.364258 0.259277 0.134766 0.081055
0 0.390137 0.201172 0.063477 0.062500
0 0.102051 0.211914 0.077148 0.068359
0 0.137207 0.291504 0.057617 0.061523
0 0.625977 0.133789 0.091797 0.080078
0 0.594727 0.173828 0.082031 0.066406
0 0.614258 0.248047 0.083984 0.095703
0 0.641113 0.340820 0.174805 0.167969
0 0.544434 0.371582 0.061523 0.057617
0 0.608887 0.415039 0.079102 0.107422
0 0.832520 0.267090 0.098633 0.073242
0 0.690430 0.209473 0.066406 0.063477
0 0.788086 0.199219 0.101562 0.083984
0 0.855957 0.162109 0.086914 0.062500
0 0.923340 0.115234 0.108398 0.048828
0 0.934570 0.382324 0.062500 0.069336
0 0.679199 0.500000 0.055664 0.156250
0 0.535156 0.600098 0.093750 0.065430
0 0.312500 0.619141 0.060547 0.068359
0 0.613770 0.681641 0.118164 0.066406
0 0.335449 0.409668 0.149414 0.208008
0 0.279297 0.432617 0.220703 0.087891
0 0.165039 0.598145 0.101562 0.065430
0 0.191406 0.645508 0.054688 0.072266
0 0.212402 0.533203 0.077148 0.048828
0 0.077148 0.635742 0.083984 0.078125
0 0.135254 0.669922 0.077148 0.074219
0 0.012695 0.579590 0.025391 0.106445
0 0.973145 0.570801 0.053711 0.086914
0 0.888672 0.541504 0.066406 0.059570
0 0.929199 0.321777 0.051758 0.045898
0 0.747070 0.968262 0.072266 0.063477
0 0.458984 0.971680 0.080078 0.054688
0 0.949219 0.937988 0.062500 0.088867
0 0.048828 0.093262 0.046875 0.057617
0 0.096680 0.681152 0.080078 0.063477
0 0.080566 0.038574 0.051758 0.055664
