0 0.320312 0.110352 0.099609 0.072266
0 0.808105 0.714844 0.092773 0.107422
0 0.706055 0.349609 0.085938 0.089844
0 0.256348 0.618652 0.102539 0.088867
0 0.943848 0.785156 0.102539 0.072266
0 0.286621 0.707520 0.088867 0.079102
0 0.696777 0.436523 0.077148 0.050781
0 0.887207 0.619629 0.098633 0.061523
0 0.100098 0.365234 0.081055 0.046875
0 0.375488 0.056152 0.084961 0.096680
0 0.144531 0.455566 0.066406 0.125977
0 0.616602 0.527002 0.055469 0.095020
0 0.362305 0.253906 0.121094 0.095703
0 0.456543 0.393555 0.094727 0.076172
0 0.049316 0.856934 0.098633 0.057617
0 0.292480 0.967285 0.100586 0.065430
0 0.520996 0.163574 0.055664 0.083008
0 0.446777 0.624023 0.073242 0.033203
0 0.775391 0.983887 0.087891 0.032227
0 0.539062 0.024902 0.039062 0.049805
0 0.272949 0.578125 0.092773 0.093750
0 0.040039 0.381348 0.080078 0.067383
0 0.595215 0.616699 0.026367 0.063477
0 0.196289 0.836914 0.130859 0.070312
0 0.982910 0.259766 0.034180 0.064453
0 0.956543 0.965820 0.069336 0.050781
0 0.047852 0.970215 0.095703 0.059570
0 0.163086 0.730957 0.154297 0.059570
0 0.906250 0.837891 0.060547 0.062500
0 0.617188 0.175293 0.121094 0.055664
0 0.987305 0.513672 0.025391 0.060547
0 0.268066 0.029297 0.067383 0.058594
0 0.911621 0.981445 0.067383 0.033203
0 0.809570 0.788086 0.111328 0.054688
0 0.751953 0.327637 0.107422 0.051758
0 0.678223 0.771484 0.063477 0.056641
0 0.497070 0.838867 0.113281 0.054688
0 0.961426 0.976074 0.059570 0.041992
0 0.586914 0.472168 0.089844 0.045898
0 0.928711 0.685547 0.056641 0.039062
0 0.536133 0.682129 0.052734 0.047852
0 0.747070 0.851074 0.089844 0.049805
0 0.156250 0.127441 0.099609 0.063477
0 0.340332 0.804199 0.043945 0.057617
0 0.104492 0.679688 0.150391 0.093750
0 0.421875 0.737793 0.076172 0.081055
0 0.625488 0.789551 0.081055 0.047852
0 0.368164 0.701660 0.134766 0.049805
0 0.924805 0.660156 0.058594 0.060547
0 0.690430 0.838379 0.080078 0.049805
