0 0.632324 0.713379 0.094727 0.127930
0 0.303711 0.317383 0.109375 0.160156
0 0.266113 0.459961 0.112305 0.121094
0 0.903320 0.939941 0.123047 0.120117
0 0.893066 0.425781 0.147461 0.107422
0 0.456543 0.567871 0.102539 0.120117
0 0.760254 0.846191 0.151367 0.124023
0 0.851074 0.594238 0.137695 0.143555
0 0.836914 0.307129 0.095703 0.155273
0 0.719727 0.963379 0.099609 0.073242
0 0.687012 0.500977 0.145508 0.162109
0 0.199219 0.133301 0.115234 0.208008
0 0.860840 0.065918 0.096680 0.127930
0 0.685547 0.320801 0.142578 0.137695
0 0.532227 0.745605 0.080078 0.092773
0 0.636719 0.054688 0.121094 0.107422
0 0.271973 0.041992 0.135742 0.080078
0 0.071777 0.928711 0.137695 0.138672
0 0.921875 0.079102 0.072266 0.119141
