0 0.404297 0.580566 0.125000 0.112305
0 0.932129 0.068359 0.135742 0.123047
0 0.924805 0.453125 0.089844 0.062500
0 0.624512 0.985840 0.079102 0.028320
0 0.215820 0.225586 0.113281 0.117188
0 0.571777 0.084473 0.200195 0.129883
0 0.359375 0.278320 0.064453 0.091797
0 0.969727 0.579590 0.060547 0.100586
0 0.191895 0.077148 0.084961 0.150391
0 0.431641 0.734863 0.169922 0.155273
0 0.779297 0.628418 0.230469 0.092773
0 0.697266 0.320801 0.179688 0.153320
0 0.509277 0.256836 0.200195 0.230469
0 0.131836 0.133301 0.080078 0.102539
0 0.349609 0.525879 0.060547 0.067383
0 0.282227 0.424316 0.230469 0.104492
0 0.735840 0.174316 0.137695 0.120117
0 0.311035 0.785645 0.247070 0.157227
0 0.806641 0.166016 0.080078 0.097656
0 0.863770 0.945312 0.147461 0.109375
0 0.106934 0.645508 0.104492 0.242188
0 0.718262 0.069336 0.131836 0.134766
0 0.643066 0.237305 0.102539 0.054688
0 0.050781 0.128418 0.097656 0.067383
0 0.396973 0.142090 0.069336 0.120117
0 0.467773 0.891113 0.146484 0.217773
0 0.252930 0.669434 0.074219 0.065430
0 0.663574 0.558594 0.067383 0.042969
0 0.055664 0.254883 0.097656 0.214844
0 0.925781 0.582031 0.091797 0.080078
0 0.648438 0.802246 0.177734 0.190430
0 0.314453 0.339355 0.134766 0.110352
0 0.111816 0.458984 0.065430 0.062500
0 0.115723 0.240723 0.112305 0.102539
0 0.089355 0.865723 0.104492 0.137695
0 0.759766 0.893555 0.105469 0.212891
0 0.352051 0.459473 0.110352 0.075195
0 0.416992 0.021973 0.095703 0.040039
0 0.214355 0.659668 0.075195 0.075195
0 0.776855 0.278320 0.100586 0.068359
0 0.498047 0.041992 0.097656 0.080078
0 0.041992 0.825684 0.080078 0.092773
0 0.046875 0.647461 0.089844 0.125000
0 0.089355 0.403320 0.041992 0.083984
0 0.586914 0.030762 0.060547 0.057617
0 0.534180 0.347168 0.214844 0.059570
0 0.481934 0.532227 0.055664 0.060547
0 0.767090 0.723145 0.135742 0.118164
0 0.710449 0.916016 0.102539 0.097656
0 0.190430 0.981445 0.132812 0.037109
0 0.307617 0.923340 0.087891 0.104492
0 0.200684 0.968262 0.073242 0.063477
