0 0.049316 0.092285 0.073242 0.079102
0 0.500488 0.641602 0.047852 0.085938
0 0.065918 0.054199 0.053711 0.083008
0 0.065430 0.851074 0.054688 0.081055
0 0.466309 0.128906 0.053711 0.078125
0 0.208008 0.064941 0.062500 0.083008
0 0.621094 0.179688 0.054688 0.087891
0 0.034180 0.296875 0.068359 0.111328
0 0.802246 0.083008 0.069336 0.078125
0 0.183594 0.842773 0.023438 0.085938
0 0.608398 0.104980 0.041016 0.084961
0 0.470703 0.363770 0.031250 0.102539
0 0.280273 0.646484 0.033203 0.076172
0 0.366699 0.959961 0.038086 0.076172
0 0.529297 0.110840 0.076172 0.084961
0 0.404297 0.362305 0.027344 0.103516
0 0.115723 0.715332 0.063477 0.075195
0 0.619629 0.601562 0.047852 0.089844
0 0.268066 0.946777 0.065430 0.049805
0 0.392578 0.744141 0.066406 0.048828
0 0.151367 0.343750 0.097656 0.062500
0 0.387695 0.442871 0.037109 0.086914
0 0.914551 0.420898 0.036133 0.085938
0 0.557617 0.069336 0.056641 0.070312
0 0.710938 0.373535 0.048828 0.065430
0 0.795898 0.616211 0.025391 0.064453
0 0.488281 0.242188 0.031250 0.072266
0 0.676758 0.661621 0.058594 0.081055
0 0.191895 0.648926 0.047852 0.071289
0 0.910645 0.908203 0.049805 0.060547
0 0.465820 0.916992 0.072266 0.095703
0 0.979980 0.592285 0.036133 0.065430
0 0.023926 0.680176 0.047852 0.059570
0 0.853516 0.652344 0.033203 0.060547
0 0.910156 0.089355 0.029297 0.096680
0 0.565430 0.379883 0.031250 0.113281
0 0.210938 0.966309 0.046875 0.063477
0 0.879395 0.629883 0.026367 0.054688
0 0.531250 0.953613 0.050781 0.059570
0 0.685547 0.741211 0.050781 0.109375
0 0.862305 0.530273 0.064453 0.035156
0 0.345703 0.278809 0.025391 0.079102
0 0.538574 0.909180 0.043945 0.037109
0 0.264160 0.024414 0.053711 0.048828
0 0.984375 0.364746 0.031250 0.055664
0 0.586426 0.301758 0.036133 0.083984
0 0.606445 0.753418 0.033203 0.051758
0 0.902832 0.750488 0.034180 0.055664
0 0.612793 0.251953 0.041992 0.068359
0 0.880371 0.716309 0.030273 0.065430
0 0.147949 0.628906 0.047852 0.046875
0 0.802734 0.796387 0.046875 0.034180
0 0.356934 0.968262 0.026367 0.063477
0 0.685059 0.939941 0.063477 0.067383
0 0.629395 0.890137 0.094727 0.127930
0 0.151367 0.584473 0.044922 0.055664
0 0.308594 0.263672 0.039062 0.064453
0 0.764648 0.911133 0.046875 0.054688
