0 0.697754 0.050781 0.088867 0.101562
0 0.500488 0.069824 0.094727 0.106445
0 0.808105 0.783691 0.100586 0.065430
0 0.444336 0.759766 0.107422 0.072266
0 0.968750 0.059570 0.037109 0.117188
0 0.804199 0.526367 0.110352 0.103516
0 0.552734 0.429688 0.130859 0.097656
0 0.562500 0.196777 0.109375 0.045898
0 0.237793 0.386230 0.122070 0.112305
0 0.865234 0.396973 0.068359 0.055664
0 0.891602 0.449219 0.066406 0.062500
0 0.040527 0.457520 0.081055 0.051758
0 0.696289 0.389648 0.062500 0.066406
0 0.735840 0.171875 0.057617 0.109375
0 0.112793 0.535156 0.172852 0.078125
0 0.565918 0.332031 0.098633 0.119141
0 0.048340 0.225586 0.096680 0.091797
0 0.627441 0.636230 0.084961 0.063477
0 0.727051 0.158203 0.118164 0.068359
0 0.505371 0.569824 0.176758 0.041992
0 0.369629 0.170898 0.051758 0.105469
0 0.103516 0.867188 0.074219 0.082031
0 0.621094 0.918457 0.082031 0.030273
0 0.598145 0.429688 0.075195 0.048828
0 0.315918 0.842285 0.116211 0.049805
0 0.641602 0.377930 0.119141 0.130859
0 0.172852 0.161621 0.056641 0.086914
0 0.812012 0.963867 0.059570 0.072266
0 0.199219 0.098145 0.107422 0.049805
0 0.293457 0.906250 0.184570 0.052734
0 0.110840 0.974609 0.086914 0.039062
0 0.033691 0.979492 0.067383 0.035156
0 0.691406 0.961914 0.078125 0.039062
0 0.925781 0.015137 0.041016 0.030273
0 0.712402 0.433594 0.098633 0.056641
0 0.243652 0.030273 0.077148 0.060547
0 0.081543 0.910156 0.088867 0.031250
0 0.953125 0.956055 0.093750 0.041016
0 0.381348 0.667480 0.094727 0.034180
0 0.585449 0.275391 0.219727 0.095703
0 0.500977 0.149414 0.304688 0.052734
0 0.763184 0.955078 0.055664 0.031250
0 0.117676 0.502441 0.122070 0.051758
0 0.626953 0.297852 0.166016 0.066406
0 0.980469 0.560059 0.037109 0.053711
