0 0.749512 0.445312 0.094727 0.089844
0 0.879395 0.783203 0.120117 0.078125
0 0.884766 0.545410 0.115234 0.102539
0 0.950195 0.699219 0.099609 0.072266
0 0.753418 0.870605 0.131836 0.083008
0 0.718262 0.565918 0.153320 0.127930
0 0.853516 0.848145 0.097656 0.083008
0 0.938477 0.608398 0.123047 0.091797
0 0.760742 0.798340 0.107422 0.083008
0 0.961914 0.912109 0.070312 0.080078
0 0.778320 0.622070 0.126953 0.099609
0 0.801758 0.655762 0.099609 0.057617
0 0.928223 0.688477 0.143555 0.068359
0 0.854004 0.060547 0.159180 0.119141
0 0.964844 0.196777 0.070312 0.094727
0 0.951172 0.070801 0.097656 0.081055
