0 0.133301 0.041992 0.088867 0.064453
0 0.763672 0.018555 0.056641 0.037109
0 0.608398 0.030762 0.103516 0.061523
0 0.337402 0.156738 0.045898 0.049805
0 0.374512 0.157227 0.137695 0.099609
0 0.201660 0.280273 0.122070 0.070312
0 0.479980 0.306152 0.100586 0.086914
0 0.580078 0.196777 0.103516 0.108398
0 0.727539 0.146484 0.062500 0.082031
0 0.755859 0.229980 0.078125 0.106445
0 0.722168 0.295410 0.057617 0.077148
0 0.960449 0.404297 0.069336 0.058594
0 0.922363 0.406250 0.055664 0.091797
0 0.981445 0.475098 0.037109 0.086914
0 0.772461 0.537109 0.085938 0.056641
0 0.687012 0.416504 0.098633 0.071289
0 0.642090 0.496094 0.061523 0.087891
0 0.599609 0.486816 0.046875 0.049805
0 0.544922 0.379395 0.087891 0.063477
0 0.509277 0.438477 0.098633 0.046875
0 0.464355 0.364258 0.079102 0.058594
0 0.315918 0.368164 0.084961 0.060547
0 0.353027 0.419922 0.083008 0.062500
0 0.199219 0.380371 0.068359 0.055664
0 0.215332 0.331055 0.069336 0.027344
0 0.145996 0.335449 0.069336 0.065430
0 0.087891 0.329102 0.074219 0.052734
0 0.048828 0.406738 0.085938 0.090820
0 0.156738 0.427246 0.104492 0.055664
0 0.278809 0.525879 0.077148 0.071289
0 0.372070 0.623535 0.083984 0.077148
0 0.057617 0.761230 0.115234 0.104492
0 0.465820 0.854980 0.185547 0.098633
0 0.726074 0.798340 0.114258 0.079102
0 0.830566 0.770996 0.081055 0.051758
0 0.959961 0.853027 0.064453 0.083008
0 0.544434 0.593262 0.079102 0.063477
0 0.812500 0.308594 0.039062 0.035156
