0 0.185059 0.681641 0.059570 0.050781
0 0.022461 0.506836 0.044922 0.070312
0 0.692383 0.324707 0.050781 0.086914
0 0.560059 0.461914 0.096680 0.050781
0 0.631348 0.097168 0.061523 0.032227
0 0.562012 0.514648 0.084961 0.048828
0 0.491211 0.219238 0.027344 0.081055
0 0.683594 0.424316 0.060547 0.081055
0 0.572754 0.888184 0.055664 0.055664
0 0.460938 0.650391 0.070312 0.078125
0 0.787598 0.070312 0.063477 0.062500
0 0.615723 0.331055 0.086914 0.111328
0 0.145508 0.028320 0.076172 0.056641
0 0.423340 0.694336 0.090820 0.064453
0 0.635254 0.666504 0.086914 0.077148
0 0.472656 0.897949 0.068359 0.110352
0 0.530273 0.960449 0.107422 0.079102
0 0.259277 0.125977 0.077148 0.076172
0 0.594727 0.174805 0.072266 0.097656
0 0.876465 0.589844 0.077148 0.128906
0 0.884766 0.057617 0.097656 0.072266
0 0.611816 0.806152 0.086914 0.133789
0 0.695801 0.714355 0.090820 0.100586
0 0.474609 0.217285 0.033203 0.083008
0 0.074219 0.135742 0.085938 0.136719
0 0.684570 0.854980 0.054688 0.088867
0 0.354492 0.763184 0.119141 0.063477
0 0.739258 0.977051 0.093750 0.045898
0 0.022461 0.940430 0.044922 0.056641
0 0.099121 0.807129 0.077148 0.071289
0 0.038086 0.792969 0.066406 0.054688
0 0.376953 0.923340 0.093750 0.073242
0 0.108887 0.391113 0.077148 0.055664
0 0.144531 0.418945 0.068359 0.066406
0 0.136719 0.303711 0.085938 0.093750
0 0.432129 0.039551 0.086914 0.053711
0 0.023438 0.896973 0.046875 0.043945
0 0.531250 0.433105 0.076172 0.036133
0 0.465820 0.329590 0.056641 0.055664
0 0.547363 0.351074 0.083008 0.079102
0 0.544434 0.228027 0.057617 0.069336
0 0.594727 0.064941 0.066406 0.041992
0 0.499512 0.127441 0.061523 0.065430
0 0.683594 0.235352 0.042969 0.029297
0 0.647949 0.531738 0.065430 0.030273
