0 0.594238 0.092285 0.084961 0.094727
0 0.745605 0.412109 0.067383 0.070312
0 0.855957 0.412109 0.077148 0.064453
0 0.574707 0.395508 0.075195 0.072266
0 0.617188 0.600098 0.091797 0.086914
0 0.855957 0.316895 0.083008 0.120117
0 0.825195 0.744141 0.078125 0.099609
0 0.874512 0.106934 0.075195 0.129883
0 0.708008 0.332031 0.072266 0.085938
0 0.791992 0.954590 0.054688 0.055664
0 0.816406 0.658203 0.085938 0.080078
0 0.862305 0.896973 0.109375 0.065430
0 0.888184 0.204102 0.069336 0.037109
0 0.800781 0.314453 0.068359 0.064453
0 0.644043 0.527344 0.081055 0.080078
