0 0.890137 0.730957 0.129883 0.127930
0 0.117188 0.320312 0.064453 0.060547
0 0.350586 0.132324 0.089844 0.071289
0 0.091309 0.922852 0.067383 0.060547
0 0.228516 0.756348 0.097656 0.081055
0 0.546875 0.648438 0.140625 0.082031
0 0.469238 0.543457 0.215820 0.139648
0 0.594727 0.405273 0.169922 0.166016
0 0.036621 0.279785 0.073242 0.108398
0 0.243164 0.181152 0.167969 0.084961
0 0.026855 0.503418 0.053711 0.100586
0 0.865234 0.909180 0.111328 0.087891
0 0.389648 0.243164 0.156250 0.119141
0 0.697266 0.970703 0.126953 0.058594
0 0.336426 0.779297 0.127930 0.070312
0 0.386230 0.979980 0.096680 0.040039
0 0.239746 0.376465 0.178711 0.084961
0 0.126953 0.765625 0.117188 0.117188
0 0.272461 0.327637 0.087891 0.057617
0 0.385254 0.745605 0.170898 0.061523
0 0.027832 0.884277 0.055664 0.075195
0 0.963867 0.912598 0.072266 0.063477
0 0.984375 0.859375 0.031250 0.041016
0 0.935059 0.933105 0.127930 0.131836
0 0.986816 0.704102 0.026367 0.087891
0 0.606445 0.777344 0.060547 0.089844
0 0.667480 0.728027 0.077148 0.059570
0 0.108887 0.968262 0.069336 0.063477
0 0.111328 0.271484 0.072266 0.060547
