0 0.020020 0.965820 0.040039 0.068359
0 0.179199 0.897949 0.084961 0.069336
0 0.343262 0.983887 0.079102 0.032227
0 0.371582 0.929688 0.098633 0.125000
0 0.311035 0.844238 0.069336 0.086914
0 0.386719 0.811523 0.095703 0.068359
0 0.495605 0.971680 0.084961 0.056641
0 0.599121 0.946289 0.065430 0.097656
0 0.537109 0.893066 0.082031 0.065430
0 0.643066 0.916504 0.051758 0.055664
0 0.977051 0.833984 0.045898 0.060547
0 0.696777 0.887695 0.059570 0.062500
0 0.720703 0.816406 0.068359 0.083984
0 0.700195 0.761719 0.085938 0.078125
0 0.750977 0.743164 0.066406 0.085938
0 0.786621 0.912598 0.086914 0.077148
0 0.932129 0.957520 0.084961 0.083008
0 0.929199 0.897461 0.137695 0.062500
0 0.937012 0.837891 0.098633 0.089844
0 0.878418 0.770020 0.139648 0.081055
0 0.859375 0.674805 0.064453 0.058594
0 0.865723 0.621582 0.079102 0.071289
0 0.916992 0.619141 0.056641 0.062500
0 0.572754 0.631836 0.057617 0.062500
0 0.395996 0.558594 0.098633 0.060547
0 0.475098 0.521973 0.083008 0.067383
0 0.439941 0.448730 0.061523 0.094727
0 0.278320 0.485352 0.068359 0.089844
0 0.042480 0.550293 0.084961 0.047852
0 0.106445 0.586426 0.089844 0.071289
0 0.151367 0.536133 0.064453 0.062500
0 0.186035 0.563965 0.092773 0.061523
0 0.244629 0.249512 0.116211 0.149414
0 0.323730 0.227051 0.079102 0.063477
0 0.205566 0.337402 0.075195 0.065430
0 0.186035 0.373535 0.096680 0.071289
0 0.352051 0.015137 0.086914 0.030273
0 0.399414 0.043457 0.099609 0.086914
0 0.427734 0.017090 0.091797 0.034180
0 0.447754 0.060547 0.098633 0.054688
0 0.481934 0.021484 0.083008 0.042969
0 0.455566 0.138184 0.075195 0.094727
0 0.498047 0.149902 0.048828 0.061523
0 0.575195 0.117676 0.076172 0.081055
0 0.507324 0.277344 0.069336 0.058594
0 0.532715 0.350586 0.092773 0.095703
0 0.513184 0.433594 0.047852 0.060547
0 0.668457 0.397461 0.055664 0.056641
0 0.715820 0.479980 0.085938 0.061523
0 0.817871 0.491211 0.067383 0.056641
0 0.831543 0.354004 0.075195 0.057617
0 0.816895 0.312988 0.053711 0.041992
0 0.905273 0.502930 0.085938 0.058594
0 0.905273 0.251953 0.062500 0.060547
0 0.966309 0.189941 0.059570 0.065430
0 0.870605 0.154297 0.075195 0.052734
0 0.704590 0.114258 0.073242 0.054688
0 0.740234 0.077637 0.042969 0.045898
0 0.691406 0.036133 0.062500 0.072266
0 0.769043 0.039551 0.057617 0.057617
0 0.811035 0.095215 0.069336 0.063477
0 0.893066 0.041992 0.065430 0.070312
0 0.955566 0.459473 0.073242 0.071289
0 0.988770 0.074219 0.022461 0.050781
0 0.952637 0.325684 0.051758 0.057617
0 0.269531 0.973145 0.058594 0.053711
0 0.956543 0.992676 0.038086 0.014648
0 0.720703 0.983398 0.029297 0.033203
0 0.697754 0.983887 0.034180 0.032227
0 0.678711 0.981934 0.033203 0.036133
0 0.841309 0.993164 0.047852 0.013672
0 0.817383 0.985840 0.058594 0.028320
0 0.825195 0.970703 0.042969 0.025391
0 0.011719 0.333008 0.023438 0.072266
