0 0.918457 0.146973 0.086914 0.075195
0 0.872070 0.689453 0.095703 0.125000
0 0.725586 0.125488 0.103516 0.092773
0 0.227539 0.327148 0.085938 0.099609
0 0.929688 0.241211 0.070312 0.078125
0 0.661133 0.862793 0.097656 0.098633
0 0.910645 0.937988 0.118164 0.102539
0 0.561035 0.651367 0.106445 0.121094
0 0.698242 0.255859 0.082031 0.107422
0 0.809570 0.497070 0.095703 0.150391
0 0.743164 0.911621 0.078125 0.129883
0 0.658691 0.580078 0.114258 0.099609
0 0.149414 0.937500 0.087891 0.099609
0 0.705566 0.404297 0.092773 0.105469
0 0.700195 0.701172 0.087891 0.136719
0 0.151855 0.123047 0.129883 0.087891
0 0.101074 0.666992 0.092773 0.105469
0 0.058594 0.827148 0.107422 0.189453
0 0.077148 0.393555 0.095703 0.117188
0 0.034668 0.103027 0.065430 0.092773
0 0.038086 0.190430 0.072266 0.062500
0 0.058594 0.260742 0.062500 0.052734
0 0.174316 0.241699 0.059570 0.094727
0 0.802246 0.933105 0.075195 0.112305
0 0.039551 0.968750 0.075195 0.062500
