0 0.031738 0.088867 0.063477 0.076172
0 0.556641 0.057129 0.089844 0.084961
0 0.847168 0.062012 0.112305 0.075195
0 0.658203 0.658203 0.097656 0.082031
0 0.794434 0.172363 0.100586 0.075195
0 0.833008 0.363281 0.097656 0.097656
0 0.665527 0.395020 0.108398 0.092773
0 0.910645 0.304199 0.102539 0.094727
0 0.952148 0.470703 0.089844 0.078125
0 0.753906 0.025879 0.107422 0.051758
0 0.774902 0.508301 0.129883 0.122070
0 0.359863 0.859375 0.057617 0.125000
0 0.626465 0.291016 0.069336 0.066406
0 0.574707 0.595215 0.077148 0.084961
