0 0.694336 0.543457 0.115234 0.137695
0 0.036133 0.959961 0.072266 0.080078
0 0.667969 0.195312 0.115234 0.132812
0 0.678223 0.832031 0.122070 0.125000
0 0.869629 0.389160 0.147461 0.104492
0 0.243164 0.977051 0.117188 0.045898
0 0.735840 0.277344 0.112305 0.101562
0 0.027344 0.619629 0.054688 0.165039
0 0.328125 0.873535 0.087891 0.075195
0 0.345703 0.613281 0.152344 0.117188
0 0.312012 0.069336 0.104492 0.115234
0 0.633301 0.656738 0.108398 0.094727
0 0.855957 0.910156 0.098633 0.082031
0 0.706055 0.092285 0.132812 0.110352
0 0.954590 0.764648 0.090820 0.134766
0 0.327148 0.521484 0.117188 0.142578
0 0.798340 0.074707 0.118164 0.110352
0 0.960938 0.179688 0.078125 0.091797
0 0.967285 0.038574 0.065430 0.073242
0 0.293457 0.433105 0.096680 0.084961
0 0.695312 0.038086 0.078125 0.070312
