0 0.234863 0.544434 0.043945 0.040039
0 0.050781 0.973633 0.058594 0.025391
0 0.641602 0.590820 0.062500 0.044922
0 0.157715 0.819336 0.127930 0.087891
0 0.768066 0.544434 0.079102 0.069336
0 0.406738 0.354980 0.053711 0.049805
0 0.760254 0.946289 0.114258 0.107422
0 0.585449 0.097168 0.120117 0.045898
0 0.575195 0.752930 0.101562 0.066406
0 0.322754 0.334473 0.083008 0.081055
0 0.968262 0.223633 0.063477 0.062500
0 0.480957 0.966797 0.057617 0.066406
0 0.130859 0.666504 0.078125 0.041992
0 0.806641 0.096680 0.078125 0.060547
0 0.512695 0.254883 0.048828 0.056641
0 0.076660 0.706543 0.083008 0.069336
0 0.942871 0.643066 0.049805 0.063477
0 0.391113 0.049805 0.092773 0.068359
0 0.291504 0.633301 0.106445 0.055664
0 0.683105 0.413086 0.061523 0.056641
0 0.661621 0.464355 0.063477 0.061523
0 0.127930 0.585449 0.054688 0.036133
0 0.833984 0.947266 0.058594 0.044922
0 0.268555 0.570801 0.037109 0.081055
0 0.825195 0.375488 0.074219 0.073242
0 0.167480 0.055176 0.139648 0.079102
0 0.224609 0.284180 0.115234 0.068359
0 0.464844 0.844238 0.099609 0.108398
0 0.467285 0.138672 0.065430 0.048828
0 0.018555 0.726074 0.037109 0.034180
0 0.379883 0.555664 0.056641 0.039062
0 0.323242 0.055664 0.080078 0.044922
0 0.943848 0.034668 0.102539 0.057617
0 0.030273 0.703125 0.035156 0.031250
0 0.560547 0.058594 0.115234 0.054688
0 0.035156 0.960449 0.070312 0.040039
0 0.012695 0.421875 0.023438 0.078125
0 0.551758 0.666992 0.062500 0.039062
0 0.678711 0.961914 0.056641 0.074219
0 0.635742 0.527832 0.064453 0.045898
0 0.596680 0.966309 0.058594 0.045898
0 0.962402 0.132324 0.075195 0.077148
0 0.759766 0.193359 0.056641 0.058594
0 0.704590 0.925293 0.057617 0.043945
0 0.176270 0.124023 0.057617 0.035156
0 0.127441 0.618164 0.116211 0.050781
0 0.754883 0.660156 0.064453 0.052734
0 0.655762 0.654785 0.086914 0.055664
0 0.061523 0.917480 0.085938 0.053711
0 0.635742 0.562012 0.054688 0.040039
0 0.077148 0.035156 0.062500 0.066406
0 0.560059 0.369141 0.057617 0.050781
0 0.750977 0.052734 0.082031 0.099609
0 0.908691 0.954102 0.092773 0.080078
