0 0.248047 0.832031 0.132812 0.080078
0 0.612305 0.420898 0.150391 0.087891
0 0.679688 0.882324 0.140625 0.092773
0 0.679688 0.514648 0.125000 0.080078
0 0.124512 0.791992 0.110352 0.070312
0 0.073242 0.646973 0.097656 0.069336
0 0.238281 0.582031 0.136719 0.064453
0 0.848633 0.688477 0.197266 0.087891
0 0.784668 0.561035 0.129883 0.067383
0 0.320801 0.464355 0.112305 0.065430
0 0.066895 0.287109 0.084961 0.109375
0 0.029785 0.924316 0.059570 0.065430
0 0.357422 0.231934 0.160156 0.075195
0 0.174316 0.703125 0.184570 0.078125
0 0.884277 0.382324 0.165039 0.084961
0 0.020996 0.373047 0.041992 0.082031
0 0.313477 0.104492 0.162109 0.140625
0 0.103516 0.510742 0.062500 0.056641
0 0.408203 0.392090 0.203125 0.075195
0 0.575684 0.356934 0.157227 0.065430
0 0.870605 0.983398 0.083008 0.033203
0 0.358398 0.868164 0.158203 0.171875
0 0.574707 0.929688 0.120117 0.070312
0 0.033691 0.155762 0.067383 0.137695
0 0.810547 0.142090 0.152344 0.139648
0 0.661133 0.226562 0.150391 0.070312
0 0.556152 0.968750 0.147461 0.062500
0 0.289551 0.040527 0.129883 0.047852
0 0.845703 0.937012 0.187500 0.069336
0 0.371094 0.957031 0.132812 0.085938
0 0.639648 0.283203 0.125000 0.052734
0 0.932129 0.960938 0.084961 0.072266
0 0.442383 0.139648 0.125000 0.089844
0 0.531738 0.192383 0.219727 0.080078
0 0.425781 0.034668 0.082031 0.059570
0 0.712402 0.106934 0.200195 0.100586
0 0.030762 0.846680 0.006836 0.078125
0 0.400879 0.307129 0.176758 0.075195
0 0.574707 0.103516 0.165039 0.107422
0 0.580566 0.137207 0.172852 0.075195
0 0.959473 0.082031 0.075195 0.080078
0 0.399902 0.967285 0.084961 0.065430
0 0.319824 0.017090 0.094727 0.030273
0 0.521973 0.300781 0.139648 0.082031
0 0.679688 0.425781 0.054688 0.052734
0 0.330566 0.484375 0.137695 0.070312
0 0.982422 0.478027 0.035156 0.047852
0 0.968750 0.583008 0.062500 0.062500
0 0.059082 0.016113 0.086914 0.030273
0 0.037109 0.210938 0.070312 0.072266
0 0.874512 0.931152 0.129883 0.102539
