0 0.641602 0.477539 0.076172 0.093750
0 0.698730 0.482910 0.057617 0.079102
0 0.349609 0.937988 0.083984 0.069336
0 0.102539 0.160156 0.076172 0.083984
0 0.290527 0.295898 0.073242 0.068359
0 0.478027 0.371582 0.112305 0.055664
0 0.274902 0.522461 0.092773 0.050781
0 0.716309 0.270996 0.086914 0.059570
0 0.449219 0.303711 0.070312 0.064453
0 0.486816 0.240234 0.065430 0.070312
0 0.850098 0.250977 0.059570 0.076172
0 0.017578 0.883789 0.035156 0.044922
0 0.048340 0.532715 0.059570 0.069336
0 0.299805 0.203125 0.076172 0.091797
0 0.450195 0.613770 0.074219 0.081055
0 0.007324 0.510254 0.014648 0.055664
0 0.951172 0.184082 0.062500 0.081055
0 0.920898 0.205566 0.044922 0.071289
0 0.176270 0.605469 0.086914 0.068359
0 0.070801 0.022949 0.086914 0.045898
0 0.535645 0.224609 0.061523 0.066406
0 0.011230 0.067383 0.022461 0.042969
0 0.033691 0.343262 0.067383 0.043945
0 0.649414 0.032227 0.070312 0.039062
0 0.810059 0.027344 0.092773 0.054688
0 0.799316 0.564941 0.040039 0.083008
0 0.729004 0.204590 0.063477 0.053711
0 0.219727 0.063477 0.072266 0.048828
0 0.658203 0.091797 0.058594 0.054688
0 0.435547 0.651855 0.066406 0.047852
0 0.876953 0.502930 0.029297 0.083984
0 0.521484 0.870605 0.039062 0.079102
0 0.416016 0.551758 0.103516 0.064453
0 0.866211 0.695801 0.130859 0.049805
0 0.749512 0.136719 0.057617 0.064453
0 0.967285 0.376953 0.055664 0.031250
0 0.521973 0.563477 0.069336 0.027344
0 0.970215 0.830078 0.055664 0.037109
0 0.180664 0.165527 0.052734 0.038086
0 0.089355 0.219727 0.110352 0.044922
0 0.656250 0.639648 0.054688 0.056641
0 0.180176 0.138184 0.063477 0.030273
0 0.029785 0.645508 0.059570 0.031250
0 0.607422 0.254395 0.042969 0.032227
0 0.703125 0.352539 0.058594 0.033203
0 0.925293 0.322754 0.049805 0.020508
0 0.114258 0.574219 0.050781 0.048828
0 0.980957 0.906250 0.038086 0.035156
0 0.015625 0.384277 0.031250 0.020508
0 0.804199 0.775391 0.084961 0.033203
0 0.609375 0.648926 0.054688 0.032227
0 0.811523 0.235840 0.060547 0.065430
0 0.149902 0.108398 0.057617 0.029297
0 0.907715 0.638672 0.045898 0.035156
0 0.038086 0.205078 0.072266 0.089844
0 0.370117 0.273926 0.130859 0.077148
0 0.883301 0.665527 0.055664 0.034180
0 0.553223 0.639648 0.075195 0.033203
0 0.061035 0.676270 0.086914 0.038086
