0 0.609863 0.453613 0.084961 0.057617
0 0.575684 0.923340 0.102539 0.057617
0 0.672363 0.064453 0.075195 0.074219
0 0.633301 0.366211 0.086914 0.107422
0 0.619629 0.252930 0.174805 0.091797
0 0.872070 0.189453 0.060547 0.060547
0 0.515625 0.508301 0.072266 0.067383
0 0.166016 0.739746 0.072266 0.049805
0 0.465820 0.748535 0.062500 0.067383
0 0.771973 0.114258 0.065430 0.070312
0 0.178711 0.552246 0.062500 0.059570
0 0.895996 0.268555 0.166992 0.097656
0 0.365723 0.368164 0.096680 0.091797
0 0.143066 0.857910 0.112305 0.102539
0 0.236816 0.458496 0.059570 0.102539
0 0.214844 0.985840 0.070312 0.028320
0 0.414551 0.300781 0.055664 0.046875
0 0.297852 0.277344 0.060547 0.072266
0 0.284668 0.343262 0.075195 0.073242
0 0.235840 0.242188 0.073242 0.060547
0 0.172363 0.953125 0.084961 0.062500
0 0.785645 0.791992 0.077148 0.080078
0 0.643066 0.618164 0.047852 0.062500
0 0.316895 0.538574 0.110352 0.047852
0 0.221191 0.889160 0.057617 0.075195
0 0.820801 0.374512 0.067383 0.065430
0 0.971191 0.057129 0.057617 0.084961
0 0.072266 0.964844 0.134766 0.070312
0 0.799316 0.325684 0.065430 0.073242
0 0.376953 0.768555 0.070312 0.052734
0 0.659180 0.565430 0.044922 0.062500
0 0.869629 0.888184 0.104492 0.092773
0 0.961914 0.914551 0.070312 0.059570
0 0.655762 0.961914 0.047852 0.064453
0 0.444336 0.580566 0.054688 0.057617
0 0.855469 0.952148 0.062500 0.070312
0 0.213379 0.062012 0.122070 0.059570
0 0.281738 0.873047 0.102539 0.072266
0 0.520508 0.720703 0.097656 0.082031
0 0.639648 0.792969 0.089844 0.152344
0 0.344727 0.143555 0.070312 0.052734
0 0.593750 0.115723 0.052734 0.075195
0 0.461914 0.133301 0.234375 0.141602
0 0.919434 0.427246 0.055664 0.049805
0 0.777832 0.647949 0.147461 0.092773
0 0.976074 0.633301 0.047852 0.096680
0 0.345703 0.248047 0.072266 0.082031
0 0.904297 0.629395 0.070312 0.049805
0 0.087402 0.330566 0.075195 0.057617
0 0.773438 0.558105 0.107422 0.047852
0 0.279785 0.629395 0.065430 0.075195
0 0.763184 0.235840 0.083008 0.086914
0 0.045410 0.440430 0.067383 0.107422
0 0.068359 0.094727 0.113281 0.150391
0 0.702148 0.803223 0.070312 0.083008
0 0.159668 0.307129 0.100586 0.184570
0 0.954590 0.220703 0.049805 0.091797
0 0.493164 0.406738 0.052734 0.075195
0 0.856934 0.049805 0.055664 0.070312
0 0.833008 0.793457 0.087891 0.047852
0 0.170898 0.469238 0.037109 0.049805
0 0.780762 0.719238 0.067383 0.075195
0 0.313477 0.644531 0.082031 0.064453
0 0.655762 0.861816 0.077148 0.065430
0 0.709473 0.324219 0.040039 0.054688
0 0.040527 0.880859 0.077148 0.082031
0 0.514648 0.651855 0.060547 0.049805
0 0.628418 0.025879 0.067383 0.047852
0 0.934570 0.162109 0.060547 0.074219
0 0.075684 0.018066 0.073242 0.032227
0 0.564941 0.045410 0.041992 0.067383
0 0.787598 0.468262 0.041992 0.041992
0 0.026367 0.039062 0.052734 0.078125
0 0.449219 0.157227 0.142578 0.224609
0 0.548340 0.199219 0.040039 0.105469
0 0.746582 0.139160 0.040039 0.040039
0 0.050781 0.330566 0.091797 0.047852
0 0.261719 0.526855 0.080078 0.049805
0 0.727051 0.638184 0.084961 0.272461
0 0.517090 0.504883 0.030273 0.080078
0 0.595703 0.035645 0.052734 0.067383
0 0.503418 0.025879 0.086914 0.047852
0 0.723145 0.042969 0.047852 0.072266
0 0.423340 0.216797 0.083008 0.070312
0 0.726074 0.854492 0.057617 0.070312
