0 0.825195 0.117188 0.060547 0.056641
0 0.947754 0.138672 0.055664 0.042969
0 0.884277 0.162109 0.043945 0.041016
0 0.540527 0.039062 0.051758 0.058594
0 0.675293 0.238770 0.092773 0.038086
0 0.742676 0.196289 0.034180 0.052734
0 0.626465 0.142090 0.094727 0.047852
0 0.598633 0.167969 0.062500 0.052734
0 0.523438 0.167480 0.072266 0.047852
0 0.521484 0.208984 0.050781 0.050781
0 0.399902 0.088379 0.081055 0.036133
0 0.388184 0.120117 0.114258 0.033203
0 0.271484 0.190918 0.134766 0.040039
0 0.265137 0.156738 0.053711 0.053711
0 0.039551 0.118164 0.079102 0.046875
0 0.034668 0.199707 0.069336 0.059570
0 0.313965 0.536133 0.090820 0.064453
0 0.140137 0.276855 0.100586 0.053711
0 0.184082 0.284180 0.063477 0.046875
0 0.214355 0.262695 0.090820 0.050781
0 0.334473 0.298340 0.063477 0.083008
0 0.375488 0.318848 0.067383 0.088867
0 0.550781 0.235352 0.052734 0.080078
0 0.718750 0.380859 0.107422 0.050781
0 0.840332 0.338379 0.112305 0.047852
0 0.791016 0.315918 0.044922 0.030273
0 0.872559 0.367188 0.043945 0.066406
0 0.928223 0.372559 0.112305 0.077148
0 0.914062 0.254883 0.085938 0.087891
0 0.851074 0.899414 0.055664 0.048828
0 0.904297 0.724609 0.042969 0.054688
0 0.792480 0.625977 0.077148 0.050781
0 0.711426 0.684082 0.053711 0.041992
0 0.676758 0.755859 0.068359 0.070312
0 0.694824 0.842773 0.102539 0.074219
0 0.666992 0.848633 0.044922 0.070312
0 0.626465 0.825195 0.051758 0.066406
0 0.597168 0.947754 0.077148 0.100586
0 0.512695 0.735840 0.062500 0.057617
0 0.572754 0.773926 0.047852 0.073242
0 0.300781 0.761719 0.109375 0.046875
0 0.318848 0.871582 0.081055 0.036133
0 0.276367 0.954590 0.097656 0.090820
0 0.262207 0.898926 0.059570 0.112305
0 0.101074 0.677246 0.090820 0.051758
