0 0.012695 0.654297 0.025391 0.144531
0 0.027344 0.534668 0.054688 0.075195
0 0.192383 0.853516 0.076172 0.203125
0 0.052734 0.751465 0.087891 0.145508
0 0.271484 0.729980 0.091797 0.118164
0 0.470703 0.928223 0.046875 0.061523
0 0.554688 0.867188 0.121094 0.087891
0 0.636719 0.896484 0.083984 0.062500
0 0.706055 0.935059 0.068359 0.129883
0 0.481934 0.971191 0.051758 0.057617
0 0.534668 0.748535 0.063477 0.067383
0 0.642578 0.763672 0.058594 0.078125
0 0.485352 0.425781 0.136719 0.250000
0 0.611816 0.545898 0.176758 0.183594
0 0.354980 0.296387 0.069336 0.077148
0 0.277344 0.347656 0.062500 0.300781
0 0.328125 0.470215 0.068359 0.256836
0 0.260254 0.555176 0.081055 0.102539
0 0.125488 0.480957 0.075195 0.268555
0 0.074707 0.599121 0.073242 0.081055
0 0.210938 0.388184 0.068359 0.155273
0 0.060547 0.471680 0.060547 0.091797
0 0.565918 0.227051 0.084961 0.100586
0 0.712891 0.266602 0.056641 0.154297
0 0.256348 0.089355 0.094727 0.178711
0 0.129883 0.045898 0.099609 0.091797
0 0.018066 0.065430 0.036133 0.111328
0 0.185059 0.012207 0.061523 0.024414
0 0.831543 0.240234 0.149414 0.121094
0 0.938477 0.197754 0.123047 0.083008
0 0.971191 0.296387 0.057617 0.088867
0 0.765625 0.403320 0.166016 0.136719
0 0.874023 0.504883 0.101562 0.074219
0 0.776367 0.613281 0.121094 0.132812
0 0.930664 0.702148 0.130859 0.119141
0 0.805664 0.846191 0.197266 0.092773
0 0.823242 0.909668 0.111328 0.092773
0 0.614258 0.976074 0.054688 0.047852
0 0.748047 0.975098 0.048828 0.049805
