0 0.329590 0.118164 0.084961 0.117188
0 0.687012 0.377930 0.114258 0.097656
0 0.853027 0.367188 0.090820 0.125000
0 0.511719 0.044922 0.080078 0.089844
0 0.087891 0.054688 0.152344 0.109375
0 0.143555 0.607910 0.117188 0.073242
0 0.639648 0.782227 0.134766 0.089844
0 0.539551 0.790527 0.090820 0.102539
0 0.514648 0.912109 0.109375 0.109375
0 0.440918 0.745605 0.084961 0.096680
0 0.804688 0.774414 0.089844 0.080078
0 0.976074 0.391113 0.047852 0.067383
0 0.338379 0.852051 0.073242 0.069336
0 0.469238 0.130859 0.075195 0.072266
0 0.873047 0.811523 0.076172 0.046875
