0 0.048340 0.835938 0.096680 0.117188
0 0.110840 0.389160 0.092773 0.075195
0 0.064941 0.278320 0.084961 0.072266
0 0.233398 0.074707 0.167969 0.094727
0 0.000977 0.903320 0.001953 0.126953
0 0.060059 0.664062 0.120117 0.066406
0 0.000977 0.542969 0.001953 0.072266
0 0.074707 0.473145 0.120117 0.118164
0 0.733398 0.815918 0.087891 0.067383
0 0.007324 0.000977 0.014648 0.001953
0 0.042969 0.168457 0.085938 0.059570
0 0.811035 0.596191 0.102539 0.057617
0 0.054199 0.115723 0.104492 0.051758
0 0.017090 0.037109 0.034180 0.074219
0 0.095703 0.034180 0.123047 0.068359
0 0.112793 0.115723 0.102539 0.161133
0 0.155273 0.172363 0.136719 0.059570
0 0.020508 0.484863 0.041016 0.067383
0 0.094238 0.719727 0.129883 0.080078
0 0.065918 0.787109 0.100586 0.062500
0 0.962891 0.193359 0.074219 0.062500
0 0.952148 0.243164 0.089844 0.042969
0 0.969727 0.312012 0.060547 0.059570
