0 0.171387 0.235352 0.083008 0.121094
0 0.232422 0.092773 0.068359 0.074219
0 0.144531 0.073242 0.083984 0.087891
0 0.371582 0.035156 0.114258 0.068359
0 0.395508 0.349609 0.097656 0.087891
0 0.645508 0.158691 0.076172 0.073242
0 0.485840 0.083496 0.096680 0.102539
0 0.598633 0.024414 0.128906 0.048828
0 0.136230 0.485352 0.075195 0.076172
0 0.302734 0.358398 0.076172 0.072266
0 0.320801 0.437500 0.081055 0.068359
0 0.737305 0.470215 0.080078 0.100586
0 0.722656 0.381348 0.068359 0.069336
0 0.723145 0.305664 0.071289 0.068359
0 0.333496 0.601562 0.081055 0.082031
0 0.484863 0.608887 0.077148 0.075195
0 0.098633 0.726074 0.085938 0.090820
0 0.090332 0.847656 0.077148 0.080078
0 0.542969 0.904785 0.105469 0.069336
0 0.453125 0.760254 0.095703 0.065430
0 0.578125 0.684570 0.074219 0.068359
0 0.665039 0.651367 0.074219 0.076172
0 0.669434 0.588867 0.059570 0.062500
0 0.566406 0.530273 0.068359 0.074219
0 0.641602 0.506348 0.074219 0.071289
0 0.791016 0.608398 0.074219 0.078125
0 0.748047 0.676758 0.089844 0.115234
0 0.865234 0.506836 0.080078 0.083984
0 0.780762 0.529785 0.053711 0.061523
0 0.938477 0.584473 0.123047 0.067383
0 0.974121 0.517578 0.051758 0.074219
0 0.666504 0.974609 0.077148 0.050781
0 0.770996 0.984375 0.077148 0.031250
0 0.866699 0.980469 0.069336 0.039062
0 0.573730 0.789062 0.083008 0.099609
0 0.979004 0.286621 0.041992 0.102539
0 0.781250 0.210938 0.076172 0.117188
0 0.899414 0.168945 0.066406 0.064453
0 0.961914 0.931641 0.072266 0.062500
0 0.393066 0.401855 0.077148 0.079102
0 0.271973 0.030273 0.077148 0.058594
0 0.280273 0.747559 0.119141 0.071289
0 0.223633 0.593262 0.089844 0.061523
0 0.955078 0.417480 0.089844 0.079102
0 0.534668 0.261230 0.059570 0.104492
0 0.035645 0.029297 0.069336 0.058594
0 0.180176 0.457520 0.071289 0.057617
0 0.198242 0.772949 0.068359 0.069336
0 0.629883 0.946289 0.050781 0.056641
0 0.874512 0.387695 0.049805 0.064453
0 0.119629 0.017090 0.116211 0.034180
0 0.021484 0.656738 0.042969 0.067383
0 0.343750 0.991211 0.082031 0.015625
0 0.834473 0.966797 0.055664 0.048828
0 0.560059 0.952148 0.047852 0.048828
0 0.258301 0.712891 0.057617 0.044922
0 0.444824 0.845703 0.041992 0.060547
