0 0.019043 0.363281 0.038086 0.128906
0 0.106934 0.265137 0.090820 0.094727
0 0.165527 0.352539 0.122070 0.087891
0 0.286133 0.227051 0.148438 0.086914
0 0.196289 0.467285 0.072266 0.071289
0 0.268555 0.460938 0.074219 0.080078
0 0.053223 0.666016 0.065430 0.066406
0 0.122559 0.695801 0.083008 0.073242
0 0.175293 0.625000 0.081055 0.072266
0 0.036133 0.977539 0.072266 0.044922
0 0.144531 0.901855 0.076172 0.069336
0 0.367188 0.892090 0.082031 0.086914
0 0.296875 0.828613 0.083984 0.069336
0 0.250000 0.860352 0.087891 0.050781
0 0.359375 0.722168 0.095703 0.075195
0 0.373047 0.781738 0.072266 0.065430
0 0.580566 0.849121 0.086914 0.081055
0 0.545898 0.794922 0.062500 0.089844
0 0.573242 0.736328 0.070312 0.060547
0 0.657227 0.742676 0.101562 0.069336
0 0.670898 0.820801 0.062500 0.071289
0 0.727051 0.828613 0.069336 0.063477
0 0.447754 0.660645 0.084961 0.073242
0 0.350098 0.563477 0.094727 0.080078
0 0.415039 0.513672 0.080078 0.076172
0 0.562988 0.648438 0.081055 0.064453
0 0.480957 0.446777 0.065430 0.069336
0 0.564941 0.409668 0.131836 0.086914
0 0.625000 0.356934 0.082031 0.084961
0 0.635742 0.308105 0.078125 0.090820
0 0.420410 0.224609 0.073242 0.068359
0 0.397461 0.164062 0.089844 0.062500
0 0.416016 0.031250 0.126953 0.062500
0 0.644531 0.067383 0.097656 0.128906
0 0.803711 0.128418 0.078125 0.067383
0 0.806152 0.328613 0.065430 0.065430
0 0.959473 0.114746 0.081055 0.057617
0 0.964844 0.557617 0.070312 0.080078
0 0.849121 0.548340 0.081055 0.073242
0 0.795898 0.595215 0.132812 0.069336
0 0.717285 0.647461 0.073242 0.054688
0 0.777344 0.676758 0.066406 0.064453
0 0.897949 0.779785 0.088867 0.065430
0 0.933594 0.828125 0.072266 0.062500
0 0.871094 0.964355 0.068359 0.071289
0 0.821777 0.182617 0.086914 0.072266
0 0.641602 0.474609 0.068359 0.070312
0 0.779785 0.292480 0.100586 0.081055
0 0.752930 0.737793 0.062500 0.067383
0 0.388184 0.653809 0.075195 0.053711
0 0.616699 0.417969 0.071289 0.111328
0 0.989258 0.948730 0.021484 0.059570
