0 0.286621 0.186035 0.086914 0.088867
0 0.384766 0.064941 0.093750 0.088867
0 0.058594 0.170410 0.113281 0.100586
0 0.156250 0.252441 0.101562 0.079102
0 0.126465 0.366699 0.131836 0.077148
0 0.477051 0.367676 0.086914 0.090820
0 0.601074 0.386230 0.065430 0.069336
0 0.779297 0.236328 0.113281 0.158203
0 0.876465 0.346680 0.096680 0.160156
0 0.978516 0.019043 0.042969 0.038086
0 0.993164 0.370605 0.013672 0.092773
0 0.923340 0.468750 0.079102 0.080078
0 0.823730 0.546875 0.086914 0.085938
0 0.703125 0.525391 0.111328 0.089844
0 0.498535 0.489746 0.086914 0.088867
0 0.184082 0.550781 0.069336 0.101562
0 0.044922 0.736328 0.085938 0.091797
0 0.153320 0.800781 0.083984 0.097656
0 0.319824 0.657227 0.086914 0.083984
0 0.544434 0.816895 0.098633 0.073242
0 0.457520 0.964355 0.053711 0.051758
0 0.684082 0.927246 0.112305 0.096680
0 0.802246 0.869629 0.086914 0.063477
0 0.815918 0.786621 0.083008 0.086914
0 0.904297 0.783691 0.078125 0.081055
0 0.987305 0.927246 0.025391 0.079102
0 0.951660 0.939941 0.061523 0.073242
0 0.863770 0.942871 0.071289 0.067383
0 0.602051 0.678711 0.104492 0.136719
0 0.020996 0.301758 0.041992 0.072266
0 0.193848 0.016113 0.067383 0.032227
0 0.287109 0.561523 0.156250 0.097656
0 0.235352 0.690918 0.089844 0.069336
0 0.607422 0.915527 0.082031 0.104492
