0 0.528320 0.718262 0.117188 0.086914
0 0.186035 0.050293 0.102539 0.067383
0 0.709473 0.538086 0.129883 0.072266
0 0.199707 0.199219 0.100586 0.089844
0 0.848145 0.329590 0.131836 0.069336
0 0.509766 0.114746 0.115234 0.075195
0 0.301758 0.849609 0.080078 0.064453
0 0.747070 0.912109 0.134766 0.080078
0 0.888184 0.098145 0.147461 0.057617
0 0.335449 0.242188 0.112305 0.070312
0 0.622070 0.589355 0.095703 0.059570
0 0.852051 0.768066 0.135742 0.077148
0 0.098633 0.198242 0.072266 0.062500
0 0.708008 0.846191 0.097656 0.067383
0 0.895508 0.153320 0.117188 0.046875
0 0.795898 0.267090 0.062500 0.055664
0 0.709473 0.081055 0.145508 0.072266
0 0.242188 0.940918 0.080078 0.077148
0 0.629395 0.463379 0.069336 0.067383
0 0.860840 0.024414 0.086914 0.044922
0 0.578125 0.305664 0.072266 0.052734
0 0.745605 0.389160 0.208008 0.143555
0 0.750977 0.703125 0.097656 0.072266
0 0.493164 0.875977 0.062500 0.087891
0 0.045898 0.546875 0.091797 0.064453
0 0.505859 0.515625 0.078125 0.078125
0 0.195801 0.845703 0.057617 0.052734
0 0.205566 0.656250 0.067383 0.062500
0 0.559570 0.479492 0.054688 0.089844
0 0.608398 0.012207 0.097656 0.024414
0 0.664551 0.669922 0.100586 0.089844
0 0.118652 0.863281 0.067383 0.072266
0 0.063477 0.880859 0.072266 0.062500
0 0.509766 0.323242 0.070312 0.056641
0 0.002441 0.742188 0.004883 0.060547
0 0.459473 0.070801 0.075195 0.051758
0 0.500488 0.583008 0.067383 0.062500
0 0.395508 0.034668 0.132812 0.069336
0 0.179199 0.138184 0.084961 0.047852
0 0.620605 0.828125 0.102539 0.052734
0 0.089355 0.459473 0.094727 0.075195
0 0.168457 0.435547 0.127930 0.107422
0 0.174805 0.363281 0.054688 0.072266
0 0.123535 0.127930 0.057617 0.062500
0 0.795410 0.036621 0.147461 0.073242
0 0.823242 0.494629 0.117188 0.049805
0 0.092285 0.063477 0.059570 0.052734
0 0.897461 0.509277 0.080078 0.065430
0 0.408203 0.947266 0.126953 0.099609
0 0.605957 0.791016 0.083008 0.052734
0 0.562988 0.376953 0.092773 0.074219
0 0.804199 0.960938 0.084961 0.046875
0 0.642090 0.369629 0.090820 0.075195
0 0.074219 0.672363 0.054688 0.049805
0 0.956055 0.876953 0.087891 0.095703
0 0.351562 0.068359 0.095703 0.064453
0 0.149414 0.425781 0.089844 0.087891
0 0.933105 0.737305 0.057617 0.044922
0 0.020996 0.263184 0.041992 0.051758
0 0.271973 0.429688 0.049805 0.060547
0 0.460449 0.980469 0.057617 0.039062
0 0.764160 0.845703 0.084961 0.052734
0 0.746094 0.952148 0.072266 0.064453
0 0.555664 0.484863 0.078125 0.084961
0 0.736816 0.453613 0.040039 0.032227
0 0.691895 0.410645 0.059570 0.041992
0 0.730469 0.298340 0.062500 0.038086
0 0.763184 0.345703 0.073242 0.037109
0 0.223145 0.223145 0.077148 0.057617
0 0.754395 0.144531 0.055664 0.035156
0 0.854492 0.185547 0.080078 0.037109
