0 0.810547 0.059082 0.123047 0.077148
0 0.182129 0.739746 0.139648 0.094727
0 0.157227 0.498047 0.160156 0.087891
0 0.129883 0.885742 0.134766 0.091797
0 0.812500 0.493164 0.125000 0.107422
0 0.865723 0.728027 0.147461 0.137695
0 0.670898 0.727051 0.126953 0.069336
0 0.106934 0.942871 0.129883 0.057617
0 0.101074 0.444336 0.102539 0.080078
0 0.790527 0.833496 0.127930 0.102539
0 0.307129 0.788574 0.120117 0.102539
0 0.061523 0.789551 0.109375 0.057617
0 0.059570 0.053711 0.097656 0.082031
0 0.644531 0.858398 0.064453 0.062500
0 0.708008 0.147949 0.072266 0.067383
0 0.498535 0.666992 0.077148 0.099609
0 0.797852 0.234375 0.187500 0.115234
0 0.045898 0.136230 0.078125 0.059570
0 0.669434 0.481934 0.055664 0.065430
0 0.697754 0.961426 0.100586 0.077148
0 0.376953 0.954590 0.185547 0.090820
0 0.782227 0.616699 0.150391 0.075195
0 0.730469 0.540527 0.062500 0.047852
0 0.934570 0.963379 0.105469 0.067383
0 0.682129 0.664551 0.110352 0.055664
0 0.019043 0.112305 0.038086 0.050781
0 0.575684 0.960938 0.188477 0.054688
