0 0.937500 0.869141 0.080078 0.089844
0 0.927734 0.233398 0.121094 0.109375
0 0.845215 0.245117 0.069336 0.109375
0 0.809570 0.128906 0.093750 0.166016
0 0.674316 0.179199 0.163086 0.116211
0 0.607910 0.315430 0.075195 0.099609
0 0.411133 0.180664 0.142578 0.099609
0 0.370117 0.281250 0.177734 0.205078
0 0.530273 0.418945 0.056641 0.095703
0 0.580078 0.526367 0.125000 0.097656
0 0.488281 0.565918 0.125000 0.057617
0 0.474609 0.626465 0.083984 0.094727
0 0.411133 0.632812 0.072266 0.103516
0 0.573730 0.705078 0.133789 0.105469
0 0.765137 0.658691 0.106445 0.104492
0 0.839844 0.739258 0.066406 0.091797
0 0.958008 0.782715 0.083984 0.075195
0 0.705566 0.877930 0.112305 0.076172
0 0.628418 0.963867 0.149414 0.072266
0 0.498047 0.951172 0.128906 0.072266
0 0.441406 0.971191 0.080078 0.057617
0 0.310547 0.842773 0.087891 0.082031
0 0.187012 0.656250 0.092773 0.175781
0 0.246094 0.754883 0.076172 0.050781
0 0.056152 0.852051 0.053711 0.047852
0 0.039551 0.976074 0.071289 0.045898
0 0.983887 0.635742 0.032227 0.080078
0 0.936035 0.588867 0.084961 0.064453
0 0.827637 0.417480 0.116211 0.071289
0 0.710938 0.496094 0.093750 0.052734
0 0.739746 0.536621 0.153320 0.116211
0 0.938965 0.062012 0.055664 0.124023
0 0.914062 0.128906 0.056641 0.097656
0 0.873535 0.049316 0.059570 0.098633
0 0.214355 0.111328 0.063477 0.099609
0 0.087402 0.140137 0.071289 0.075195
0 0.086914 0.260254 0.060547 0.114258
0 0.041992 0.255371 0.083984 0.147461
0 0.150391 0.388184 0.148438 0.077148
0 0.151367 0.460938 0.113281 0.107422
0 0.060547 0.592773 0.121094 0.068359
0 0.032715 0.484375 0.065430 0.095703
0 0.080078 0.481934 0.082031 0.051758
0 0.274414 0.349121 0.083984 0.040039
0 0.270508 0.619629 0.169922 0.079102
0 0.216309 0.051758 0.057617 0.103516
0 0.214355 0.336914 0.061523 0.037109
0 0.235840 0.749023 0.069336 0.039062
0 0.155273 0.799316 0.078125 0.036133
0 0.589844 0.269531 0.050781 0.041016
0 0.749512 0.077148 0.030273 0.060547
0 0.722168 0.188477 0.081055 0.050781
0 0.643555 0.458984 0.039062 0.099609
