0 0.586914 0.943359 0.134766 0.072266
0 0.229492 0.526855 0.080078 0.094727
0 0.113281 0.151855 0.132812 0.200195
0 0.338379 0.475586 0.118164 0.107422
0 0.109863 0.934082 0.094727 0.084961
0 0.760742 0.939453 0.117188 0.080078
0 0.544434 0.740723 0.104492 0.086914
0 0.704590 0.417480 0.100586 0.084961
0 0.408691 0.640625 0.102539 0.097656
0 0.579102 0.239258 0.080078 0.089844
0 0.212402 0.424316 0.084961 0.110352
0 0.771973 0.267090 0.100586 0.110352
0 0.129883 0.300781 0.080078 0.087891
0 0.105957 0.628418 0.086914 0.086914
0 0.813477 0.735840 0.123047 0.073242
0 0.250977 0.089355 0.117188 0.110352
0 0.344727 0.914551 0.105469 0.079102
0 0.187012 0.784180 0.069336 0.089844
0 0.324707 0.202148 0.110352 0.109375
0 0.407227 0.285645 0.125000 0.131836
0 0.893066 0.784668 0.112305 0.065430
0 0.089355 0.410645 0.075195 0.127930
0 0.835938 0.541016 0.123047 0.072266
0 0.874512 0.679199 0.120117 0.075195
0 0.478516 0.141113 0.117188 0.137695
0 0.684570 0.806641 0.080078 0.125000
0 0.073242 0.807129 0.087891 0.075195
0 0.766602 0.609375 0.080078 0.089844
0 0.379883 0.976074 0.089844 0.047852
0 0.820801 0.471680 0.077148 0.089844
0 0.795898 0.340820 0.123047 0.078125
0 0.546875 0.496094 0.109375 0.097656
0 0.743164 0.515625 0.091797 0.107422
0 0.883301 0.210938 0.108398 0.107422
0 0.028320 0.506836 0.056641 0.070312
0 0.578613 0.031250 0.098633 0.062500
0 0.956055 0.852051 0.087891 0.065430
0 0.014648 0.683594 0.029297 0.072266
0 0.586914 0.538574 0.089844 0.077148
0 0.728516 0.579590 0.097656 0.069336
0 0.939941 0.472168 0.084961 0.100586
0 0.606934 0.282227 0.110352 0.125000
0 0.932617 0.044922 0.134766 0.085938
0 0.846191 0.133789 0.127930 0.109375
0 0.777344 0.148438 0.117188 0.066406
