0 0.060059 0.130371 0.114258 0.096680
0 0.136230 0.040039 0.084961 0.078125
0 0.024902 0.214355 0.049805 0.083008
0 0.176270 0.252930 0.137695 0.078125
0 0.133789 0.337402 0.062500 0.075195
0 0.148926 0.572266 0.057617 0.091797
0 0.116699 0.537598 0.049805 0.120117
0 0.258789 0.469727 0.099609 0.093750
0 0.177734 0.762207 0.078125 0.065430
0 0.262207 0.859863 0.075195 0.129883
0 0.858398 0.963867 0.070312 0.072266
0 0.586914 0.940430 0.146484 0.119141
0 0.521484 0.989746 0.076172 0.020508
0 0.614258 0.975586 0.134766 0.048828
0 0.789062 0.813965 0.082031 0.122070
0 0.913574 0.667969 0.157227 0.089844
0 0.954102 0.472656 0.091797 0.064453
0 0.766602 0.450684 0.115234 0.090820
0 0.935547 0.515625 0.083984 0.058594
0 0.397949 0.193359 0.090820 0.105469
0 0.470215 0.248535 0.124023 0.092773
0 0.785645 0.059570 0.096680 0.080078
0 0.586426 0.041992 0.161133 0.083984
0 0.697266 0.021973 0.060547 0.043945
0 0.968750 0.114258 0.062500 0.068359
0 0.906738 0.040039 0.090820 0.080078
