0 0.661621 0.050293 0.067383 0.075195
0 0.387695 0.118164 0.080078 0.064453
0 0.724121 0.075195 0.075195 0.080078
0 0.400391 0.530762 0.060547 0.079102
0 0.268066 0.077637 0.079102 0.071289
0 0.259766 0.600586 0.083984 0.058594
0 0.818848 0.455566 0.053711 0.077148
0 0.916504 0.222168 0.077148 0.104492
0 0.098633 0.062988 0.070312 0.079102
0 0.030762 0.132324 0.059570 0.073242
0 0.921387 0.158691 0.051758 0.100586
0 0.133789 0.194824 0.080078 0.075195
0 0.544434 0.958008 0.079102 0.072266
0 0.464844 0.094238 0.056641 0.077148
0 0.200195 0.404297 0.054688 0.097656
0 0.345215 0.231445 0.065430 0.060547
0 0.183105 0.486328 0.081055 0.052734
0 0.965332 0.494141 0.049805 0.072266
0 0.583984 0.567871 0.107422 0.051758
0 0.915039 0.383789 0.105469 0.080078
0 0.492676 0.048340 0.069336 0.059570
0 0.262695 0.270020 0.072266 0.077148
0 0.109375 0.883301 0.105469 0.071289
0 0.166504 0.446777 0.098633 0.079102
0 0.341309 0.287109 0.051758 0.076172
0 0.889648 0.036621 0.062500 0.063477
0 0.264160 0.961914 0.086914 0.066406
0 0.313965 0.783691 0.083008 0.077148
0 0.804199 0.102051 0.049805 0.071289
0 0.188477 0.307617 0.089844 0.056641
0 0.199219 0.066895 0.095703 0.096680
0 0.836426 0.765137 0.088867 0.053711
0 0.722168 0.270508 0.063477 0.048828
0 0.900879 0.651367 0.061523 0.052734
0 0.618652 0.843262 0.065430 0.045898
0 0.912598 0.960449 0.073242 0.040039
0 0.302246 0.675293 0.067383 0.053711
0 0.499512 0.306152 0.075195 0.083008
0 0.283691 0.840332 0.098633 0.077148
0 0.176758 0.817871 0.062500 0.051758
0 0.726074 0.795410 0.061523 0.047852
0 0.092773 0.816895 0.093750 0.069336
0 0.480469 0.510742 0.076172 0.062500
0 0.708984 0.316406 0.050781 0.033203
0 0.431152 0.662109 0.094727 0.031250
0 0.193359 0.618652 0.083984 0.049805
0 0.629883 0.719238 0.054688 0.032227
0 0.546387 0.624512 0.061523 0.047852
0 0.653320 0.536133 0.048828 0.056641
0 0.026855 0.602051 0.053711 0.071289
0 0.086914 0.110352 0.060547 0.050781
0 0.912109 0.849121 0.052734 0.065430
0 0.526855 0.817871 0.030273 0.069336
0 0.877441 0.973145 0.041992 0.053711
0 0.590820 0.932617 0.041016 0.029297
0 0.754883 0.979004 0.035156 0.041992
0 0.192383 0.562988 0.066406 0.059570
0 0.437012 0.250000 0.053711 0.085938
0 0.391602 0.413574 0.042969 0.051758
0 0.017578 0.216797 0.035156 0.060547
0 0.729980 0.649414 0.063477 0.041016
0 0.061035 0.531738 0.083008 0.053711
0 0.813477 0.977539 0.056641 0.025391
0 0.443848 0.307129 0.065430 0.098633
0 0.953125 0.628906 0.050781 0.042969
0 0.568848 0.846191 0.069336 0.045898
0 0.153320 0.258301 0.101562 0.049805
0 0.535645 0.018555 0.041992 0.037109
0 0.591309 0.496094 0.063477 0.060547
0 0.826660 0.064453 0.036133 0.042969
0 0.620605 0.538086 0.047852 0.062500
0 0.834473 0.925781 0.055664 0.052734
0 0.757324 0.897461 0.040039 0.037109
0 0.458496 0.955566 0.051758 0.032227
0 0.249512 0.782715 0.094727 0.071289
0 0.193848 0.683105 0.040039 0.040039
0 0.127441 0.572266 0.057617 0.046875
