0 0.714355 0.130859 0.049805 0.107422
0 0.697266 0.930664 0.070312 0.126953
0 0.238281 0.739746 0.087891 0.075195
0 0.378418 0.281738 0.102539 0.120117
0 0.166992 0.232910 0.095703 0.067383
0 0.090820 0.470703 0.113281 0.082031
0 0.953613 0.279297 0.092773 0.125000
0 0.086914 0.339355 0.140625 0.084961
0 0.327148 0.662109 0.140625 0.144531
0 0.568848 0.649902 0.122070 0.137695
0 0.621582 0.931641 0.065430 0.115234
0 0.037109 0.239746 0.070312 0.075195
0 0.912598 0.502930 0.073242 0.064453
0 0.149414 0.654297 0.095703 0.080078
0 0.055664 0.787109 0.107422 0.060547
0 0.653320 0.150879 0.078125 0.083008
