0 0.045410 0.326660 0.090820 0.061523
0 0.082031 0.391602 0.068359 0.062500
0 0.183594 0.406250 0.144531 0.048828
0 0.335449 0.394043 0.088867 0.049805
0 0.468262 0.327148 0.077148 0.083984
0 0.244141 0.465332 0.052734 0.045898
0 0.255371 0.513672 0.065430 0.058594
0 0.394043 0.470215 0.043945 0.057617
0 0.450195 0.522949 0.052734 0.106445
0 0.413574 0.517578 0.038086 0.042969
0 0.671387 0.381836 0.079102 0.101562
0 0.523438 0.152832 0.054688 0.045898
0 0.374512 0.129395 0.061523 0.063477
0 0.408203 0.175293 0.072266 0.057617
0 0.375488 0.036621 0.063477 0.073242
0 0.168945 0.023926 0.056641 0.040039
0 0.026855 0.021484 0.051758 0.041016
0 0.019531 0.398926 0.039062 0.053711
0 0.086914 0.539551 0.064453 0.075195
0 0.132812 0.590332 0.070312 0.073242
0 0.113281 0.634277 0.103516 0.096680
0 0.145508 0.728516 0.089844 0.062500
0 0.030273 0.707031 0.060547 0.085938
0 0.018555 0.858398 0.037109 0.068359
0 0.068359 0.886230 0.072266 0.081055
0 0.196777 0.833496 0.088867 0.053711
0 0.213379 0.789062 0.077148 0.046875
0 0.303223 0.818359 0.069336 0.068359
0 0.355469 0.776367 0.082031 0.072266
0 0.479980 0.713379 0.075195 0.084961
0 0.588867 0.740723 0.056641 0.071289
0 0.647949 0.691406 0.069336 0.062500
0 0.762207 0.520996 0.071289 0.059570
0 0.868164 0.441895 0.111328 0.065430
0 0.932129 0.489746 0.135742 0.061523
0 0.939941 0.549805 0.120117 0.080078
0 0.546875 0.806152 0.052734 0.063477
0 0.707520 0.827637 0.094727 0.067383
0 0.929688 0.828125 0.072266 0.074219
0 0.877930 0.877930 0.076172 0.050781
0 0.920898 0.926758 0.060547 0.093750
0 0.650391 0.919922 0.068359 0.050781
0 0.652344 0.959961 0.082031 0.044922
0 0.589355 0.971191 0.083008 0.047852
0 0.572754 0.851562 0.079102 0.060547
0 0.457520 0.887695 0.083008 0.076172
0 0.398438 0.930176 0.068359 0.079102
0 0.409180 0.973633 0.062500 0.052734
0 0.309570 0.962891 0.089844 0.074219
0 0.290527 0.899414 0.077148 0.054688
0 0.188477 0.907227 0.076172 0.062500
0 0.913574 0.050293 0.075195 0.100586
0 0.792969 0.090332 0.060547 0.065430
0 0.690918 0.163086 0.069336 0.044922
0 0.590820 0.045898 0.052734 0.054688
0 0.721191 0.076660 0.047852 0.051758
0 0.676758 0.039062 0.070312 0.050781
0 0.587402 0.102051 0.073242 0.049805
0 0.767578 0.020020 0.091797 0.040039
0 0.178711 0.982422 0.056641 0.033203
0 0.530762 0.024902 0.045898 0.049805
0 0.610352 0.009277 0.048828 0.018555
0 0.805664 0.768066 0.050781 0.055664
