0 0.043457 0.277832 0.071289 0.086914
0 0.217773 0.056641 0.087891 0.109375
0 0.345703 0.397949 0.097656 0.069336
0 0.789551 0.316406 0.094727 0.089844
0 0.914062 0.186523 0.082031 0.072266
0 0.762207 0.046875 0.041992 0.093750
0 0.243652 0.309082 0.083008 0.065430
0 0.957520 0.469727 0.084961 0.083984
0 0.550293 0.274902 0.063477 0.067383
0 0.092285 0.631836 0.100586 0.050781
0 0.130371 0.694824 0.108398 0.063477
0 0.849121 0.599121 0.073242 0.057617
0 0.046875 0.740234 0.076172 0.056641
0 0.443848 0.132812 0.086914 0.052734
0 0.967285 0.106445 0.065430 0.066406
0 0.854004 0.933105 0.075195 0.090820
0 0.461426 0.563477 0.112305 0.062500
0 0.781738 0.880859 0.098633 0.039062
0 0.149414 0.359863 0.089844 0.040039
0 0.567383 0.352539 0.087891 0.046875
0 0.687012 0.623047 0.071289 0.046875
0 0.991211 0.336914 0.017578 0.072266
0 0.429688 0.760742 0.089844 0.042969
0 0.689453 0.676758 0.082031 0.029297
0 0.690918 0.420898 0.081055 0.085938
0 0.244629 0.653809 0.098633 0.036133
0 0.556152 0.698242 0.110352 0.050781
0 0.976562 0.728027 0.046875 0.057617
0 0.522949 0.953613 0.067383 0.049805
0 0.906250 0.708008 0.058594 0.054688
0 0.724609 0.473145 0.105469 0.045898
0 0.662109 0.060547 0.111328 0.076172
0 0.840820 0.650391 0.064453 0.029297
0 0.048828 0.643555 0.097656 0.072266
0 0.575195 0.614746 0.068359 0.061523
0 0.415527 0.264648 0.106445 0.095703
0 0.360840 0.035645 0.178711 0.061523
0 0.697754 0.130859 0.069336 0.044922
0 0.827148 0.752930 0.070312 0.042969
0 0.699707 0.970215 0.065430 0.032227
0 0.273438 0.630371 0.068359 0.055664
0 0.741699 0.414062 0.073242 0.062500
0 0.552734 0.371582 0.074219 0.041992
0 0.782227 0.719727 0.095703 0.035156
0 0.203613 0.610352 0.063477 0.058594
0 0.326660 0.987793 0.079102 0.024414
0 0.956055 0.315430 0.070312 0.060547
0 0.880859 0.274414 0.101562 0.083984
0 0.578125 0.161621 0.048828 0.028320
0 0.970215 0.767578 0.059570 0.023438
0 0.258496 0.363037 0.097070 0.089355
0 0.540039 0.989258 0.056641 0.017578
0 0.023926 0.447266 0.047852 0.033203
0 0.594238 0.777832 0.090820 0.036133
0 0.609375 0.807617 0.105469 0.033203
0 0.394531 0.793945 0.113281 0.041016
0 0.970215 0.448730 0.059570 0.038086
0 0.640625 0.540039 0.080078 0.042969
0 0.900879 0.916016 0.088867 0.033203
0 0.910645 0.984863 0.108398 0.030273
0 0.466309 0.683105 0.127930 0.079102
0 0.804688 0.670410 0.066406 0.032227
0 0.456543 0.347656 0.065430 0.058594
0 0.464844 0.009766 0.050781 0.019531
0 0.658691 0.454102 0.055664 0.042969
0 0.542480 0.833008 0.051758 0.023438
0 0.019043 0.782227 0.038086 0.027344
0 0.534180 0.794922 0.078125 0.066406
0 0.265137 0.745605 0.127930 0.053711
0 0.773438 0.433105 0.097656 0.051758
