0 0.390625 0.189453 0.087891 0.070312
0 0.764648 0.031250 0.099609 0.062500
0 0.390625 0.079590 0.062500 0.075195
0 0.803711 0.425781 0.062500 0.087891
0 0.690430 0.537109 0.072266 0.060547
0 0.542480 0.363281 0.084961 0.046875
0 0.164551 0.426758 0.065430 0.115234
0 0.724609 0.694336 0.070312 0.060547
0 0.750488 0.218262 0.057617 0.102539
0 0.202148 0.799316 0.060547 0.139648
0 0.652344 0.017090 0.080078 0.034180
0 0.899902 0.207031 0.049805 0.140625
0 0.977051 0.118164 0.045898 0.072266
0 0.653320 0.388184 0.062500 0.057617
0 0.214844 0.061035 0.070312 0.122070
0 0.924316 0.339844 0.084961 0.115234
0 0.110840 0.755371 0.096680 0.057617
0 0.362305 0.857910 0.080078 0.102539
0 0.978516 0.408203 0.042969 0.062500
0 0.639160 0.869629 0.120117 0.069336
0 0.984375 0.600586 0.031250 0.115234
0 0.611816 0.450684 0.065430 0.047852
0 0.629395 0.735840 0.069336 0.118164
0 0.570801 0.613281 0.073242 0.068359
0 0.285645 0.504395 0.067383 0.049805
0 0.391113 0.013672 0.057617 0.027344
0 0.385742 0.647949 0.056641 0.092773
0 0.828613 0.739258 0.067383 0.080078
0 0.091797 0.344727 0.134766 0.054688
0 0.564453 0.923828 0.078125 0.152344
0 0.444336 0.919434 0.064453 0.135742
0 0.525391 0.074707 0.062500 0.040039
0 0.297363 0.084473 0.049805 0.055664
0 0.398438 0.279297 0.072266 0.125000
0 0.422363 0.806152 0.049805 0.102539
0 0.834473 0.621094 0.055664 0.062500
0 0.189453 0.516113 0.060547 0.057617
0 0.998535 0.201172 0.002930 0.062500
0 0.812500 0.893555 0.064453 0.183594
0 0.089844 0.872070 0.054688 0.080078
0 0.368164 0.959473 0.078125 0.069336
0 0.755371 0.910156 0.069336 0.179688
0 0.074707 0.539551 0.065430 0.084961
0 0.238281 0.231934 0.062500 0.094727
0 0.969727 0.757812 0.060547 0.076172
0 0.575684 0.199219 0.083008 0.115234
0 0.058594 0.070312 0.107422 0.062500
0 0.298340 0.854492 0.057617 0.144531
0 0.398438 0.361816 0.052734 0.049805
0 0.099609 0.286133 0.089844 0.062500
0 0.702148 0.252930 0.054688 0.052734
0 0.642090 0.189453 0.069336 0.064453
0 0.131836 0.678223 0.070312 0.086914
0 0.058105 0.105469 0.112305 0.052734
0 0.982422 0.848145 0.035156 0.067383
0 0.153320 0.874512 0.062500 0.114258
0 0.329590 0.783203 0.065430 0.097656
0 0.664551 0.930664 0.055664 0.078125
0 0.191895 0.943359 0.084961 0.082031
0 0.479492 0.515625 0.074219 0.042969
0 0.528320 0.287109 0.056641 0.070312
0 0.062012 0.300781 0.114258 0.056641
0 0.190918 0.615723 0.057617 0.051758
0 0.849609 0.062012 0.064453 0.059570
0 0.048340 0.214355 0.092773 0.094727
0 0.218750 0.187988 0.111328 0.192383
0 0.483398 0.438477 0.107422 0.123047
0 0.069824 0.948242 0.094727 0.078125
0 0.856934 0.788574 0.075195 0.077148
0 0.152344 0.070312 0.037109 0.052734
0 0.106934 0.598633 0.100586 0.097656
0 0.864746 0.855957 0.065430 0.127930
0 0.158203 0.170898 0.062500 0.052734
0 0.895508 0.209473 0.087891 0.075195
0 0.505859 0.433594 0.072266 0.097656
0 0.028809 0.519043 0.057617 0.055664
0 0.026855 0.670898 0.049805 0.091797
0 0.049805 0.653320 0.070312 0.091797
0 0.532227 0.667969 0.044922 0.097656
0 0.489258 0.694336 0.054688 0.099609
0 0.892090 0.451660 0.040039 0.075195
0 0.933594 0.455078 0.039062 0.054688
0 0.029785 0.949219 0.059570 0.054688
0 0.145508 0.974609 0.117188 0.050781
0 0.110840 0.816895 0.086914 0.069336
0 0.483398 0.928223 0.062500 0.137695
0 0.713379 0.943359 0.041992 0.087891
