0 0.257324 0.864746 0.155273 0.110352
0 0.577148 0.339844 0.154297 0.080078
0 0.160645 0.208008 0.086914 0.072266
0 0.203613 0.678223 0.067383 0.092773
0 0.919434 0.875000 0.077148 0.074219
0 0.239258 0.416992 0.080078 0.179688
0 0.927246 0.537109 0.059570 0.125000
0 0.704590 0.495117 0.112305 0.068359
0 0.615234 0.253906 0.107422 0.054688
0 0.839355 0.153320 0.094727 0.062500
0 0.650879 0.646973 0.202148 0.155273
0 0.524414 0.506836 0.064453 0.080078
0 0.947266 0.004883 0.105469 0.009766
0 0.114258 0.784180 0.099609 0.089844
0 0.778320 0.372070 0.142578 0.224609
0 0.342285 0.457031 0.110352 0.109375
0 0.401855 0.583496 0.120117 0.083008
0 0.131836 0.026855 0.062500 0.053711
0 0.824219 0.751953 0.089844 0.070312
0 0.937988 0.042480 0.124023 0.084961
0 0.910645 0.960449 0.086914 0.079102
0 0.338379 0.210449 0.118164 0.129883
0 0.088867 0.128906 0.064453 0.089844
0 0.549316 0.412109 0.065430 0.064453
0 0.399414 0.908691 0.179688 0.147461
0 0.501953 0.260742 0.070312 0.078125
0 0.265625 0.238281 0.083984 0.101562
0 0.943359 0.733398 0.113281 0.087891
0 0.411133 0.524414 0.097656 0.070312
0 0.724609 0.834473 0.115234 0.155273
0 0.720703 0.275879 0.078125 0.057617
0 0.425781 0.732910 0.097656 0.137695
0 0.571777 0.687012 0.094727 0.069336
0 0.092285 0.255859 0.084961 0.078125
0 0.874512 0.333008 0.075195 0.052734
0 0.943359 0.308105 0.091797 0.083008
0 0.055664 0.617188 0.107422 0.169922
0 0.477051 0.669434 0.055664 0.065430
0 0.668457 0.871582 0.077148 0.083008
0 0.907227 0.761230 0.064453 0.102539
0 0.815918 0.630859 0.086914 0.082031
0 0.696777 0.969727 0.059570 0.060547
0 0.854492 0.974609 0.050781 0.050781
0 0.294434 0.142090 0.069336 0.049805
