0 0.278809 0.536621 0.059570 0.098633
0 0.213867 0.718262 0.119141 0.073242
0 0.835938 0.897949 0.054688 0.083008
0 0.970215 0.323242 0.059570 0.107422
0 0.339844 0.073730 0.083984 0.088867
0 0.902832 0.041016 0.057617 0.082031
0 0.914551 0.716797 0.086914 0.066406
0 0.739258 0.206543 0.080078 0.083008
0 0.947754 0.330566 0.075195 0.104492
0 0.099609 0.294434 0.082031 0.094727
0 0.902832 0.511230 0.118164 0.045898
0 0.157227 0.267578 0.121094 0.068359
0 0.754883 0.074219 0.091797 0.091797
0 0.627930 0.691406 0.115234 0.095703
0 0.074219 0.402344 0.072266 0.064453
0 0.155762 0.465332 0.104492 0.110352
0 0.602539 0.405762 0.052734 0.096680
0 0.924316 0.541504 0.073242 0.059570
0 0.607422 0.476074 0.054688 0.110352
0 0.958496 0.197266 0.083008 0.052734
0 0.162598 0.197754 0.086914 0.051758
0 0.582520 0.610840 0.102539 0.045898
0 0.054688 0.296875 0.058594 0.037109
0 0.252441 0.074219 0.073242 0.072266
0 0.890625 0.978516 0.076172 0.042969
0 0.100586 0.676270 0.082031 0.069336
0 0.543457 0.160156 0.043945 0.087891
0 0.830566 0.396973 0.120117 0.051758
0 0.227539 0.653320 0.105469 0.070312
0 0.890625 0.555176 0.068359 0.051758
0 0.976074 0.035156 0.047852 0.070312
0 0.088379 0.777344 0.036133 0.068359
0 0.391113 0.196777 0.043945 0.110352
0 0.854004 0.629395 0.096680 0.055664
0 0.342773 0.761230 0.082031 0.051758
0 0.176758 0.553711 0.156250 0.054688
0 0.030762 0.125000 0.061523 0.052734
0 0.613281 0.551270 0.119141 0.106445
0 0.697266 0.601074 0.060547 0.040039
0 0.222656 0.956543 0.085938 0.067383
0 0.818359 0.011719 0.050781 0.023438
0 0.582520 0.211426 0.047852 0.055664
0 0.725586 0.686035 0.089844 0.063477
0 0.364258 0.630859 0.037109 0.164062
0 0.177246 0.068848 0.116211 0.127930
0 0.427246 0.365234 0.116211 0.091797
0 0.904785 0.622559 0.104492 0.077148
0 0.178223 0.845215 0.092773 0.041992
0 0.312988 0.985840 0.108398 0.028320
0 0.200195 0.896484 0.060547 0.041016
0 0.671875 0.895508 0.095703 0.042969
0 0.157715 0.379883 0.073242 0.058594
0 0.029297 0.459961 0.058594 0.044922
0 0.041992 0.199707 0.083984 0.051758
0 0.240234 0.688965 0.064453 0.041992
0 0.447266 0.591797 0.062500 0.039062
0 0.148926 0.367188 0.083008 0.091797
0 0.833984 0.686035 0.060547 0.034180
0 0.399902 0.888184 0.096680 0.057617
0 0.043945 0.984375 0.074219 0.031250
0 0.530762 0.786133 0.112305 0.042969
0 0.645020 0.993652 0.081055 0.012695
0 0.706055 0.520508 0.125000 0.080078
0 0.964844 0.495605 0.062500 0.049805
0 0.011719 0.712402 0.023438 0.034180
0 0.078125 0.512207 0.068359 0.038086
0 0.228027 0.346191 0.127930 0.086914
0 0.985840 0.284668 0.028320 0.049805
