0 0.157715 0.096680 0.075195 0.076172
0 0.157227 0.179688 0.146484 0.091797
0 0.088867 0.247070 0.074219 0.058594
0 0.108887 0.312988 0.067383 0.071289
0 0.269531 0.279297 0.080078 0.068359
0 0.197266 0.342773 0.109375 0.085938
0 0.419922 0.217285 0.083984 0.077148
0 0.036133 0.537598 0.072266 0.069336
0 0.051758 0.657715 0.076172 0.153320
0 0.105957 0.958984 0.073242 0.074219
0 0.035645 0.953613 0.071289 0.084961
0 0.180176 0.876953 0.083008 0.062500
0 0.088867 0.836914 0.085938 0.078125
0 0.461426 0.090820 0.086914 0.064453
0 0.188965 0.644531 0.086914 0.054688
0 0.284180 0.442871 0.089844 0.049805
0 0.296387 0.500488 0.083008 0.047852
0 0.318848 0.360352 0.083008 0.064453
0 0.604492 0.321289 0.072266 0.058594
0 0.684082 0.381836 0.127930 0.058594
0 0.813965 0.395020 0.079102 0.069336
0 0.883789 0.378906 0.080078 0.058594
0 0.871582 0.251953 0.096680 0.058594
0 0.736816 0.189453 0.096680 0.072266
0 0.788086 0.122559 0.064453 0.061523
0 0.425293 0.605469 0.135742 0.132812
0 0.526855 0.532715 0.084961 0.073242
0 0.474121 0.437012 0.100586 0.051758
0 0.753418 0.499512 0.100586 0.088867
0 0.919434 0.496094 0.094727 0.058594
0 0.853027 0.469238 0.079102 0.055664
0 0.924805 0.651367 0.107422 0.076172
0 0.842285 0.670898 0.102539 0.066406
0 0.568848 0.595703 0.079102 0.062500
0 0.535645 0.797363 0.081055 0.077148
0 0.260742 0.871582 0.068359 0.131836
0 0.300293 0.627930 0.090820 0.138672
0 0.296875 0.734863 0.074219 0.112305
0 0.858887 0.826660 0.114258 0.106445
0 0.877930 0.740723 0.150391 0.067383
0 0.746094 0.854004 0.144531 0.100586
0 0.597168 0.928711 0.086914 0.070312
0 0.682617 0.974121 0.066406 0.051758
0 0.870605 0.973633 0.133789 0.052734
0 0.412109 0.032715 0.080078 0.065430
0 0.595703 0.081543 0.060547 0.067383
0 0.660156 0.059570 0.087891 0.056641
0 0.895020 0.306152 0.069336 0.038086
0 0.544922 0.832031 0.089844 0.107422
0 0.967773 0.909180 0.064453 0.109375
0 0.816895 0.838379 0.114258 0.057617
0 0.681152 0.125488 0.090820 0.059570
0 0.688477 0.398438 0.089844 0.111328
0 0.030762 0.802246 0.061523 0.049805
0 0.856445 0.548828 0.117188 0.074219
0 0.722168 0.880859 0.122070 0.087891
0 0.975586 0.528320 0.048828 0.048828
0 0.783203 0.484375 0.121094 0.072266
