0 0.097656 0.183594 0.083984 0.087891
0 0.899414 0.490234 0.074219 0.095703
0 0.981445 0.170898 0.037109 0.068359
0 0.987305 0.558594 0.025391 0.068359
0 0.405762 0.143066 0.081055 0.059570
0 0.816895 0.946289 0.100586 0.072266
0 0.598633 0.953613 0.109375 0.063477
0 0.759277 0.083496 0.083008 0.073242
0 0.648926 0.082520 0.137695 0.067383
0 0.202148 0.659180 0.080078 0.072266
0 0.477539 0.966797 0.134766 0.060547
0 0.269043 0.278320 0.079102 0.068359
0 0.711426 0.204590 0.083008 0.043945
0 0.374512 0.378906 0.120117 0.041016
0 0.610840 0.542480 0.073242 0.069336
0 0.678711 0.423340 0.048828 0.063477
0 0.142578 0.833008 0.208984 0.080078
0 0.513184 0.837402 0.180664 0.071289
0 0.722656 0.735840 0.171875 0.061523
0 0.060547 0.948730 0.121094 0.051758
0 0.239746 0.417480 0.114258 0.051758
0 0.375488 0.460938 0.055664 0.087891
0 0.700195 0.642578 0.082031 0.058594
0 0.135742 0.033691 0.132812 0.067383
0 0.287598 0.389648 0.118164 0.054688
0 0.859863 0.041504 0.051758 0.036133
0 0.053223 0.427246 0.104492 0.075195
0 0.094238 0.087402 0.137695 0.049805
0 0.249023 0.889648 0.158203 0.199219
0 0.535645 0.267578 0.096680 0.060547
0 0.138184 0.762695 0.071289 0.054688
0 0.750977 0.371094 0.148438 0.068359
0 0.917480 0.615723 0.047852 0.092773
0 0.245117 0.526367 0.107422 0.072266
0 0.481934 0.432617 0.043945 0.058594
0 0.594238 0.368652 0.100586 0.084961
0 0.077148 0.984375 0.099609 0.029297
0 0.848633 0.269531 0.068359 0.041016
0 0.352539 0.953125 0.136719 0.056641
0 0.660645 0.625977 0.061523 0.074219
0 0.155273 0.342285 0.107422 0.055664
0 0.640137 0.459961 0.166992 0.062500
0 0.664062 0.428711 0.052734 0.058594
0 0.030273 0.476074 0.060547 0.081055
0 0.480957 0.041016 0.067383 0.050781
0 0.935547 0.165039 0.044922 0.070312
0 0.133789 0.270020 0.046875 0.077148
0 0.178711 0.778809 0.062500 0.086914
0 0.836914 0.345215 0.128906 0.073242
0 0.312500 0.227539 0.078125 0.044922
0 0.567871 0.884766 0.057617 0.023438
0 0.515625 0.360352 0.083984 0.041016
0 0.040039 0.061035 0.068359 0.040039
0 0.201172 0.382812 0.107422 0.044922
0 0.630859 0.584961 0.070312 0.037109
0 0.390625 0.606934 0.068359 0.032227
0 0.134766 0.677246 0.054688 0.061523
0 0.966797 0.983887 0.060547 0.030273
0 0.502441 0.076660 0.227539 0.092773
0 0.313965 0.020020 0.090820 0.040039
0 0.395996 0.590820 0.081055 0.046875
0 0.910156 0.979004 0.097656 0.041992
0 0.044922 0.548828 0.089844 0.048828
0 0.048340 0.714844 0.096680 0.074219
0 0.305176 0.473633 0.051758 0.031250
0 0.400879 0.672852 0.163086 0.052734
0 0.248535 0.098145 0.147461 0.098633
0 0.963379 0.612305 0.071289 0.058594
0 0.123535 0.584473 0.180664 0.075195
0 0.249512 0.456055 0.092773 0.044922
0 0.903320 0.128418 0.193359 0.081055
0 0.163574 0.725098 0.055664 0.034180
0 0.941406 0.632812 0.039062 0.085938
0 0.831055 0.327637 0.095703 0.108398
0 0.214844 0.325684 0.191406 0.055664
