0 0.935547 0.118164 0.042969 0.093750
0 0.551270 0.520508 0.065430 0.091797
0 0.812988 0.202637 0.098633 0.086914
0 0.716309 0.908203 0.088867 0.060547
0 0.537598 0.584473 0.057617 0.077148
0 0.846680 0.770508 0.046875 0.105469
0 0.251953 0.956543 0.083984 0.061523
0 0.793945 0.886230 0.093750 0.061523
0 0.271484 0.513184 0.044922 0.098633
0 0.622070 0.424805 0.066406 0.058594
0 0.028320 0.155762 0.056641 0.077148
0 0.260254 0.108887 0.081055 0.096680
0 0.226074 0.438477 0.063477 0.072266
0 0.213379 0.481445 0.088867 0.068359
0 0.057617 0.031250 0.031250 0.058594
0 0.906152 0.429199 0.108398 0.073242
0 0.749512 0.616699 0.045898 0.055664
0 0.049805 0.034180 0.033203 0.064453
0 0.028809 0.297852 0.057617 0.054688
0 0.455078 0.542969 0.058594 0.068359
0 0.683594 0.099609 0.050781 0.128906
0 0.673340 0.977539 0.043945 0.041016
0 0.662109 0.299805 0.064453 0.029297
0 0.757812 0.514648 0.046875 0.054688
0 0.285156 0.816895 0.062500 0.047852
0 0.046875 0.792480 0.082031 0.028320
0 0.280273 0.341797 0.175781 0.062500
0 0.775879 0.508789 0.040039 0.052734
0 0.539062 0.127930 0.128906 0.054688
0 0.456055 0.203613 0.062500 0.053711
0 0.460449 0.889648 0.059570 0.027344
0 0.127930 0.017090 0.050781 0.032227
0 0.855469 0.439941 0.029297 0.069336
0 0.668457 0.639648 0.028320 0.072266
0 0.017578 0.187500 0.035156 0.056641
0 0.424316 0.437500 0.067383 0.031250
0 0.390137 0.877441 0.071289 0.028320
0 0.096680 0.496582 0.085938 0.149414
0 0.279785 0.910156 0.065430 0.021484
0 0.323730 0.670898 0.063477 0.025391
0 0.749512 0.819336 0.030273 0.058594
0 0.712891 0.616699 0.042969 0.053711
0 0.318848 0.074219 0.049805 0.031250
0 0.863281 0.981445 0.064453 0.033203
0 0.651855 0.354004 0.043945 0.047852
0 0.498535 0.692871 0.047852 0.032227
0 0.527783 0.246338 0.074316 0.050879
0 0.401855 0.989258 0.069336 0.017578
0 0.181641 0.560059 0.058594 0.041992
0 0.247070 0.576172 0.029297 0.052734
0 0.868164 0.598633 0.041016 0.044922
0 0.825195 0.343262 0.029297 0.061523
0 0.657227 0.976562 0.025391 0.046875
0 0.613281 0.908691 0.056641 0.026367
0 0.937012 0.339355 0.045898 0.047852
0 0.910156 0.497559 0.050781 0.067383
0 0.948242 0.504883 0.044922 0.050781
0 0.883301 0.668457 0.038086 0.051758
0 0.967773 0.591309 0.023438 0.057617
0 0.986816 0.133301 0.026367 0.057617
0 0.109375 0.879883 0.064453 0.044922
0 0.217285 0.854004 0.047852 0.030273
0 0.173340 0.897461 0.077148 0.041016
0 0.556152 0.909180 0.040039 0.037109
