0 0.037109 0.012695 0.074219 0.025391
0 0.043457 0.884277 0.086914 0.170898
0 0.146973 0.726074 0.057617 0.077148
0 0.065430 0.679688 0.085938 0.158203
0 0.327637 0.705566 0.071289 0.094727
0 0.218750 0.733398 0.066406 0.183594
0 0.295898 0.932617 0.144531 0.115234
0 0.388184 0.766113 0.057617 0.098633
0 0.152344 0.497070 0.076172 0.136719
0 0.242188 0.559570 0.083984 0.189453
0 0.037598 0.444336 0.075195 0.119141
0 0.175293 0.352051 0.100586 0.083008
0 0.336426 0.372070 0.110352 0.097656
0 0.063477 0.272461 0.066406 0.064453
0 0.092285 0.076172 0.057617 0.060547
0 0.074219 0.124023 0.056641 0.060547
0 0.183594 0.139648 0.074219 0.142578
0 0.270996 0.027832 0.129883 0.055664
0 0.167969 0.026367 0.066406 0.052734
0 0.701660 0.029785 0.102539 0.059570
0 0.891602 0.044922 0.111328 0.089844
0 0.778320 0.023438 0.070312 0.046875
0 0.491699 0.229492 0.075195 0.203125
0 0.581543 0.142090 0.069336 0.180664
0 0.657715 0.150391 0.106445 0.107422
0 0.851562 0.337402 0.207031 0.182617
0 0.919922 0.329590 0.097656 0.086914
0 0.531250 0.697754 0.070312 0.127930
0 0.591309 0.762695 0.073242 0.078125
0 0.641602 0.709473 0.144531 0.165039
0 0.607910 0.447754 0.131836 0.213867
0 0.457520 0.539551 0.092773 0.110352
0 0.425293 0.630371 0.073242 0.075195
0 0.686523 0.355469 0.052734 0.093750
0 0.962891 0.598633 0.068359 0.330078
0 0.828125 0.897949 0.105469 0.204102
0 0.500000 0.953125 0.126953 0.087891
0 0.680664 0.969238 0.089844 0.061523
0 0.363281 0.922852 0.058594 0.070312
