0 0.883301 0.919434 0.122070 0.069336
0 0.800781 0.143555 0.136719 0.062500
0 0.826172 0.840820 0.152344 0.068359
0 0.914551 0.760742 0.100586 0.091797
0 0.615723 0.759277 0.086914 0.094727
0 0.584473 0.949707 0.069336 0.075195
0 0.349609 0.526855 0.115234 0.075195
0 0.853027 0.319336 0.077148 0.105469
0 0.820801 0.753418 0.096680 0.083008
0 0.365723 0.406738 0.092773 0.084961
0 0.112305 0.927246 0.115234 0.139648
0 0.144531 0.778320 0.144531 0.082031
0 0.916992 0.371094 0.095703 0.107422
0 0.339355 0.335938 0.110352 0.087891
0 0.151855 0.655762 0.100586 0.086914
0 0.222168 0.187988 0.190430 0.112305
0 0.343262 0.163086 0.073242 0.117188
0 0.684570 0.223145 0.080078 0.077148
0 0.971191 0.518066 0.057617 0.083008
0 0.330566 0.045898 0.182617 0.087891
0 0.624512 0.499512 0.090820 0.110352
0 0.051758 0.089355 0.089844 0.084961
0 0.633301 0.318359 0.092773 0.078125
0 0.452148 0.073730 0.142578 0.079102
0 0.979980 0.899414 0.040039 0.095703
0 0.121094 0.510742 0.072266 0.056641
0 0.062012 0.374512 0.100586 0.075195
0 0.702148 0.562012 0.060547 0.059570
0 0.559570 0.465820 0.095703 0.117188
0 0.718262 0.974609 0.047852 0.050781
0 0.908691 0.533203 0.067383 0.062500
0 0.625977 0.254395 0.087891 0.069336
0 0.928223 0.674316 0.086914 0.065430
0 0.319336 0.726074 0.060547 0.057617
0 0.953613 0.650879 0.092773 0.157227
0 0.203613 0.070801 0.057617 0.047852
0 0.650879 0.383301 0.202148 0.086914
0 0.497070 0.968750 0.064453 0.062500
0 0.074707 0.826172 0.145508 0.062500
0 0.284180 0.280762 0.080078 0.108398
0 0.339844 0.825684 0.080078 0.118164
0 0.041992 0.456055 0.080078 0.097656
0 0.849609 0.988281 0.095703 0.023438
0 0.803223 0.030762 0.086914 0.057617
0 0.549316 0.024414 0.073242 0.042969
0 0.385742 0.804688 0.158203 0.259766
0 0.813965 0.496094 0.067383 0.105469
0 0.398438 0.013184 0.064453 0.026367
0 0.738281 0.105957 0.033203 0.032227
0 0.048340 0.814453 0.092773 0.095703
0 0.557617 0.082031 0.056641 0.046875
