0 0.160645 0.547363 0.118164 0.120117
0 0.220703 0.852051 0.107422 0.149414
0 0.084961 0.778320 0.119141 0.097656
0 0.453613 0.178711 0.112305 0.132812
0 0.669434 0.221680 0.120117 0.152344
0 0.222168 0.274902 0.100586 0.120117
0 0.571289 0.350098 0.097656 0.096680
0 0.889648 0.925781 0.125000 0.113281
0 0.043457 0.052246 0.086914 0.104492
0 0.744629 0.673340 0.245117 0.118164
0 0.080566 0.637207 0.092773 0.094727
0 0.717285 0.465332 0.174805 0.102539
0 0.644531 0.032227 0.164062 0.064453
0 0.678223 0.913086 0.131836 0.107422
0 0.548340 0.486816 0.202148 0.104492
0 0.855469 0.788086 0.097656 0.097656
0 0.609375 0.579590 0.072266 0.067383
