0 0.831055 0.517578 0.091797 0.082031
0 0.675781 0.162598 0.044922 0.073242
0 0.060059 0.553223 0.079102 0.069336
0 0.854492 0.839844 0.109375 0.054688
0 0.717285 0.733887 0.077148 0.100586
0 0.074219 0.114258 0.138672 0.070312
0 0.308105 0.151855 0.041992 0.090820
0 0.223633 0.411621 0.050781 0.088867
0 0.078613 0.775391 0.081055 0.052734
0 0.541992 0.924316 0.095703 0.047852
0 0.866699 0.452148 0.067383 0.060547
0 0.697754 0.133301 0.063477 0.088867
0 0.188477 0.508301 0.060547 0.055664
0 0.580078 0.246094 0.105469 0.064453
0 0.718262 0.856934 0.100586 0.041992
0 0.443848 0.596680 0.040039 0.044922
0 0.239746 0.083496 0.098633 0.083008
0 0.968262 0.764648 0.063477 0.070312
0 0.459473 0.764160 0.090820 0.079102
0 0.096680 0.455566 0.058594 0.061523
0 0.211914 0.558105 0.058594 0.040039
0 0.462891 0.963867 0.076172 0.072266
0 0.967285 0.298828 0.055664 0.054688
0 0.649902 0.524902 0.106445 0.051758
0 0.043945 0.947266 0.083984 0.093750
0 0.623047 0.225098 0.109375 0.038086
0 0.503906 0.161133 0.064453 0.056641
0 0.558105 0.767578 0.067383 0.050781
0 0.017090 0.525879 0.032227 0.043945
0 0.364258 0.439941 0.072266 0.055664
0 0.120605 0.893555 0.049805 0.078125
0 0.621582 0.028809 0.065430 0.055664
0 0.794434 0.943359 0.090820 0.037109
0 0.915527 0.538086 0.053711 0.064453
0 0.486816 0.518066 0.069336 0.051758
0 0.168457 0.621582 0.055664 0.051758
0 0.978027 0.550293 0.043945 0.040039
0 0.515625 0.554199 0.070312 0.051758
0 0.615234 0.182617 0.076172 0.058594
0 0.909180 0.299316 0.062500 0.040039
0 0.882812 0.190918 0.126953 0.069336
0 0.326172 0.513184 0.054688 0.084961
0 0.088379 0.172363 0.034180 0.045898
0 0.733398 0.595215 0.054688 0.051758
0 0.276855 0.569336 0.075195 0.033203
0 0.754395 0.483398 0.071289 0.062500
0 0.946777 0.022461 0.049805 0.044922
0 0.725098 0.409180 0.061523 0.080078
0 0.035156 0.423340 0.066406 0.098633
0 0.889648 0.022461 0.048828 0.042969
0 0.033691 0.241211 0.067383 0.035156
0 0.808105 0.674805 0.051758 0.062500
0 0.804199 0.858398 0.059570 0.039062
0 0.425293 0.569336 0.090820 0.037109
0 0.564453 0.621094 0.087891 0.050781
0 0.804688 0.726074 0.080078 0.067383
0 0.144531 0.425293 0.082031 0.098633
0 0.779785 0.396484 0.063477 0.064453
0 0.492188 0.481934 0.060547 0.049805
0 0.405762 0.535645 0.063477 0.038086
0 0.075195 0.409668 0.109375 0.071289
0 0.043457 0.990723 0.061523 0.012695
0 0.384766 0.977539 0.095703 0.039062
0 0.460449 0.868164 0.145508 0.046875
0 0.741699 0.007812 0.049805 0.015625
0 0.026855 0.202637 0.053711 0.043945
0 0.855957 0.787109 0.043945 0.029297
0 0.115723 0.502930 0.086914 0.062500
0 0.596191 0.569824 0.088867 0.051758
0 0.020508 0.301270 0.041016 0.034180
0 0.058105 0.188965 0.049805 0.038086
0 0.984863 0.180664 0.030273 0.039062
0 0.864258 0.807617 0.044922 0.023438
0 0.373047 0.053223 0.074219 0.086914
0 0.867676 0.151855 0.053711 0.055664
0 0.574707 0.478027 0.053711 0.047852
0 0.980957 0.945312 0.036133 0.035156
0 0.679688 0.405273 0.046875 0.076172
