0 0.042969 0.034668 0.056641 0.069336
0 0.231445 0.119141 0.089844 0.072266
0 0.428711 0.117188 0.105469 0.080078
0 0.875000 0.175781 0.085938 0.099609
0 0.956055 0.212891 0.087891 0.078125
0 0.965332 0.322754 0.055664 0.067383
0 0.976562 0.390137 0.046875 0.059570
0 0.884277 0.400391 0.071289 0.087891
0 0.855469 0.487793 0.085938 0.116211
0 0.802734 0.514160 0.085938 0.108398
0 0.982910 0.536621 0.034180 0.063477
0 0.672363 0.500488 0.069336 0.069336
0 0.663574 0.388184 0.057617 0.041992
0 0.527344 0.332031 0.107422 0.080078
0 0.345703 0.222168 0.123047 0.065430
0 0.406738 0.319824 0.100586 0.073242
0 0.370117 0.386230 0.083984 0.063477
0 0.479004 0.425293 0.069336 0.077148
0 0.501953 0.510254 0.089844 0.079102
0 0.350098 0.650879 0.096680 0.096680
0 0.229004 0.601074 0.108398 0.088867
0 0.245117 0.428711 0.080078 0.076172
0 0.078613 0.333496 0.077148 0.104492
0 0.058594 0.426758 0.072266 0.085938
0 0.085449 0.622559 0.092773 0.090820
0 0.045410 0.747559 0.090820 0.073242
0 0.370117 0.918945 0.099609 0.111328
0 0.221680 0.836914 0.080078 0.076172
0 0.630859 0.888672 0.119141 0.119141
0 0.792969 0.805664 0.126953 0.087891
0 0.665039 0.688477 0.091797 0.105469
0 0.955566 0.761230 0.088867 0.098633
0 0.151855 0.531738 0.090820 0.051758
0 0.388184 0.734863 0.090820 0.059570
0 0.598145 0.954102 0.059570 0.062500
0 0.783691 0.969238 0.077148 0.061523
0 0.957031 0.093262 0.056641 0.069336
