0 0.361328 0.264160 0.060547 0.092773
0 0.159668 0.395508 0.075195 0.099609
0 0.700195 0.588379 0.089844 0.116211
0 0.351562 0.105957 0.072266 0.098633
0 0.465820 0.784180 0.068359 0.074219
0 0.042480 0.735352 0.084961 0.064453
0 0.474121 0.103027 0.075195 0.051758
0 0.311035 0.041992 0.051758 0.083984
0 0.238770 0.292969 0.051758 0.066406
0 0.149902 0.536133 0.065430 0.056641
0 0.813477 0.048828 0.035156 0.080078
0 0.125000 0.950684 0.146484 0.049805
0 0.917480 0.056641 0.063477 0.054688
0 0.324219 0.375977 0.041016 0.089844
0 0.723633 0.186523 0.064453 0.054688
0 0.295898 0.893555 0.046875 0.074219
0 0.200195 0.041016 0.027344 0.080078
0 0.087402 0.067383 0.083008 0.056641
0 0.550293 0.320312 0.084961 0.048828
0 0.605469 0.933594 0.083984 0.068359
0 0.511230 0.413086 0.065430 0.050781
0 0.952637 0.682617 0.069336 0.039062
0 0.537109 0.696777 0.087891 0.032227
0 0.954590 0.926758 0.051758 0.052734
0 0.121582 0.323242 0.049805 0.062500
0 0.306152 0.658691 0.061523 0.071289
0 0.090820 0.517578 0.068359 0.031250
0 0.963867 0.167480 0.066406 0.034180
0 0.778320 0.590332 0.041016 0.071289
0 0.483398 0.518066 0.058594 0.061523
0 0.811523 0.940430 0.031250 0.091797
0 0.031738 0.149414 0.063477 0.035156
0 0.521484 0.242188 0.078125 0.074219
0 0.140137 0.212891 0.065430 0.023438
0 0.791504 0.833496 0.026367 0.071289
0 0.909668 0.522949 0.073242 0.043945
0 0.157227 0.812500 0.070312 0.017578
0 0.886230 0.456055 0.071289 0.031250
0 0.255859 0.357910 0.050781 0.047852
0 0.248047 0.208008 0.056641 0.039062
0 0.725586 0.083008 0.041016 0.062500
0 0.218750 0.516113 0.048828 0.022461
0 0.393555 0.937500 0.031250 0.099609
0 0.394531 0.502441 0.070312 0.049805
0 0.095215 0.221680 0.127930 0.066406
0 0.936035 0.792969 0.043945 0.035156
0 0.089355 0.851074 0.075195 0.049805
0 0.304199 0.973145 0.045898 0.032227
0 0.068359 0.189941 0.070312 0.040039
0 0.179688 0.988281 0.029297 0.023438
0 0.728516 0.667480 0.062500 0.038086
0 0.700195 0.340820 0.082031 0.042969
0 0.044922 0.784668 0.087891 0.032227
0 0.872559 0.557129 0.047852 0.053711
0 0.676270 0.210449 0.030273 0.040039
0 0.017578 0.109375 0.035156 0.037109
0 0.566895 0.902344 0.071289 0.035156
0 0.453613 0.935547 0.041992 0.037109
0 0.916504 0.947266 0.047852 0.021484
0 0.832031 0.229492 0.046875 0.044922
0 0.509766 0.612793 0.048828 0.038086
0 0.580566 0.729980 0.047852 0.036133
0 0.467285 0.740234 0.065430 0.041016
0 0.299805 0.691895 0.085938 0.041992
0 0.187012 0.913086 0.069336 0.041016
0 0.973145 0.231445 0.053711 0.050781
0 0.990234 0.402832 0.019531 0.043945
0 0.905273 0.405762 0.121094 0.045898
0 0.959473 0.358398 0.047852 0.056641
0 0.547852 0.389648 0.052734 0.041016
0 0.946289 0.843750 0.056641 0.042969
0 0.036133 0.904297 0.072266 0.074219
0 0.498535 0.975586 0.071289 0.027344
