0 0.640625 0.125977 0.078125 0.097656
0 0.249512 0.269531 0.149414 0.085938
0 0.210449 0.085938 0.112305 0.062500
0 0.719727 0.066895 0.080078 0.104492
0 0.493164 0.032227 0.132812 0.064453
0 0.497559 0.100098 0.145508 0.139648
0 0.959473 0.366699 0.069336 0.084961
0 0.455566 0.398438 0.092773 0.117188
0 0.974609 0.284668 0.044922 0.084961
0 0.163086 0.542969 0.115234 0.099609
0 0.369629 0.601074 0.102539 0.110352
0 0.479980 0.464355 0.084961 0.100586
0 0.128418 0.168457 0.102539 0.102539
0 0.539062 0.564941 0.111328 0.120117
0 0.219727 0.175781 0.054688 0.062500
0 0.625488 0.561035 0.077148 0.112305
0 0.957520 0.473145 0.069336 0.102539
0 0.610840 0.371582 0.077148 0.084961
0 0.046875 0.219238 0.093750 0.069336
0 0.064941 0.296875 0.129883 0.156250
0 0.974609 0.156250 0.050781 0.062500
0 0.503418 0.321777 0.127930 0.059570
0 0.048340 0.039551 0.083008 0.059570
0 0.138184 0.045898 0.092773 0.062500
0 0.243164 0.332031 0.087891 0.099609
0 0.355957 0.338379 0.083008 0.102539
0 0.428223 0.369629 0.077148 0.114258
0 0.547363 0.465820 0.094727 0.123047
0 0.969727 0.099609 0.060547 0.064453
0 0.124023 0.271973 0.076172 0.065430
