0 0.944824 0.830078 0.069336 0.072266
0 0.626953 0.938965 0.076172 0.071289
0 0.143066 0.335449 0.059570 0.077148
0 0.059082 0.974609 0.086914 0.046875
0 0.664551 0.796875 0.053711 0.103516
0 0.349609 0.700195 0.078125 0.089844
0 0.048828 0.059570 0.089844 0.078125
0 0.779297 0.035645 0.058594 0.071289
0 0.863281 0.110352 0.035156 0.056641
0 0.800781 0.162109 0.064453 0.056641
0 0.783203 0.670410 0.076172 0.055664
0 0.674316 0.406738 0.084961 0.094727
0 0.761719 0.538574 0.060547 0.086914
0 0.956055 0.205078 0.078125 0.058594
0 0.631348 0.564941 0.075195 0.067383
0 0.210449 0.806152 0.127930 0.077148
0 0.017090 0.772461 0.034180 0.087891
0 0.879883 0.080566 0.060547 0.069336
0 0.635742 0.149414 0.080078 0.054688
0 0.712891 0.212891 0.064453 0.052734
0 0.344727 0.042969 0.042969 0.082031
0 0.651367 0.039551 0.074219 0.075195
0 0.242676 0.254883 0.059570 0.064453
0 0.707520 0.616699 0.083008 0.045898
0 0.432617 0.267578 0.064453 0.056641
0 0.044922 0.679688 0.058594 0.064453
0 0.055176 0.770508 0.081055 0.042969
0 0.057617 0.562988 0.111328 0.069336
0 0.723633 0.557617 0.109375 0.054688
0 0.915527 0.913086 0.077148 0.044922
0 0.433594 0.085449 0.056641 0.030273
0 0.036133 0.125977 0.052734 0.074219
0 0.320801 0.375488 0.075195 0.055664
0 0.694336 0.142578 0.101562 0.039062
0 0.960449 0.462402 0.028320 0.055664
0 0.347168 0.509277 0.049805 0.081055
0 0.203613 0.889160 0.075195 0.036133
0 0.467773 0.445801 0.042969 0.092773
0 0.414062 0.657227 0.056641 0.070312
0 0.444336 0.219238 0.031250 0.073242
0 0.151367 0.107910 0.041016 0.086914
0 0.020996 0.840820 0.041992 0.027344
0 0.672852 0.474121 0.113281 0.036133
0 0.864258 0.220703 0.039062 0.072266
0 0.676758 0.101562 0.078125 0.060547
0 0.062012 0.414551 0.104492 0.040039
0 0.701660 0.975098 0.041992 0.049805
0 0.918945 0.979980 0.039062 0.040039
0 0.243652 0.406250 0.063477 0.048828
0 0.027832 0.460449 0.055664 0.030273
0 0.251465 0.775391 0.055664 0.042969
0 0.199219 0.289062 0.080078 0.044922
0 0.822754 0.738281 0.065430 0.023438
0 0.132812 0.323730 0.050781 0.061523
0 0.791016 0.329590 0.111328 0.049805
0 0.841797 0.146484 0.035156 0.097656
0 0.173340 0.590820 0.084961 0.039062
0 0.762695 0.802246 0.097656 0.049805
0 0.648926 0.884766 0.047852 0.044922
0 0.919434 0.142090 0.049805 0.065430
0 0.060059 0.403320 0.102539 0.044922
0 0.383301 0.849121 0.069336 0.047852
0 0.923828 0.774902 0.025391 0.065430
0 0.833008 0.957031 0.064453 0.044922
0 0.461426 0.192383 0.041992 0.033203
0 0.555664 0.812012 0.066406 0.049805
0 0.492188 0.254883 0.048828 0.054688
0 0.200684 0.782715 0.051758 0.032227
0 0.064600 0.739307 0.076074 0.037988
0 0.989746 0.140137 0.020508 0.081055
0 0.405273 0.668457 0.054688 0.069336
0 0.335449 0.216797 0.065430 0.033203
0 0.793945 0.249512 0.058594 0.051758
0 0.387695 0.191895 0.048828 0.045898
0 0.331055 0.925781 0.078125 0.066406
0 0.081543 0.559570 0.083008 0.039062
