0 0.266602 0.160645 0.080078 0.077148
0 0.452148 0.093262 0.085938 0.186523
0 0.084961 0.333984 0.138672 0.103516
0 0.343262 0.319336 0.088867 0.185547
0 0.415527 0.338867 0.069336 0.101562
0 0.296387 0.440430 0.151367 0.085938
0 0.479004 0.389648 0.086914 0.111328
0 0.553223 0.413086 0.094727 0.197266
0 0.636230 0.429688 0.088867 0.056641
0 0.145020 0.651367 0.081055 0.066406
0 0.119629 0.503906 0.139648 0.134766
0 0.070801 0.535645 0.114258 0.079102
0 0.373535 0.708496 0.118164 0.069336
0 0.063477 0.439453 0.121094 0.078125
0 0.741699 0.616699 0.114258 0.065430
0 0.684570 0.636230 0.087891 0.055664
0 0.645020 0.233887 0.084961 0.149414
0 0.329102 0.930176 0.140625 0.139648
0 0.644043 0.967773 0.104492 0.064453
0 0.758789 0.345215 0.121094 0.065430
0 0.689941 0.272461 0.116211 0.089844
0 0.832520 0.498047 0.067383 0.050781
0 0.395020 0.467285 0.075195 0.073242
0 0.573730 0.047852 0.051758 0.080078
0 0.986328 0.021973 0.027344 0.043945
0 0.044434 0.565430 0.088867 0.070312
0 0.019043 0.513184 0.038086 0.040039
