0 0.095703 0.123535 0.083984 0.065430
0 0.061523 0.217773 0.123047 0.109375
0 0.128906 0.228027 0.070312 0.069336
0 0.141602 0.323730 0.064453 0.102539
0 0.023926 0.365234 0.047852 0.066406
0 0.055176 0.425293 0.086914 0.112305
0 0.267578 0.928711 0.070312 0.142578
0 0.170410 0.761230 0.073242 0.120117
0 0.074219 0.725586 0.078125 0.085938
0 0.035645 0.692871 0.071289 0.094727
0 0.410156 0.823242 0.062500 0.156250
0 0.484863 0.854492 0.079102 0.134766
0 0.606934 0.784180 0.083008 0.125000
0 0.803711 0.836426 0.142578 0.120117
0 0.578125 0.594238 0.099609 0.094727
0 0.439941 0.654297 0.077148 0.097656
0 0.308594 0.615723 0.076172 0.094727
0 0.229492 0.676270 0.087891 0.069336
0 0.418457 0.096680 0.086914 0.070312
0 0.846680 0.037598 0.109375 0.069336
0 0.960938 0.160156 0.076172 0.103516
0 0.488770 0.228516 0.079102 0.062500
0 0.577637 0.218262 0.067383 0.059570
0 0.526367 0.327637 0.091797 0.059570
0 0.534180 0.405273 0.062500 0.080078
0 0.814453 0.313477 0.105469 0.107422
0 0.872070 0.305664 0.087891 0.050781
0 0.930176 0.555176 0.079102 0.090820
0 0.889160 0.593750 0.061523 0.093750
0 0.956543 0.820801 0.086914 0.094727
0 0.286133 0.031738 0.058594 0.061523
0 0.666504 0.070312 0.065430 0.076172
0 0.649414 0.172852 0.093750 0.099609
0 0.839844 0.168945 0.095703 0.083984
0 0.974121 0.458496 0.051758 0.055664
0 0.462402 0.523438 0.081055 0.048828
0 0.031250 0.539551 0.041016 0.059570
0 0.251465 0.203125 0.075195 0.087891
0 0.504395 0.139648 0.055664 0.039062
0 0.662109 0.436523 0.062500 0.054688
0 0.106445 0.430176 0.099609 0.065430
0 0.134277 0.877441 0.032227 0.057617
0 0.318359 0.930664 0.070312 0.050781
0 0.376953 0.891113 0.064453 0.124023
0 0.302734 0.862793 0.072266 0.059570
0 0.726074 0.544434 0.059570 0.045898
