0 0.143555 0.234863 0.074219 0.145508
0 0.028320 0.289062 0.056641 0.105469
0 0.325684 0.250488 0.069336 0.055664
0 0.243652 0.108398 0.063477 0.044922
0 0.399414 0.128906 0.070312 0.056641
0 0.441895 0.231934 0.053711 0.131836
0 0.495605 0.270996 0.075195 0.159180
0 0.228516 0.327148 0.083984 0.066406
0 0.120605 0.445312 0.073242 0.099609
0 0.227539 0.491699 0.058594 0.059570
0 0.281738 0.443359 0.053711 0.072266
0 0.139160 0.540039 0.059570 0.066406
0 0.263672 0.555176 0.072266 0.073242
0 0.637207 0.412598 0.077148 0.139648
0 0.673828 0.278320 0.074219 0.074219
0 0.478516 0.542480 0.074219 0.096680
0 0.451172 0.635742 0.080078 0.089844
0 0.373047 0.583984 0.070312 0.066406
0 0.266113 0.676758 0.094727 0.111328
0 0.150879 0.721680 0.077148 0.103516
0 0.047852 0.716797 0.095703 0.121094
0 0.034668 0.613281 0.067383 0.068359
0 0.383301 0.771973 0.065430 0.124023
0 0.325684 0.806152 0.114258 0.112305
0 0.480469 0.819336 0.140625 0.072266
0 0.075195 0.870605 0.103516 0.094727
0 0.201660 0.874023 0.055664 0.076172
0 0.261719 0.983887 0.083984 0.032227
0 0.335449 0.980957 0.051758 0.038086
0 0.142090 0.977051 0.065430 0.045898
0 0.608887 0.944824 0.079102 0.077148
0 0.719238 0.887207 0.110352 0.086914
0 0.706543 0.648926 0.083008 0.165039
0 0.776855 0.682617 0.049805 0.095703
0 0.844238 0.760254 0.063477 0.125977
0 0.958496 0.757324 0.083008 0.106445
0 0.906250 0.544922 0.062500 0.093750
0 0.921387 0.368652 0.053711 0.104492
0 0.769043 0.397461 0.079102 0.062500
0 0.687500 0.061035 0.060547 0.077148
0 0.873047 0.045410 0.056641 0.055664
0 0.983398 0.165527 0.033203 0.053711
0 0.996094 0.999512 0.001953 0.000977
0 0.262695 0.028320 0.105469 0.056641
0 0.082520 0.367676 0.077148 0.081055
0 0.349121 0.532715 0.077148 0.071289
0 0.274902 0.195312 0.036133 0.044922
0 0.786621 0.928711 0.049805 0.070312
0 0.770508 0.031250 0.064453 0.062500
0 0.496582 0.058594 0.049805 0.056641
0 0.571777 0.061523 0.043945 0.042969
0 0.198242 0.179199 0.058594 0.071289
0 0.178223 0.027344 0.045898 0.054688
0 0.108887 0.714844 0.055664 0.066406
0 0.215820 0.118164 0.078125 0.044922
0 0.291504 0.167969 0.024414 0.033203
0 0.269531 0.162598 0.033203 0.040039
0 0.019531 0.825195 0.039062 0.060547
