0 0.099121 0.904785 0.059570 0.077148
0 0.178223 0.902344 0.073242 0.083984
0 0.019531 0.694336 0.039062 0.089844
0 0.219238 0.786133 0.073242 0.072266
0 0.046387 0.112793 0.065430 0.077148
0 0.367676 0.058594 0.084961 0.117188
0 0.117188 0.313965 0.070312 0.057617
0 0.212402 0.339355 0.081055 0.118164
0 0.303711 0.305176 0.056641 0.075195
0 0.365234 0.323730 0.068359 0.139648
0 0.200684 0.436523 0.114258 0.058594
0 0.043457 0.484375 0.073242 0.056641
0 0.013184 0.574219 0.026367 0.126953
0 0.066895 0.577637 0.075195 0.112305
0 0.181152 0.557617 0.053711 0.064453
0 0.269043 0.585449 0.059570 0.092773
0 0.311035 0.674316 0.051758 0.077148
0 0.420898 0.672852 0.076172 0.058594
0 0.474609 0.545410 0.076172 0.145508
0 0.569824 0.451172 0.075195 0.087891
0 0.479004 0.864746 0.108398 0.065430
0 0.579102 0.805664 0.076172 0.082031
0 0.616211 0.738281 0.199219 0.111328
0 0.692871 0.941406 0.086914 0.080078
0 0.796387 0.862305 0.081055 0.056641
0 0.972656 0.762207 0.054688 0.049805
0 0.868164 0.764648 0.078125 0.089844
0 0.922363 0.632812 0.077148 0.072266
0 0.905273 0.289062 0.074219 0.068359
0 0.966797 0.248047 0.066406 0.066406
0 0.867676 0.449219 0.081055 0.113281
0 0.872070 0.092773 0.072266 0.076172
0 0.701660 0.043457 0.084961 0.086914
0 0.603516 0.050781 0.080078 0.064453
0 0.508301 0.029785 0.059570 0.053711
0 0.604492 0.218750 0.068359 0.101562
0 0.463867 0.273926 0.089844 0.049805
0 0.527344 0.226562 0.066406 0.052734
0 0.640137 0.337891 0.104492 0.082031
0 0.537598 0.331055 0.057617 0.093750
0 0.498535 0.378906 0.057617 0.056641
0 0.296875 0.872559 0.078125 0.059570
0 0.659180 0.586426 0.119141 0.141602
0 0.815430 0.935059 0.058594 0.053711
0 0.670410 0.188477 0.065430 0.060547
0 0.987793 0.023926 0.024414 0.028320
0 0.983887 0.192383 0.032227 0.042969
0 0.937012 0.212402 0.041992 0.043945
0 0.763184 0.985840 0.051758 0.026367
0 0.165527 0.685547 0.040039 0.035156
0 0.158203 0.838867 0.058594 0.044922
0 0.089844 0.821777 0.044922 0.040039
0 0.606445 0.684082 0.062500 0.045898
0 0.552246 0.658691 0.063477 0.053711
0 0.992188 0.581543 0.015625 0.045898
0 0.761719 0.482422 0.035156 0.033203
0 0.866699 0.562012 0.063477 0.053711
0 0.992676 0.798828 0.014648 0.042969
