0 0.783691 0.455566 0.069336 0.084961
0 0.022949 0.683594 0.045898 0.066406
0 0.347168 0.366699 0.098633 0.057617
0 0.887207 0.188477 0.077148 0.062500
0 0.536621 0.356934 0.069336 0.100586
0 0.686523 0.494629 0.080078 0.059570
0 0.373535 0.471680 0.143555 0.056641
0 0.174316 0.412109 0.069336 0.060547
0 0.078613 0.469238 0.094727 0.051758
0 0.709961 0.399414 0.066406 0.072266
0 0.342285 0.831543 0.098633 0.045898
0 0.720703 0.341797 0.056641 0.080078
0 0.503906 0.118164 0.076172 0.056641
0 0.701660 0.161133 0.051758 0.066406
0 0.230957 0.048828 0.065430 0.044922
0 0.353516 0.921875 0.074219 0.050781
0 0.680176 0.959473 0.079102 0.041992
0 0.600098 0.767578 0.086914 0.037109
0 0.806152 0.972656 0.061523 0.050781
0 0.749512 0.957520 0.059570 0.059570
0 0.116699 0.209961 0.077148 0.044922
0 0.461426 0.984863 0.088867 0.030273
0 0.942383 0.506348 0.074219 0.040039
0 0.109863 0.015137 0.047852 0.030273
0 0.031250 0.495117 0.058594 0.039062
0 0.511230 0.446289 0.069336 0.044922
0 0.103516 0.438477 0.074219 0.033203
0 0.113770 0.055176 0.086914 0.036133
0 0.416504 0.761230 0.051758 0.036133
0 0.822266 0.352539 0.056641 0.042969
0 0.766602 0.745117 0.058594 0.044922
0 0.639648 0.587402 0.058594 0.034180
0 0.118652 0.142090 0.073242 0.038086
0 0.102051 0.771973 0.084961 0.040039
0 0.491211 0.459473 0.066406 0.045898
0 0.974609 0.068848 0.046875 0.069336
0 0.447266 0.547363 0.064453 0.026367
0 0.274902 0.848145 0.086914 0.036133
0 0.971680 0.028320 0.044922 0.054688
0 0.395508 0.791504 0.085938 0.026367
0 0.645996 0.808105 0.069336 0.028320
0 0.405762 0.428711 0.059570 0.064453
0 0.971191 0.293457 0.057617 0.030273
0 0.874512 0.982910 0.040039 0.034180
0 0.019531 0.801758 0.039062 0.019531
0 0.180664 0.855469 0.085938 0.019531
0 0.090820 0.167969 0.091797 0.062500
0 0.869141 0.747070 0.046875 0.041016
0 0.797363 0.539551 0.049805 0.040039
0 0.892578 0.434570 0.058594 0.046875
0 0.808105 0.779785 0.030273 0.047852
0 0.341309 0.491211 0.086914 0.039062
0 0.826172 0.842285 0.023438 0.071289
0 0.899414 0.469238 0.050781 0.061523
0 0.761719 0.015137 0.033203 0.030273
0 0.275391 0.232910 0.058594 0.047852
0 0.168945 0.541504 0.087891 0.047852
0 0.303223 0.228027 0.053711 0.038086
0 0.943359 0.837891 0.066406 0.074219
0 0.975586 0.765625 0.048828 0.050781
