0 0.366699 0.085938 0.081055 0.093750
0 0.797363 0.092773 0.071289 0.085938
0 0.726562 0.139648 0.074219 0.078125
0 0.280762 0.337402 0.098633 0.051758
0 0.899414 0.032715 0.064453 0.063477
0 0.406250 0.260254 0.082031 0.038086
0 0.991699 0.548828 0.016602 0.087891
0 0.499512 0.111816 0.092773 0.065430
0 0.245605 0.097168 0.096680 0.051758
0 0.542480 0.262207 0.061523 0.071289
0 0.402344 0.926270 0.093750 0.047852
0 0.522461 0.850586 0.130859 0.080078
0 0.931152 0.386230 0.073242 0.041992
0 0.692383 0.598145 0.117188 0.051758
0 0.058594 0.663574 0.115234 0.051758
0 0.603027 0.727539 0.081055 0.048828
0 0.137695 0.346680 0.091797 0.062500
0 0.032227 0.385742 0.064453 0.046875
0 0.655762 0.854492 0.081055 0.064453
0 0.542969 0.329590 0.060547 0.065430
0 0.154297 0.511719 0.083984 0.052734
0 0.851562 0.560547 0.091797 0.042969
0 0.723145 0.058105 0.032227 0.077148
0 0.732422 0.967285 0.037109 0.065430
0 0.085449 0.767578 0.094727 0.058594
0 0.293457 0.382324 0.065430 0.047852
0 0.777832 0.649414 0.077148 0.048828
0 0.777344 0.026367 0.070312 0.052734
0 0.601074 0.108887 0.077148 0.053711
0 0.544434 0.017578 0.043945 0.035156
0 0.407227 0.054688 0.066406 0.070312
0 0.634277 0.632812 0.055664 0.044922
0 0.764160 0.773926 0.063477 0.040039
0 0.916992 0.621582 0.052734 0.073242
0 0.022949 0.057617 0.045898 0.041016
0 0.623047 0.286133 0.072266 0.062500
0 0.096191 0.854004 0.092773 0.047852
0 0.981934 0.733887 0.036133 0.040039
0 0.555664 0.537109 0.062500 0.076172
0 0.435547 0.615723 0.095703 0.061523
0 0.121094 0.285645 0.101562 0.036133
0 0.604980 0.691406 0.075195 0.027344
0 0.578125 0.583984 0.058594 0.031250
0 0.521973 0.706055 0.061523 0.056641
0 0.706543 0.011719 0.061523 0.023438
0 0.287109 0.727051 0.132812 0.057617
0 0.692871 0.931152 0.053711 0.051758
0 0.918945 0.555664 0.062500 0.052734
0 0.109375 0.976562 0.085938 0.044922
0 0.244629 0.641113 0.067383 0.061523
0 0.844238 0.965332 0.051758 0.028320
0 0.925293 0.679199 0.073242 0.049805
0 0.560059 0.648926 0.081055 0.040039
0 0.772949 0.419434 0.077148 0.053711
0 0.606445 0.963867 0.074219 0.039062
0 0.887695 0.945312 0.064453 0.048828
0 0.579102 0.060059 0.083984 0.040039
0 0.537598 0.976562 0.063477 0.046875
0 0.187500 0.755859 0.091797 0.052734
0 0.083008 0.441895 0.072266 0.043945
0 0.767090 0.364258 0.071289 0.052734
0 0.746094 0.046875 0.027344 0.062500
0 0.134277 0.911133 0.073242 0.021484
0 0.766113 0.528809 0.055664 0.049805
0 0.888184 0.728516 0.059570 0.056641
0 0.160645 0.445801 0.118164 0.041992
0 0.353516 0.976074 0.068359 0.047852
0 0.834473 0.762207 0.057617 0.028320
0 0.661621 0.534668 0.059570 0.055664
0 0.821289 0.010254 0.054688 0.020508
0 0.234863 0.955566 0.096680 0.045898
0 0.417969 0.010254 0.080078 0.020508
0 0.565918 0.972656 0.067383 0.054688
0 0.678711 0.042480 0.062500 0.047852
0 0.227051 0.287598 0.081055 0.047852
0 0.395996 0.397949 0.104492 0.041992
0 0.446289 0.654297 0.083984 0.035156
0 0.190430 0.386230 0.066406 0.051758
0 0.022949 0.214355 0.041992 0.053711
0 0.711426 0.921387 0.041992 0.057617
0 0.912598 0.982910 0.061523 0.028320
0 0.729980 0.559082 0.086914 0.059570
0 0.741211 0.211914 0.070312 0.044922
0 0.245605 0.238281 0.079102 0.041016
0 0.599121 0.174805 0.084961 0.046875
0 0.980469 0.095215 0.039062 0.047852
0 0.889648 0.806152 0.046875 0.032227
0 0.145996 0.929688 0.071289 0.033203
0 0.287109 0.690918 0.093750 0.051758
0 0.764160 0.729004 0.061523 0.036133
0 0.622070 0.142090 0.048828 0.034180
0 0.444824 0.784668 0.047852 0.028320
