0 0.587891 0.771973 0.062500 0.069336
0 0.976074 0.670410 0.047852 0.067383
0 0.125977 0.405762 0.082031 0.102539
0 0.915527 0.920898 0.071289 0.097656
0 0.147461 0.225098 0.087891 0.151367
0 0.145508 0.638184 0.097656 0.086914
0 0.506836 0.355957 0.089844 0.092773
0 0.504395 0.078125 0.100586 0.117188
0 0.617188 0.344238 0.070312 0.084961
0 0.617188 0.695801 0.109375 0.108398
0 0.598145 0.578613 0.083008 0.092773
0 0.481934 0.753418 0.114258 0.092773
0 0.692383 0.514648 0.080078 0.089844
0 0.590820 0.488281 0.082031 0.101562
0 0.245605 0.561523 0.065430 0.070312
0 0.073242 0.328613 0.091797 0.092773
0 0.333008 0.946777 0.062500 0.075195
0 0.522949 0.251953 0.067383 0.074219
0 0.806641 0.663574 0.058594 0.059570
0 0.801758 0.500977 0.070312 0.072266
0 0.763184 0.809570 0.051758 0.074219
0 0.108398 0.929199 0.091797 0.073242
0 0.402344 0.033203 0.080078 0.062500
0 0.796875 0.971191 0.060547 0.057617
0 0.700195 0.624512 0.048828 0.059570
0 0.072266 0.140625 0.054688 0.072266
0 0.025879 0.205566 0.047852 0.077148
0 0.040527 0.654785 0.077148 0.049805
0 0.037109 0.701660 0.070312 0.049805
0 0.194824 0.211914 0.036133 0.054688
