0 0.312988 0.754883 0.088867 0.083984
0 0.496094 0.751953 0.080078 0.074219
0 0.705566 0.849609 0.086914 0.072266
0 0.750000 0.795410 0.062500 0.063477
0 0.824707 0.779785 0.090820 0.061523
0 0.031250 0.622559 0.062500 0.122070
0 0.074707 0.708984 0.073242 0.066406
0 0.132324 0.685059 0.059570 0.069336
0 0.166016 0.628906 0.070312 0.066406
0 0.246582 0.601074 0.077148 0.071289
0 0.349121 0.646484 0.069336 0.062500
0 0.424316 0.622559 0.057617 0.098633
0 0.511719 0.577148 0.103516 0.093750
0 0.561035 0.633789 0.088867 0.074219
0 0.602051 0.573730 0.075195 0.075195
0 0.776855 0.597656 0.075195 0.062500
0 0.593750 0.716309 0.085938 0.065430
0 0.716797 0.677734 0.080078 0.066406
0 0.791992 0.669434 0.068359 0.067383
0 0.926758 0.650879 0.058594 0.114258
0 0.943359 0.529297 0.113281 0.117188
0 0.693359 0.384766 0.066406 0.060547
0 0.620117 0.326172 0.070312 0.068359
0 0.491699 0.297363 0.075195 0.057617
0 0.023438 0.286621 0.046875 0.067383
0 0.041992 0.104492 0.062500 0.070312
0 0.691895 0.067871 0.127930 0.127930
0 0.809570 0.094238 0.078125 0.079102
0 0.858887 0.054199 0.090820 0.098633
0 0.757324 0.193359 0.110352 0.068359
0 0.798340 0.037109 0.067383 0.070312
