0 0.730469 0.012695 0.148438 0.025391
0 0.361816 0.290527 0.088867 0.268555
0 0.849121 0.315430 0.094727 0.060547
0 0.487305 0.584473 0.146484 0.131836
0 0.588379 0.797363 0.100586 0.106445
0 0.727539 0.692383 0.154297 0.189453
0 0.875000 0.813965 0.158203 0.110352
0 0.023926 0.382812 0.047852 0.115234
0 0.011719 0.215820 0.023438 0.097656
0 0.248535 0.895020 0.112305 0.206055
0 0.334473 0.637207 0.092773 0.159180
0 0.851074 0.180176 0.165039 0.139648
0 0.974121 0.114258 0.051758 0.074219
0 0.020508 0.532715 0.041016 0.075195
0 0.043945 0.972168 0.066406 0.055664
0 0.436523 0.864258 0.099609 0.203125
0 0.176270 0.559570 0.086914 0.113281
0 0.195801 0.417969 0.118164 0.062500
0 0.097656 0.427246 0.091797 0.053711
0 0.146484 0.324219 0.083984 0.052734
0 0.168457 0.251465 0.075195 0.083008
0 0.058105 0.174316 0.077148 0.131836
0 0.195312 0.100586 0.146484 0.070312
0 0.333008 0.080078 0.105469 0.142578
0 0.442383 0.046387 0.054688 0.092773
0 0.564941 0.120117 0.057617 0.076172
0 0.235352 0.007812 0.085938 0.015625
0 0.085449 0.022949 0.092773 0.045898
0 0.452637 0.268555 0.131836 0.236328
0 0.625977 0.221191 0.109375 0.245117
0 0.435059 0.479980 0.041992 0.059570
0 0.473145 0.464355 0.055664 0.049805
0 0.257324 0.676758 0.053711 0.091797
0 0.326172 0.767090 0.066406 0.092773
0 0.389648 0.656738 0.054688 0.131836
0 0.636719 0.927734 0.072266 0.041016
0 0.649414 0.984375 0.064453 0.031250
0 0.844727 0.933105 0.083984 0.133789
0 0.980957 0.954102 0.038086 0.087891
0 0.934082 0.728027 0.059570 0.049805
0 0.840332 0.545898 0.098633 0.062500
0 0.703613 0.522949 0.125977 0.083008
0 0.733398 0.453613 0.066406 0.081055
0 0.989746 0.444336 0.020508 0.048828
0 0.922852 0.399414 0.042969 0.060547
0 0.950684 0.251465 0.065430 0.065430
0 0.540039 0.018066 0.052734 0.036133
0 0.728027 0.161621 0.112305 0.188477
0 0.741699 0.289062 0.104492 0.087891
0 0.496582 0.970215 0.086914 0.059570
