0 0.093750 0.836914 0.078125 0.041016
0 0.092773 0.918945 0.103516 0.056641
0 0.237305 0.973633 0.103516 0.052734
0 0.201172 0.877441 0.060547 0.026367
0 0.265625 0.815918 0.048828 0.041992
0 0.334473 0.798828 0.063477 0.037109
0 0.408203 0.805176 0.048828 0.045898
0 0.409668 0.910156 0.051758 0.052734
0 0.508301 0.978027 0.075195 0.043945
0 0.640137 0.864746 0.086914 0.043945
0 0.768066 0.957031 0.061523 0.085938
0 0.098633 0.260742 0.111328 0.042969
0 0.022461 0.337402 0.044922 0.038086
0 0.135254 0.476074 0.094727 0.106445
0 0.748047 0.016113 0.062500 0.032227
0 0.916992 0.014648 0.082031 0.029297
0 0.970703 0.096191 0.048828 0.034180
0 0.948242 0.181152 0.066406 0.036133
0 0.314941 0.014648 0.047852 0.029297
0 0.277832 0.064941 0.090820 0.043945
0 0.489746 0.109863 0.077148 0.065430
0 0.604980 0.130859 0.083008 0.025391
0 0.596680 0.120117 0.076172 0.027344
0 0.615723 0.061523 0.045898 0.027344
0 0.420410 0.207520 0.063477 0.034180
0 0.380371 0.349609 0.086914 0.048828
0 0.296875 0.394043 0.048828 0.036133
0 0.369629 0.388672 0.094727 0.048828
0 0.463379 0.465820 0.073242 0.050781
0 0.421387 0.490234 0.125977 0.042969
0 0.497559 0.499023 0.114258 0.068359
0 0.317871 0.541504 0.110352 0.045898
0 0.520020 0.598145 0.034180 0.055664
0 0.686035 0.546387 0.051758 0.049805
0 0.708496 0.419434 0.102539 0.063477
0 0.894531 0.575684 0.041016 0.034180
0 0.906250 0.664062 0.031250 0.101562
0 0.866699 0.349609 0.028320 0.037109
0 0.057617 0.529785 0.089844 0.045898
0 0.801270 0.127441 0.043945 0.067383
0 0.178223 0.304199 0.084961 0.059570
0 0.501465 0.016113 0.036133 0.032227
