0 0.191406 0.794922 0.119141 0.062500
0 0.344727 0.099609 0.064453 0.074219
0 0.041992 0.933105 0.083984 0.084961
0 0.834473 0.138672 0.071289 0.093750
0 0.158203 0.325684 0.107422 0.065430
0 0.034668 0.546387 0.069336 0.077148
0 0.879883 0.923828 0.093750 0.082031
0 0.127441 0.026367 0.100586 0.052734
0 0.252930 0.172363 0.070312 0.063477
0 0.794922 0.320801 0.097656 0.090820
0 0.297363 0.209961 0.073242 0.060547
0 0.957520 0.166016 0.045898 0.050781
0 0.365723 0.414551 0.067383 0.118164
0 0.169434 0.118164 0.124023 0.068359
0 0.043457 0.204590 0.086914 0.114258
0 0.732422 0.148438 0.103516 0.121094
0 0.124023 0.617188 0.103516 0.083984
0 0.972168 0.017578 0.055664 0.035156
0 0.105957 0.750977 0.125977 0.058594
0 0.436035 0.101074 0.110352 0.110352
0 0.195312 0.576660 0.064453 0.065430
0 0.184570 0.973145 0.103516 0.053711
0 0.773926 0.385254 0.100586 0.094727
0 0.776855 0.783203 0.106445 0.093750
0 0.465820 0.496582 0.142578 0.090820
0 0.246582 0.724609 0.081055 0.060547
0 0.439453 0.698242 0.103516 0.107422
0 0.642090 0.181641 0.172852 0.126953
0 0.284668 0.366211 0.100586 0.087891
0 0.907715 0.608398 0.106445 0.099609
0 0.762207 0.942871 0.124023 0.090820
0 0.049316 0.823242 0.098633 0.072266
0 0.658691 0.510742 0.100586 0.107422
0 0.894043 0.066895 0.069336 0.104492
0 0.833008 0.877441 0.087891 0.067383
0 0.268555 0.914551 0.068359 0.067383
0 0.239746 0.823730 0.077148 0.079102
0 0.185059 0.696777 0.088867 0.061523
0 0.155762 0.270020 0.075195 0.061523
0 0.158203 0.509766 0.115234 0.080078
0 0.113281 0.468750 0.097656 0.068359
0 0.055664 0.458496 0.093750 0.065430
0 0.028809 0.131836 0.057617 0.062500
0 0.051758 0.035645 0.078125 0.053711
0 0.237305 0.447266 0.066406 0.056641
