0 0.106934 0.027832 0.094727 0.055664
0 0.033691 0.040039 0.061523 0.080078
0 0.227539 0.046387 0.064453 0.092773
0 0.163574 0.073242 0.086914 0.146484
0 0.507812 0.016602 0.080078 0.033203
0 0.575195 0.299805 0.083984 0.134766
0 0.512695 0.463867 0.125000 0.109375
0 0.415039 0.565918 0.076172 0.153320
0 0.291016 0.585449 0.167969 0.153320
0 0.116699 0.541016 0.141602 0.095703
0 0.049805 0.663574 0.091797 0.084961
0 0.172363 0.628906 0.157227 0.134766
0 0.174316 0.843750 0.225586 0.126953
0 0.219238 0.900391 0.073242 0.115234
0 0.410156 0.955078 0.115234 0.089844
0 0.524902 0.655762 0.118164 0.170898
0 0.789062 0.629395 0.103516 0.094727
0 0.861328 0.625488 0.064453 0.065430
0 0.498535 0.980957 0.077148 0.038086
0 0.712402 0.945801 0.086914 0.108398
0 0.751953 0.958496 0.130859 0.083008
0 0.813965 0.449219 0.124023 0.121094
0 0.951660 0.358887 0.065430 0.077148
0 0.223145 0.735352 0.176758 0.093750
0 0.025391 0.935547 0.048828 0.119141
0 0.458984 0.158691 0.083984 0.081055
0 0.029785 0.836426 0.059570 0.079102
0 0.188477 0.893066 0.101562 0.098633
