0 0.963379 0.962402 0.069336 0.053711
0 0.043457 0.819336 0.084961 0.050781
0 0.703613 0.177246 0.114258 0.043945
0 0.881348 0.569824 0.129883 0.065430
0 0.206055 0.202637 0.080078 0.069336
0 0.405273 0.504395 0.109375 0.049805
0 0.041504 0.522461 0.083008 0.050781
0 0.447266 0.637695 0.105469 0.039062
0 0.288574 0.168457 0.143555 0.092773
0 0.599609 0.250977 0.099609 0.066406
0 0.626465 0.760254 0.077148 0.071289
0 0.309082 0.587402 0.084961 0.049805
0 0.035156 0.300293 0.070312 0.041992
0 0.182129 0.469727 0.100586 0.060547
0 0.539062 0.148926 0.089844 0.061523
0 0.482422 0.163086 0.117188 0.062500
0 0.269043 0.664062 0.102539 0.046875
0 0.438965 0.863281 0.073242 0.060547
0 0.464844 0.248535 0.113281 0.059570
0 0.214844 0.962402 0.083984 0.053711
0 0.066895 0.925293 0.104492 0.032227
0 0.895508 0.353027 0.066406 0.026367
0 0.610840 0.319824 0.116211 0.043945
0 0.689453 0.945801 0.068359 0.047852
0 0.780762 0.946777 0.110352 0.057617
0 0.845703 0.884277 0.089844 0.067383
0 0.958984 0.806152 0.082031 0.049805
0 0.749512 0.371094 0.071289 0.039062
0 0.313965 0.322266 0.098633 0.058594
0 0.798828 0.595215 0.074219 0.043945
0 0.131836 0.020508 0.078125 0.041016
0 0.342773 0.842773 0.056641 0.033203
0 0.686523 0.268555 0.099609 0.054688
0 0.107910 0.068848 0.057617 0.032227
0 0.780762 0.178223 0.178711 0.098633
0 0.586914 0.022461 0.066406 0.044922
0 0.269531 0.939941 0.115234 0.028320
0 0.898926 0.193848 0.081055 0.036133
0 0.568848 0.907715 0.120117 0.032227
0 0.904785 0.226074 0.088867 0.045898
0 0.943848 0.500000 0.092773 0.060547
0 0.042969 0.167480 0.085938 0.049805
0 0.963379 0.018555 0.034180 0.037109
0 0.620605 0.172363 0.104492 0.057617
0 0.308594 0.210938 0.107422 0.066406
0 0.978516 0.485840 0.042969 0.040039
0 0.440918 0.810059 0.055664 0.034180
0 0.327637 0.265137 0.125977 0.041992
0 0.041016 0.660156 0.082031 0.048828
0 0.188965 0.518555 0.143555 0.042969
0 0.178711 0.562500 0.121094 0.078125
0 0.809082 0.020996 0.081055 0.041992
0 0.975586 0.882324 0.048828 0.053711
0 0.431152 0.561035 0.139648 0.045898
0 0.251953 0.860840 0.119141 0.053711
0 0.886230 0.855957 0.106445 0.040039
0 0.259766 0.547852 0.119141 0.039062
0 0.251953 0.269531 0.070312 0.039062
0 0.189453 0.278320 0.095703 0.048828
0 0.045410 0.038574 0.067383 0.047852
0 0.335938 0.913574 0.130859 0.043945
0 0.802734 0.908691 0.099609 0.038086
0 0.591797 0.883301 0.062500 0.036133
0 0.568359 0.789551 0.132812 0.047852
0 0.120605 0.697266 0.088867 0.041016
0 0.091797 0.618652 0.089844 0.034180
0 0.268555 0.011719 0.064453 0.023438
0 0.158691 0.920410 0.104492 0.041992
0 0.148926 0.199219 0.067383 0.033203
0 0.437988 0.937012 0.124023 0.055664
0 0.217285 0.554199 0.102539 0.073242
0 0.094727 0.591797 0.095703 0.048828
0 0.126465 0.206055 0.122070 0.105469
0 0.037109 0.543945 0.074219 0.031250
0 0.158203 0.973633 0.103516 0.042969
0 0.106934 0.967285 0.075195 0.045898
0 0.444336 0.875488 0.111328 0.028320
