0 0.528809 0.734375 0.084961 0.111328
0 0.669434 0.558594 0.139648 0.187500
0 0.442871 0.910645 0.145508 0.120117
0 0.779785 0.938477 0.190430 0.107422
0 0.789062 0.617676 0.173828 0.108398
0 0.610352 0.839355 0.107422 0.100586
0 0.741211 0.873535 0.142578 0.092773
0 0.603027 0.978027 0.094727 0.043945
0 0.548828 0.427734 0.111328 0.066406
0 0.485840 0.343262 0.092773 0.092773
0 0.701660 0.345703 0.120117 0.099609
0 0.552734 0.673340 0.125000 0.067383
0 0.805176 0.292480 0.129883 0.120117
0 0.310059 0.766602 0.073242 0.076172
0 0.594727 0.364746 0.097656 0.071289
