0 0.648438 0.052734 0.072266 0.105469
0 0.821289 0.181641 0.101562 0.080078
0 0.921875 0.212402 0.076172 0.094727
0 0.446777 0.075684 0.071289 0.094727
0 0.523438 0.069824 0.072266 0.122070
0 0.564941 0.118652 0.071289 0.077148
0 0.538574 0.254395 0.055664 0.073242
0 0.634766 0.245117 0.072266 0.113281
0 0.236816 0.032227 0.075195 0.064453
0 0.219238 0.140625 0.090820 0.091797
0 0.135742 0.061523 0.097656 0.052734
0 0.198730 0.071289 0.104492 0.033203
0 0.096191 0.237793 0.077148 0.102539
0 0.079102 0.312012 0.087891 0.061523
0 0.424316 0.318848 0.084961 0.061523
0 0.319336 0.343262 0.062500 0.065430
0 0.281250 0.525879 0.125000 0.137695
0 0.363770 0.640625 0.059570 0.076172
0 0.457520 0.718262 0.069336 0.096680
0 0.577637 0.762207 0.067383 0.086914
0 0.604980 0.702148 0.086914 0.048828
0 0.626953 0.481445 0.056641 0.074219
0 0.539551 0.383301 0.084961 0.057617
0 0.746094 0.449219 0.062500 0.105469
0 0.750488 0.513184 0.069336 0.141602
0 0.780273 0.589844 0.066406 0.160156
0 0.693359 0.585938 0.058594 0.134766
0 0.054199 0.063477 0.086914 0.099609
0 0.145996 0.791992 0.137695 0.066406
0 0.159668 0.856934 0.073242 0.092773
0 0.371582 0.920898 0.086914 0.076172
0 0.466797 0.969727 0.095703 0.058594
0 0.207520 0.943359 0.124023 0.089844
0 0.254883 0.879883 0.103516 0.062500
0 0.558594 0.890625 0.060547 0.107422
0 0.974609 0.646484 0.050781 0.048828
0 0.747559 0.785645 0.086914 0.141602
0 0.624512 0.858887 0.061523 0.092773
0 0.737305 0.963867 0.072266 0.072266
0 0.870117 0.921875 0.056641 0.156250
0 0.881348 0.554199 0.084961 0.102539
0 0.942383 0.506836 0.054688 0.095703
0 0.972656 0.264648 0.046875 0.054688
0 0.827148 0.023438 0.062500 0.046875
0 0.939453 0.029297 0.082031 0.058594
0 0.321289 0.024902 0.054688 0.049805
0 0.601562 0.799805 0.062500 0.058594
0 0.693359 0.734375 0.044922 0.037109
0 0.512695 0.189453 0.064453 0.046875
