0 0.162109 0.974609 0.160156 0.050781
0 0.540527 0.982422 0.192383 0.035156
0 0.123535 0.809570 0.122070 0.080078
0 0.349121 0.568359 0.165039 0.087891
0 0.242188 0.241211 0.125000 0.142578
0 0.687012 0.949707 0.090820 0.075195
0 0.454590 0.099609 0.120117 0.070312
0 0.247070 0.693359 0.050781 0.072266
0 0.259277 0.429199 0.084961 0.129883
0 0.276855 0.888184 0.104492 0.127930
0 0.824707 0.791992 0.084961 0.064453
0 0.543457 0.851074 0.067383 0.057617
0 0.808105 0.250488 0.127930 0.202148
0 0.180664 0.089355 0.107422 0.174805
0 0.673340 0.291992 0.102539 0.060547
0 0.541016 0.087891 0.082031 0.062500
0 0.834473 0.089844 0.114258 0.054688
0 0.457031 0.490723 0.095703 0.131836
0 0.085938 0.730469 0.087891 0.107422
0 0.419434 0.280762 0.139648 0.153320
0 0.812988 0.902832 0.092773 0.147461
0 0.913086 0.315918 0.123047 0.157227
0 0.311035 0.963379 0.092773 0.073242
0 0.684570 0.045898 0.220703 0.087891
0 0.907227 0.579102 0.179688 0.175781
0 0.538086 0.500977 0.072266 0.062500
0 0.969727 0.796875 0.060547 0.179688
0 0.767090 0.607422 0.135742 0.160156
0 0.615723 0.120605 0.092773 0.057617
0 0.400391 0.953613 0.152344 0.092773
0 0.126953 0.385742 0.099609 0.212891
0 0.664551 0.163574 0.155273 0.102539
0 0.373535 0.508301 0.092773 0.131836
0 0.655762 0.498047 0.110352 0.150391
0 0.974609 0.608887 0.050781 0.086914
0 0.050781 0.425781 0.097656 0.087891
0 0.906250 0.497070 0.062500 0.115234
0 0.035645 0.812012 0.067383 0.084961
0 0.802246 0.419434 0.110352 0.110352
0 0.023438 0.146973 0.042969 0.149414
0 0.045898 0.150391 0.037109 0.097656
0 0.656250 0.453125 0.037109 0.068359
0 0.756836 0.394531 0.099609 0.185547
0 0.726074 0.548828 0.174805 0.185547
0 0.757812 0.638184 0.062500 0.172852
0 0.306641 0.788574 0.138672 0.110352
0 0.294434 0.723145 0.073242 0.067383
