0 0.670898 0.705078 0.052734 0.087891
0 0.150879 0.514160 0.065430 0.088867
0 0.316895 0.439941 0.055664 0.127930
0 0.349121 0.670410 0.073242 0.073242
0 0.728027 0.494141 0.073242 0.160156
0 0.544922 0.861816 0.101562 0.102539
0 0.090332 0.726074 0.026367 0.090820
0 0.658691 0.836426 0.088867 0.094727
0 0.221191 0.541504 0.081055 0.086914
0 0.233887 0.658691 0.120117 0.110352
0 0.521973 0.536133 0.120117 0.035156
0 0.022461 0.929199 0.044922 0.073242
0 0.475586 0.076660 0.058594 0.092773
0 0.250000 0.102539 0.044922 0.087891
0 0.099121 0.600586 0.028320 0.125000
0 0.780273 0.810547 0.085938 0.070312
0 0.688965 0.614746 0.040039 0.071289
0 0.964844 0.443359 0.048828 0.082031
0 0.857910 0.467773 0.036133 0.117188
0 0.426270 0.624512 0.040039 0.090820
0 0.051758 0.525391 0.044922 0.126953
0 0.646484 0.143066 0.058594 0.081055
0 0.534180 0.118164 0.085938 0.169922
0 0.144043 0.620117 0.051758 0.054688
0 0.043457 0.276855 0.067383 0.055664
0 0.847656 0.538574 0.052734 0.077148
0 0.439453 0.275879 0.037109 0.069336
0 0.459473 0.603027 0.069336 0.043945
0 0.372070 0.733398 0.031250 0.054688
0 0.511865 0.334180 0.089551 0.048438
0 0.258301 0.920410 0.026367 0.059570
0 0.979980 0.240723 0.040039 0.032227
0 0.237793 0.190918 0.151367 0.045898
0 0.128418 0.884766 0.028320 0.058594
0 0.974609 0.610352 0.050781 0.023438
0 0.581055 0.208984 0.044922 0.072266
0 0.339844 0.732422 0.033203 0.046875
0 0.461426 0.563965 0.079102 0.045898
0 0.755371 0.989258 0.041992 0.021484
