0 0.244629 0.521973 0.114258 0.084961
0 0.236816 0.094238 0.094727 0.075195
0 0.079590 0.369629 0.090820 0.084961
0 0.854492 0.204102 0.099609 0.080078
0 0.620605 0.283203 0.059570 0.046875
0 0.479004 0.670898 0.104492 0.099609
0 0.127930 0.103027 0.074219 0.073242
0 0.905273 0.586426 0.130859 0.092773
0 0.374512 0.375488 0.100586 0.067383
0 0.892090 0.089844 0.090820 0.054688
0 0.441406 0.860352 0.097656 0.109375
0 0.061035 0.850098 0.088867 0.092773
0 0.372070 0.607910 0.054688 0.057617
0 0.954102 0.128418 0.080078 0.057617
0 0.973633 0.459961 0.050781 0.050781
0 0.914551 0.395020 0.100586 0.073242
0 0.866699 0.962402 0.084961 0.075195
