0 0.711914 0.609375 0.109375 0.097656
0 0.727051 0.384766 0.100586 0.121094
0 0.862793 0.723633 0.096680 0.103516
0 0.263672 0.940918 0.187500 0.118164
0 0.582031 0.953613 0.125000 0.083008
0 0.376953 0.789551 0.220703 0.145508
0 0.720703 0.279297 0.115234 0.117188
0 0.759766 0.778320 0.113281 0.087891
0 0.224121 0.767090 0.165039 0.165039
0 0.895996 0.150879 0.137695 0.122070
0 0.562012 0.055664 0.270508 0.107422
0 0.875488 0.633301 0.157227 0.092773
0 0.166016 0.720215 0.109375 0.104492
0 0.929688 0.229492 0.140625 0.169922
0 0.784668 0.039551 0.139648 0.075195
0 0.947754 0.788574 0.104492 0.083008
0 0.913574 0.074707 0.172852 0.145508
0 0.246094 0.034180 0.138672 0.064453
0 0.941406 0.675293 0.107422 0.127930
