0 0.977051 0.353516 0.045898 0.107422
0 0.953613 0.512207 0.092773 0.165039
0 0.337402 0.958496 0.129883 0.083008
0 0.629883 0.971191 0.080078 0.057617
0 0.960938 0.853027 0.078125 0.077148
0 0.336914 0.087402 0.099609 0.170898
0 0.659180 0.819336 0.240234 0.339844
0 0.962402 0.116211 0.075195 0.095703
0 0.532227 0.831055 0.150391 0.337891
0 0.149414 0.804199 0.294922 0.120117
0 0.507812 0.256836 0.210938 0.449219
0 0.500977 0.054688 0.117188 0.105469
0 0.172363 0.730957 0.254883 0.217773
0 0.907227 0.778320 0.185547 0.117188
0 0.142578 0.664551 0.281250 0.104492
0 0.632324 0.150879 0.110352 0.297852
0 0.916016 0.649414 0.167969 0.154297
0 0.291504 0.920898 0.051758 0.054688
0 0.925781 0.041992 0.142578 0.080078
0 0.249512 0.069336 0.104492 0.134766
0 0.273926 0.182129 0.272461 0.348633
0 0.466309 0.256836 0.125977 0.173828
0 0.125977 0.839844 0.248047 0.250000
0 0.182129 0.947266 0.077148 0.062500
