0 0.040039 0.278320 0.080078 0.078125
0 0.071777 0.152344 0.077148 0.087891
0 0.224609 0.179199 0.091797 0.067383
0 0.212891 0.056152 0.097656 0.079102
0 0.401367 0.227539 0.083984 0.091797
0 0.468262 0.153320 0.081055 0.103516
0 0.411621 0.073730 0.061523 0.108398
0 0.531738 0.082520 0.061523 0.092773
0 0.477051 0.028320 0.073242 0.056641
0 0.087891 0.060547 0.076172 0.068359
0 0.023926 0.130859 0.047852 0.066406
0 0.462402 0.315918 0.094727 0.153320
0 0.522949 0.324707 0.073242 0.059570
0 0.609863 0.313965 0.084961 0.055664
0 0.697754 0.293457 0.065430 0.073242
0 0.654297 0.186523 0.066406 0.097656
0 0.692383 0.216309 0.041016 0.047852
0 0.777344 0.152344 0.080078 0.115234
0 0.932129 0.161621 0.108398 0.055664
0 0.903809 0.080566 0.071289 0.096680
0 0.968262 0.117676 0.063477 0.061523
0 0.927246 0.282715 0.065430 0.057617
0 0.936035 0.438965 0.073242 0.096680
0 0.876953 0.654785 0.107422 0.053711
0 0.928711 0.722168 0.074219 0.051758
0 0.825195 0.029297 0.044922 0.058594
0 0.159180 0.944336 0.107422 0.111328
0 0.232422 0.750977 0.072266 0.087891
0 0.364258 0.845215 0.140625 0.166992
0 0.401367 0.762207 0.078125 0.081055
0 0.294922 0.590820 0.070312 0.068359
0 0.402832 0.616699 0.096680 0.055664
0 0.488281 0.688965 0.097656 0.073242
0 0.065918 0.693359 0.131836 0.197266
0 0.797363 0.990234 0.057617 0.019531
0 0.936035 0.870605 0.055664 0.051758
0 0.767578 0.023926 0.054688 0.047852
0 0.201660 0.673340 0.079102 0.075195
0 0.951172 0.197754 0.097656 0.122070
0 0.338379 0.703125 0.092773 0.111328
