0 0.038574 0.742676 0.077148 0.096680
0 0.181641 0.532227 0.109375 0.158203
0 0.247070 0.664551 0.058594 0.098633
0 0.173340 0.295898 0.067383 0.070312
0 0.329102 0.264160 0.082031 0.141602
0 0.377441 0.278320 0.055664 0.064453
0 0.280762 0.203613 0.063477 0.057617
0 0.484375 0.341309 0.060547 0.071289
0 0.768066 0.160645 0.102539 0.135742
0 0.845703 0.150879 0.066406 0.098633
0 0.922852 0.203125 0.056641 0.072266
0 0.807129 0.304199 0.081055 0.057617
0 0.973145 0.257812 0.053711 0.072266
0 0.459961 0.700684 0.076172 0.086914
0 0.614258 0.667480 0.068359 0.073242
0 0.623047 0.840820 0.076172 0.076172
0 0.973145 0.798340 0.053711 0.096680
0 0.916504 0.635254 0.086914 0.075195
0 0.012207 0.267090 0.024414 0.053711
0 0.537598 0.236328 0.038086 0.048828
0 0.991211 0.303711 0.017578 0.054688
