0 0.083984 0.060547 0.138672 0.121094
0 0.167480 0.094727 0.083008 0.101562
0 0.145020 0.184570 0.098633 0.066406
0 0.155273 0.222656 0.085938 0.070312
0 0.533691 0.074707 0.071289 0.081055
0 0.641113 0.062012 0.110352 0.088867
0 0.766113 0.045410 0.075195 0.090820
0 0.819336 0.096680 0.103516 0.083984
0 0.980957 0.014160 0.038086 0.028320
0 0.979492 0.201660 0.041016 0.065430
0 0.886230 0.350098 0.077148 0.067383
0 0.629883 0.354492 0.111328 0.056641
0 0.554199 0.260742 0.077148 0.083984
0 0.385742 0.270020 0.085938 0.127930
0 0.203125 0.415527 0.099609 0.079102
0 0.200684 0.609375 0.065430 0.164062
0 0.335449 0.567871 0.055664 0.049805
0 0.368652 0.498047 0.075195 0.078125
0 0.481445 0.484375 0.080078 0.091797
0 0.471191 0.576172 0.235352 0.105469
0 0.421875 0.729980 0.162109 0.108398
0 0.508789 0.762207 0.068359 0.131836
0 0.601562 0.791992 0.095703 0.154297
0 0.734863 0.721680 0.079102 0.136719
0 0.787109 0.562988 0.107422 0.094727
0 0.929199 0.463379 0.098633 0.075195
0 0.144043 0.887695 0.063477 0.205078
0 0.268066 0.712891 0.090820 0.082031
0 0.028320 0.681641 0.056641 0.058594
0 0.680176 0.938965 0.069336 0.079102
0 0.845215 0.641602 0.102539 0.097656
0 0.952637 0.638184 0.094727 0.081055
0 0.927734 0.746094 0.136719 0.181641
