0 0.095215 0.046875 0.077148 0.093750
0 0.393555 0.506836 0.197266 0.105469
0 0.246582 0.292969 0.110352 0.064453
0 0.674316 0.324707 0.139648 0.165039
0 0.877930 0.717773 0.132812 0.216797
0 0.607422 0.735352 0.166016 0.267578
0 0.415039 0.941895 0.115234 0.112305
0 0.703613 0.409668 0.092773 0.075195
0 0.067383 0.508301 0.134766 0.127930
0 0.188965 0.757324 0.348633 0.139648
0 0.170898 0.954590 0.332031 0.090820
0 0.297852 0.873535 0.316406 0.102539
0 0.707520 0.419922 0.098633 0.089844
0 0.036133 0.446777 0.072266 0.075195
0 0.780762 0.104980 0.182617 0.209961
0 0.255859 0.616699 0.082031 0.094727
0 0.619141 0.094727 0.169922 0.189453
0 0.147461 0.649902 0.294922 0.209961
0 0.917480 0.034668 0.165039 0.069336
0 0.733398 0.057129 0.082031 0.114258
