0 0.054688 0.037109 0.066406 0.074219
0 0.205078 0.022949 0.083984 0.045898
0 0.182617 0.220215 0.056641 0.055664
0 0.053711 0.560547 0.062500 0.072266
0 0.132812 0.681152 0.091797 0.065430
0 0.162598 0.542969 0.063477 0.078125
0 0.221191 0.477539 0.110352 0.054688
0 0.313965 0.395996 0.106445 0.059570
0 0.225586 0.337402 0.060547 0.104492
0 0.440918 0.327148 0.073242 0.097656
0 0.542969 0.474121 0.060547 0.092773
0 0.775879 0.344238 0.051758 0.073242
0 0.698242 0.336914 0.052734 0.056641
0 0.715820 0.420410 0.087891 0.073242
0 0.743652 0.245117 0.063477 0.074219
0 0.596191 0.155762 0.073242 0.047852
0 0.416992 0.164551 0.158203 0.059570
0 0.354004 0.082031 0.079102 0.087891
0 0.641602 0.079102 0.087891 0.076172
0 0.784668 0.094238 0.055664 0.051758
0 0.848633 0.216797 0.060547 0.054688
0 0.314941 0.647461 0.047852 0.050781
0 0.393066 0.684570 0.063477 0.091797
0 0.462402 0.653320 0.088867 0.107422
0 0.484863 0.551758 0.063477 0.048828
0 0.566406 0.590332 0.060547 0.059570
0 0.627441 0.628906 0.043945 0.080078
0 0.703125 0.624023 0.105469 0.074219
0 0.713379 0.580566 0.061523 0.051758
0 0.857910 0.524414 0.122070 0.050781
0 0.734863 0.719238 0.092773 0.077148
0 0.652344 0.756836 0.095703 0.105469
0 0.579102 0.808105 0.080078 0.067383
0 0.435547 0.815430 0.199219 0.179688
0 0.333984 0.779785 0.060547 0.067383
0 0.792969 0.786621 0.142578 0.102539
0 0.903809 0.782227 0.139648 0.058594
0 0.845703 0.720215 0.062500 0.057617
0 0.931641 0.688965 0.078125 0.065430
0 0.831055 0.667969 0.068359 0.048828
0 0.804199 0.583496 0.065430 0.057617
0 0.953613 0.239746 0.051758 0.110352
0 0.951172 0.049805 0.076172 0.099609
0 0.910156 0.024414 0.115234 0.048828
0 0.919922 0.965332 0.083984 0.049805
0 0.111328 0.853027 0.078125 0.124023
0 0.095703 0.159180 0.056641 0.056641
0 0.902832 0.140625 0.088867 0.054688
0 0.094727 0.604980 0.054688 0.043945
0 0.034180 0.604980 0.068359 0.045898
0 0.925781 0.793457 0.101562 0.116211
0 0.368652 0.013184 0.051758 0.026367
0 0.009766 0.011719 0.019531 0.023438
0 0.988281 0.115723 0.023438 0.063477
0 0.949707 0.229492 0.081055 0.085938
0 0.981934 0.629395 0.036133 0.069336
0 0.974121 0.822754 0.051758 0.071289
