0 0.929199 0.230957 0.083008 0.127930
0 0.983398 0.355469 0.033203 0.070312
0 0.838379 0.343750 0.069336 0.070312
0 0.715332 0.267578 0.059570 0.078125
0 0.609375 0.447754 0.066406 0.059570
0 0.486816 0.328613 0.088867 0.073242
0 0.519531 0.221680 0.076172 0.072266
0 0.385254 0.523438 0.084961 0.119141
0 0.102539 0.352539 0.125000 0.087891
0 0.201172 0.247070 0.076172 0.058594
0 0.198730 0.300293 0.083008 0.069336
0 0.209961 0.133789 0.054688 0.080078
0 0.280273 0.094238 0.080078 0.094727
0 0.373047 0.062012 0.070312 0.071289
0 0.809082 0.057129 0.065430 0.114258
0 0.974121 0.044922 0.051758 0.070312
0 0.732422 0.706543 0.074219 0.073242
0 0.854004 0.600586 0.067383 0.062500
0 0.942871 0.766113 0.083008 0.073242
0 0.794922 0.951660 0.050781 0.079102
0 0.675781 0.970703 0.068359 0.058594
0 0.592285 0.892090 0.061523 0.100586
0 0.546875 0.868652 0.056641 0.059570
0 0.360840 0.739746 0.104492 0.081055
0 0.216309 0.786621 0.075195 0.124023
0 0.417480 0.915527 0.079102 0.051758
0 0.490723 0.928223 0.061523 0.053711
0 0.043457 0.662109 0.086914 0.115234
0 0.171387 0.520996 0.088867 0.079102
0 0.053223 0.125488 0.102539 0.106445
0 0.734863 0.134277 0.088867 0.073242
0 0.714844 0.196777 0.078125 0.065430
0 0.033203 0.848633 0.066406 0.062500
