0 0.965332 0.227539 0.069336 0.056641
0 0.957031 0.157715 0.070312 0.063477
0 0.856934 0.138672 0.051758 0.087891
0 0.742188 0.156250 0.074219 0.103516
0 0.730469 0.272461 0.109375 0.083984
0 0.725586 0.362793 0.050781 0.053711
0 0.797363 0.395020 0.061523 0.069336
0 0.735352 0.047363 0.107422 0.094727
0 0.362305 0.046875 0.136719 0.093750
0 0.447266 0.051758 0.080078 0.097656
0 0.539062 0.205566 0.093750 0.071289
0 0.323242 0.328125 0.080078 0.074219
0 0.111816 0.256348 0.139648 0.075195
0 0.051270 0.395996 0.102539 0.067383
0 0.026855 0.091797 0.053711 0.078125
0 0.672363 0.475098 0.055664 0.061523
0 0.571777 0.608887 0.102539 0.081055
0 0.726074 0.621094 0.102539 0.062500
0 0.787598 0.722168 0.071289 0.079102
0 0.931641 0.636230 0.062500 0.071289
0 0.965332 0.782715 0.069336 0.077148
0 0.929688 0.971191 0.080078 0.057617
0 0.455566 0.886230 0.116211 0.073242
0 0.508789 0.804199 0.091797 0.059570
0 0.677246 0.809570 0.084961 0.056641
0 0.604492 0.939941 0.050781 0.055664
0 0.023438 0.945312 0.046875 0.056641
0 0.111816 0.833496 0.086914 0.077148
0 0.178711 0.683105 0.093750 0.098633
0 0.299316 0.655762 0.108398 0.088867
0 0.076660 0.746094 0.131836 0.083984
0 0.783203 0.106445 0.093750 0.111328
0 0.865723 0.853516 0.088867 0.052734
0 0.860352 0.905273 0.039062 0.050781
