0 0.825684 0.040527 0.073242 0.077148
0 0.708984 0.114746 0.050781 0.092773
0 0.569336 0.410156 0.070312 0.078125
0 0.350098 0.059082 0.071289 0.094727
0 0.060547 0.038574 0.062500 0.077148
0 0.494629 0.107422 0.059570 0.087891
0 0.275391 0.459961 0.101562 0.080078
0 0.191406 0.192383 0.058594 0.089844
0 0.888672 0.349121 0.074219 0.069336
0 0.368164 0.253906 0.074219 0.072266
0 0.168945 0.575195 0.074219 0.080078
0 0.980957 0.503418 0.038086 0.083008
0 0.147949 0.499512 0.088867 0.045898
0 0.487793 0.578613 0.077148 0.098633
0 0.672363 0.109375 0.051758 0.082031
0 0.156738 0.661621 0.071289 0.071289
0 0.571289 0.088379 0.058594 0.069336
0 0.479004 0.728516 0.114258 0.066406
0 0.993652 0.683105 0.012695 0.047852
0 0.107910 0.855469 0.079102 0.082031
0 0.301270 0.353027 0.079102 0.075195
0 0.226074 0.654785 0.084961 0.079102
0 0.790527 0.194336 0.077148 0.052734
0 0.071289 0.428223 0.095703 0.038086
0 0.262207 0.660156 0.069336 0.082031
0 0.348633 0.355469 0.066406 0.082031
0 0.434082 0.370117 0.096680 0.103516
0 0.935547 0.886230 0.048828 0.069336
0 0.597656 0.376953 0.048828 0.058594
0 0.781250 0.612305 0.046875 0.060547
0 0.437500 0.503418 0.046875 0.069336
0 0.939941 0.802734 0.079102 0.046875
0 0.439453 0.666992 0.070312 0.025391
0 0.166992 0.764160 0.060547 0.043945
0 0.522461 0.082031 0.033203 0.130859
0 0.386719 0.574707 0.054688 0.069336
0 0.021973 0.060059 0.043945 0.088867
0 0.851562 0.159180 0.048828 0.062500
0 0.296875 0.525391 0.085938 0.033203
0 0.400391 0.677246 0.095703 0.040039
0 0.144531 0.804199 0.087891 0.034180
0 0.047852 0.722656 0.091797 0.039062
0 0.940918 0.740234 0.063477 0.054688
0 0.422363 0.289551 0.061523 0.065430
0 0.528809 0.695801 0.071289 0.043945
0 0.683105 0.696289 0.067383 0.072266
0 0.245117 0.110840 0.095703 0.094727
0 0.041504 0.690918 0.081055 0.028320
0 0.372559 0.791992 0.061523 0.060547
0 0.990234 0.726562 0.019531 0.033203
0 0.036621 0.564941 0.073242 0.096680
0 0.708984 0.604492 0.042969 0.064453
0 0.199219 0.083008 0.066406 0.107422
0 0.474121 0.013184 0.040039 0.026367
0 0.627441 0.651855 0.067383 0.053711
0 0.854980 0.839844 0.057617 0.046875
0 0.153809 0.978516 0.069336 0.033203
0 0.014648 0.144043 0.029297 0.065430
0 0.256836 0.404297 0.064453 0.019531
0 0.646484 0.812500 0.101562 0.042969
0 0.027344 0.630371 0.050781 0.026367
0 0.144043 0.353027 0.090820 0.047852
0 0.157715 0.705566 0.040039 0.045898
0 0.975586 0.692871 0.048828 0.041992
0 0.903320 0.686523 0.072266 0.037109
0 0.720703 0.736328 0.050781 0.031250
0 0.383301 0.747559 0.053711 0.053711
0 0.042480 0.823242 0.084961 0.048828
0 0.147461 0.984863 0.050781 0.026367
0 0.706543 0.685059 0.038086 0.055664
0 0.608887 0.806152 0.088867 0.041992
0 0.218262 0.320312 0.065430 0.066406
0 0.800293 0.682129 0.065430 0.053711
0 0.874023 0.733887 0.082031 0.079102
0 0.516113 0.900391 0.065430 0.048828
0 0.851562 0.986816 0.037109 0.026367
0 0.429688 0.639160 0.121094 0.045898
0 0.379883 0.603027 0.070312 0.038086
0 0.503906 0.515625 0.048828 0.041016
