0 0.910645 0.050293 0.073242 0.096680
0 0.732422 0.716309 0.085938 0.073242
0 0.077637 0.644043 0.108398 0.057617
0 0.191895 0.321777 0.069336 0.073242
0 0.532227 0.637695 0.091797 0.099609
0 0.366699 0.525879 0.088867 0.065430
0 0.855469 0.734863 0.048828 0.092773
0 0.088867 0.319336 0.111328 0.068359
0 0.500488 0.158203 0.081055 0.048828
0 0.039551 0.447754 0.079102 0.069336
0 0.158691 0.126465 0.057617 0.077148
0 0.626465 0.602539 0.083008 0.076172
0 0.137695 0.162598 0.062500 0.043945
0 0.574707 0.249023 0.071289 0.044922
0 0.673828 0.722168 0.091797 0.038086
0 0.054199 0.149902 0.108398 0.053711
0 0.437500 0.728027 0.064453 0.065430
0 0.604004 0.387207 0.149414 0.059570
0 0.435059 0.184082 0.051758 0.079102
0 0.777832 0.865723 0.061523 0.059570
0 0.943848 0.454102 0.063477 0.029297
0 0.182129 0.756836 0.045898 0.078125
0 0.733887 0.474121 0.079102 0.057617
0 0.306152 0.216797 0.061523 0.048828
0 0.672363 0.541504 0.043945 0.063477
0 0.872559 0.455566 0.047852 0.063477
0 0.941895 0.673828 0.104492 0.041016
0 0.976562 0.282227 0.046875 0.056641
0 0.029297 0.508789 0.058594 0.042969
0 0.550293 0.952148 0.067383 0.089844
0 0.009766 0.790039 0.019531 0.035156
0 0.096680 0.072754 0.029297 0.077148
0 0.884766 0.073730 0.023438 0.081055
0 0.548340 0.608887 0.032227 0.090820
0 0.875488 0.795410 0.047852 0.063477
0 0.101074 0.822266 0.133789 0.060547
0 0.258301 0.678711 0.147461 0.052734
0 0.698242 0.177734 0.074219 0.039062
0 0.221680 0.820801 0.101562 0.051758
0 0.668457 0.941406 0.038086 0.068359
0 0.598633 0.853516 0.054688 0.025391
0 0.350098 0.848145 0.069336 0.038086
0 0.813477 0.847168 0.052734 0.069336
0 0.052246 0.093750 0.102539 0.033203
0 0.974609 0.029785 0.050781 0.057617
0 0.877930 0.072266 0.029297 0.078125
0 0.599609 0.740234 0.087891 0.050781
0 0.957031 0.804199 0.037109 0.043945
0 0.098145 0.768555 0.090820 0.042969
0 0.619629 0.822754 0.053711 0.043945
0 0.492676 0.742676 0.041992 0.051758
0 0.181641 0.567383 0.046875 0.052734
0 0.583496 0.887207 0.071289 0.040039
0 0.458008 0.829102 0.029297 0.058594
0 0.075195 0.688477 0.060547 0.033203
0 0.020020 0.255859 0.040039 0.048828
0 0.553711 0.745605 0.064453 0.040039
0 0.386230 0.659668 0.065430 0.112305
0 0.807617 0.420410 0.037109 0.059570
0 0.913086 0.457520 0.064453 0.047852
