0 0.697754 0.025879 0.106445 0.051758
0 0.828125 0.060547 0.058594 0.121094
0 0.898926 0.058105 0.075195 0.079102
0 0.678711 0.107910 0.080078 0.090820
0 0.743652 0.159180 0.073242 0.113281
0 0.610840 0.100586 0.061523 0.076172
0 0.552246 0.088867 0.067383 0.076172
0 0.170898 0.044434 0.095703 0.088867
0 0.062012 0.092773 0.118164 0.134766
0 0.118652 0.128906 0.053711 0.076172
0 0.238281 0.219727 0.150391 0.048828
0 0.378418 0.267090 0.088867 0.083008
0 0.285645 0.317871 0.063477 0.086914
0 0.088867 0.236328 0.068359 0.056641
0 0.046875 0.322266 0.058594 0.121094
0 0.076172 0.500977 0.152344 0.126953
0 0.194824 0.551758 0.133789 0.083984
0 0.335938 0.604492 0.130859 0.080078
0 0.273926 0.676270 0.071289 0.073242
0 0.188477 0.742188 0.205078 0.078125
0 0.076172 0.645020 0.078125 0.065430
0 0.419434 0.756836 0.100586 0.070312
0 0.300293 0.765137 0.071289 0.057617
0 0.325684 0.919434 0.075195 0.086914
0 0.395508 0.903320 0.074219 0.078125
0 0.526855 0.907715 0.118164 0.069336
0 0.663574 0.900879 0.088867 0.081055
0 0.702148 0.844238 0.083984 0.067383
0 0.572754 0.784180 0.067383 0.056641
0 0.807129 0.727539 0.077148 0.056641
0 0.760254 0.596680 0.053711 0.078125
0 0.833496 0.562012 0.075195 0.051758
0 0.698242 0.540527 0.085938 0.098633
0 0.650391 0.481934 0.054688 0.065430
0 0.575684 0.439941 0.086914 0.106445
0 0.545410 0.602051 0.040039 0.067383
0 0.585938 0.617676 0.046875 0.055664
0 0.483887 0.626953 0.065430 0.056641
0 0.561523 0.688965 0.080078 0.088867
0 0.787598 0.946777 0.045898 0.106445
0 0.963379 0.924805 0.073242 0.056641
0 0.911133 0.962891 0.062500 0.074219
0 0.966309 0.965332 0.067383 0.055664
0 0.808105 0.388672 0.084961 0.068359
0 0.923828 0.413086 0.058594 0.046875
0 0.969727 0.428711 0.060547 0.095703
0 0.872070 0.481934 0.111328 0.131836
0 0.958984 0.542480 0.074219 0.077148
0 0.496582 0.243652 0.081055 0.073242
0 0.435547 0.330566 0.048828 0.055664
0 0.714844 0.667480 0.085938 0.094727
0 0.718262 0.729492 0.071289 0.060547
0 0.250488 0.630859 0.065430 0.064453
0 0.359375 0.804688 0.060547 0.037109
0 0.450195 0.794434 0.056641 0.045898
0 0.705566 0.084961 0.040039 0.082031
0 0.646484 0.984863 0.054688 0.030273
