0 0.111816 0.164062 0.102539 0.099609
0 0.029785 0.790527 0.059570 0.096680
0 0.939453 0.765137 0.082031 0.075195
0 0.041992 0.608398 0.083984 0.097656
0 0.954590 0.627930 0.090820 0.080078
0 0.888184 0.280273 0.075195 0.080078
0 0.843262 0.704102 0.084961 0.080078
0 0.751465 0.933105 0.084961 0.118164
0 0.627930 0.791992 0.097656 0.109375
0 0.883301 0.415527 0.090820 0.067383
0 0.739746 0.305664 0.081055 0.066406
0 0.751953 0.186035 0.160156 0.057617
0 0.755859 0.120605 0.101562 0.071289
0 0.042969 0.046387 0.085938 0.092773
0 0.028320 0.707520 0.056641 0.075195
0 0.940430 0.957031 0.107422 0.085938
0 0.969238 0.374023 0.061523 0.078125
0 0.973145 0.300781 0.053711 0.068359
0 0.811035 0.436523 0.081055 0.058594
