0 0.470215 0.420898 0.084961 0.066406
0 0.356445 0.488281 0.113281 0.048828
0 0.670898 0.035645 0.062500 0.071289
0 0.950195 0.647949 0.058594 0.081055
0 0.031250 0.264160 0.062500 0.108398
0 0.619141 0.946289 0.146484 0.087891
0 0.712891 0.893555 0.060547 0.103516
0 0.484863 0.201172 0.096680 0.134766
0 0.088379 0.685547 0.124023 0.052734
0 0.242188 0.592773 0.095703 0.056641
0 0.059082 0.416504 0.118164 0.038086
0 0.125488 0.488770 0.084961 0.112305
0 0.061523 0.540039 0.123047 0.039062
0 0.848145 0.084473 0.088867 0.053711
0 0.587402 0.318359 0.104492 0.105469
0 0.348145 0.339355 0.100586 0.122070
0 0.779297 0.544434 0.083984 0.127930
0 0.217773 0.909668 0.056641 0.086914
0 0.840332 0.973633 0.043945 0.052734
0 0.851074 0.284180 0.049805 0.119141
0 0.981445 0.589355 0.033203 0.100586
0 0.729248 0.591895 0.105957 0.062695
0 0.155762 0.815430 0.077148 0.046875
0 0.204590 0.688477 0.053711 0.041016
0 0.330566 0.416504 0.090820 0.022461
0 0.841797 0.437500 0.041016 0.060547
0 0.595215 0.202637 0.084961 0.053711
0 0.825684 0.172363 0.057617 0.116211
0 0.088867 0.822266 0.029297 0.058594
0 0.959473 0.245605 0.081055 0.040039
0 0.479980 0.300781 0.135742 0.037109
0 0.652832 0.853027 0.090820 0.104492
0 0.366211 0.980957 0.082031 0.034180
0 0.032715 0.575684 0.065430 0.041992
0 0.833496 0.879395 0.110352 0.043945
0 0.379883 0.881348 0.054688 0.043945
0 0.162109 0.596191 0.050781 0.045898
0 0.640625 0.242676 0.035156 0.065430
0 0.896973 0.343750 0.041992 0.156250
0 0.027344 0.327637 0.054688 0.034180
0 0.330078 0.262695 0.042969 0.085938
0 0.093262 0.955566 0.059570 0.047852
0 0.122412 0.254395 0.124512 0.038867
0 0.575195 0.377930 0.083984 0.046875
0 0.811035 0.124023 0.174805 0.037109
0 0.562012 0.688965 0.053711 0.063477
0 0.913086 0.469238 0.035156 0.051758
0 0.888672 0.925293 0.029297 0.088867
0 0.457031 0.035156 0.160156 0.070312
0 0.568848 0.020508 0.045898 0.041016
0 0.351074 0.625000 0.198242 0.068359
0 0.454102 0.067383 0.052734 0.058594
0 0.011230 0.057617 0.022461 0.033203
0 0.315430 0.368164 0.066406 0.017578
0 0.228516 0.594238 0.121094 0.084961
0 0.240234 0.200195 0.140625 0.070312
0 0.863281 0.207031 0.111328 0.050781
0 0.775879 0.293457 0.077148 0.118164
0 0.874512 0.254395 0.081055 0.073242
