0 0.050293 0.000977 0.100586 0.001953
0 0.681641 0.650879 0.181641 0.090820
0 0.141113 0.042480 0.098633 0.084961
0 0.043457 0.871582 0.086914 0.079102
0 0.049316 0.951172 0.098633 0.074219
0 0.435547 0.617188 0.201172 0.099609
0 0.424805 0.059570 0.150391 0.119141
0 0.275391 0.818359 0.126953 0.138672
0 0.644531 0.601074 0.203125 0.116211
0 0.734863 0.602051 0.100586 0.137695
0 0.830566 0.833984 0.124023 0.097656
0 0.297852 0.579102 0.216797 0.095703
0 0.959961 0.422363 0.080078 0.131836
0 0.364258 0.863281 0.117188 0.156250
0 0.849121 0.955566 0.100586 0.088867
0 0.645996 0.799316 0.079102 0.081055
0 0.534180 0.033691 0.119141 0.067383
0 0.722656 0.197266 0.082031 0.082031
0 0.976562 0.589355 0.046875 0.108398
0 0.162598 0.084473 0.190430 0.106445
0 0.414062 0.836426 0.076172 0.196289
0 0.440430 0.421387 0.087891 0.088867
