0 0.023438 0.805176 0.046875 0.079102
0 0.622559 0.967773 0.079102 0.044922
0 0.117676 0.951660 0.096680 0.071289
0 0.035645 0.914551 0.063477 0.083008
0 0.259766 0.864746 0.154297 0.168945
0 0.334961 0.833008 0.085938 0.080078
0 0.411621 0.825684 0.141602 0.135742
0 0.127441 0.717773 0.211914 0.087891
0 0.039062 0.605957 0.078125 0.112305
0 0.102539 0.527344 0.128906 0.113281
0 0.054688 0.339355 0.109375 0.196289
0 0.065430 0.153809 0.130859 0.065430
0 0.028809 0.057129 0.057617 0.088867
0 0.221191 0.226562 0.071289 0.115234
0 0.281250 0.323730 0.064453 0.141602
0 0.306641 0.336426 0.070312 0.092773
0 0.385254 0.334473 0.077148 0.102539
0 0.261719 0.167480 0.085938 0.116211
0 0.364258 0.164551 0.046875 0.079102
0 0.375488 0.089844 0.159180 0.130859
0 0.423340 0.079590 0.079102 0.129883
0 0.461914 0.052734 0.085938 0.099609
0 0.477051 0.373047 0.077148 0.064453
0 0.579102 0.390137 0.060547 0.131836
0 0.677246 0.350586 0.104492 0.111328
0 0.703613 0.422852 0.084961 0.105469
0 0.432129 0.560059 0.151367 0.083008
0 0.497070 0.651855 0.085938 0.116211
0 0.287598 0.679688 0.114258 0.095703
0 0.705078 0.610840 0.056641 0.135742
0 0.745605 0.734375 0.051758 0.099609
0 0.645020 0.169434 0.100586 0.127930
0 0.691406 0.146973 0.039062 0.096680
0 0.392090 0.976562 0.057617 0.041016
0 0.872070 0.939941 0.074219 0.071289
0 0.826660 0.702637 0.118164 0.098633
0 0.881836 0.498047 0.072266 0.144531
0 0.920898 0.444336 0.070312 0.113281
0 0.968262 0.295410 0.059570 0.143555
0 0.859863 0.251953 0.075195 0.085938
0 0.847656 0.157715 0.115234 0.127930
0 0.841797 0.072266 0.070312 0.111328
0 0.900879 0.060547 0.108398 0.113281
0 0.951660 0.167969 0.096680 0.078125
0 0.762695 0.860352 0.089844 0.089844
0 0.515625 0.307129 0.097656 0.166992
