0 0.512695 0.546387 0.107422 0.061523
0 0.732422 0.692871 0.097656 0.104492
0 0.543457 0.020508 0.100586 0.041016
0 0.309082 0.028320 0.102539 0.056641
0 0.775391 0.142090 0.078125 0.067383
0 0.054688 0.863770 0.109375 0.063477
0 0.437012 0.716309 0.094727 0.100586
0 0.590820 0.043457 0.097656 0.086914
0 0.791504 0.661621 0.215820 0.114258
0 0.332520 0.613281 0.163086 0.087891
0 0.172363 0.891602 0.155273 0.064453
0 0.895508 0.286621 0.074219 0.106445
0 0.998047 0.804688 0.003906 0.083984
0 0.508789 0.971191 0.095703 0.057617
0 0.917480 0.221191 0.165039 0.108398
0 0.230957 0.113770 0.100586 0.110352
0 0.538086 0.501953 0.130859 0.107422
0 0.377930 0.039551 0.097656 0.079102
0 0.149414 0.956543 0.167969 0.065430
0 0.482422 0.829102 0.195312 0.107422
0 0.733887 0.412109 0.043945 0.033203
0 0.962891 0.432617 0.072266 0.048828
0 0.113770 0.179688 0.227539 0.076172
0 0.189941 0.998047 0.215820 0.003906
0 0.925781 0.604004 0.148438 0.071289
0 0.292969 0.806641 0.138672 0.068359
0 0.216309 0.698730 0.124023 0.071289
0 0.419922 0.392578 0.117188 0.166016
0 0.935547 0.658203 0.128906 0.074219
0 0.600586 0.669922 0.117188 0.070312
0 0.500488 0.633789 0.100586 0.070312
0 0.343262 0.701172 0.114258 0.078125
0 0.384277 0.559082 0.100586 0.092773
0 0.586426 0.553711 0.041992 0.060547
0 0.375488 0.074219 0.041992 0.062500
