0 0.096680 0.276367 0.101562 0.068359
0 0.711426 0.924316 0.071289 0.067383
0 0.252441 0.533691 0.100586 0.067383
0 0.608887 0.846191 0.088867 0.067383
0 0.257324 0.792480 0.083008 0.084961
0 0.280273 0.441406 0.091797 0.105469
0 0.162598 0.885254 0.125977 0.067383
0 0.712402 0.171387 0.049805 0.092773
0 0.877441 0.882812 0.063477 0.076172
0 0.715332 0.062500 0.063477 0.105469
0 0.426270 0.614258 0.120117 0.050781
0 0.741699 0.855469 0.059570 0.103516
0 0.206543 0.817871 0.077148 0.086914
0 0.606934 0.453613 0.114258 0.094727
0 0.793457 0.873047 0.051758 0.083984
0 0.947266 0.138672 0.037109 0.115234
0 0.498535 0.878906 0.096680 0.052734
0 0.500488 0.753418 0.098633 0.088867
0 0.302246 0.053223 0.096680 0.045898
0 0.680176 0.808105 0.081055 0.081055
0 0.459961 0.400879 0.113281 0.084961
0 0.426758 0.918945 0.123047 0.056641
0 0.533691 0.029785 0.049805 0.059570
0 0.948730 0.030762 0.069336 0.059570
0 0.831055 0.076660 0.103516 0.098633
0 0.041992 0.784668 0.082031 0.079102
0 0.450684 0.735840 0.043945 0.112305
0 0.946289 0.497559 0.107422 0.057617
0 0.544922 0.276855 0.078125 0.041992
0 0.268066 0.198242 0.100586 0.087891
0 0.508301 0.563965 0.083008 0.059570
0 0.630859 0.732910 0.103516 0.067383
0 0.876465 0.979492 0.051758 0.037109
0 0.502930 0.317383 0.111328 0.150391
0 0.118652 0.974609 0.110352 0.050781
0 0.362305 0.410156 0.076172 0.056641
0 0.457031 0.672852 0.123047 0.109375
0 0.908203 0.597168 0.158203 0.057617
0 0.949219 0.572754 0.099609 0.049805
0 0.933105 0.311035 0.133789 0.114258
0 0.548340 0.586914 0.086914 0.066406
0 0.031738 0.659668 0.063477 0.038086
0 0.954590 0.219727 0.047852 0.074219
0 0.446289 0.223145 0.042969 0.061523
0 0.092773 0.934570 0.076172 0.029297
0 0.448242 0.348145 0.041016 0.059570
0 0.701172 0.781250 0.037109 0.083984
0 0.372559 0.272461 0.124023 0.179688
0 0.229492 0.592773 0.054688 0.035156
0 0.890625 0.541992 0.125000 0.056641
0 0.036133 0.939453 0.064453 0.056641
0 0.469727 0.267578 0.083984 0.058594
0 0.322266 0.271973 0.058594 0.086914
