0 0.122559 0.274414 0.059570 0.068359
0 0.056152 0.034668 0.055664 0.067383
0 0.139160 0.030273 0.051758 0.060547
0 0.825684 0.931152 0.231445 0.137695
0 0.650391 0.863770 0.085938 0.094727
0 0.119141 0.871094 0.066406 0.072266
0 0.158203 0.730469 0.060547 0.050781
0 0.644043 0.716309 0.045898 0.061523
0 0.766602 0.695312 0.068359 0.130859
0 0.548828 0.244629 0.068359 0.057617
0 0.683594 0.161133 0.060547 0.070312
0 0.811523 0.053711 0.066406 0.103516
0 0.656250 0.048828 0.070312 0.095703
0 0.315918 0.130371 0.069336 0.145508
0 0.358398 0.056152 0.041016 0.088867
0 0.408691 0.234375 0.084961 0.056641
0 0.350586 0.225586 0.072266 0.066406
0 0.406250 0.592285 0.056641 0.071289
0 0.444336 0.695312 0.046875 0.046875
0 0.214355 0.501953 0.053711 0.054688
0 0.077148 0.491211 0.070312 0.126953
0 0.160156 0.581543 0.062500 0.083008
0 0.182129 0.682617 0.071289 0.054688
0 0.070801 0.666992 0.081055 0.109375
0 0.075195 0.742676 0.058594 0.051758
0 0.739746 0.363770 0.063477 0.079102
0 0.822754 0.156250 0.053711 0.041016
0 0.582031 0.210938 0.072266 0.054688
0 0.802246 0.707520 0.032227 0.067383
0 0.299316 0.277832 0.061523 0.077148
0 0.956055 0.890137 0.052734 0.067383
0 0.548828 0.021484 0.054688 0.042969
0 0.994141 0.287598 0.011719 0.049805
0 0.988770 0.231934 0.022461 0.043945
0 0.343750 0.284180 0.058594 0.066406
0 0.427734 0.049316 0.128906 0.055664
0 0.339844 0.068848 0.062500 0.100586
0 0.982910 0.643066 0.034180 0.083008
0 0.210938 0.669922 0.050781 0.035156
0 0.201172 0.639648 0.054688 0.041016
