0 0.464844 0.976562 0.093750 0.046875
0 0.569336 0.912109 0.070312 0.078125
0 0.705078 0.795410 0.074219 0.069336
0 0.971191 0.667480 0.057617 0.073242
0 0.918945 0.659668 0.068359 0.051758
0 0.898926 0.570801 0.083008 0.096680
0 0.795898 0.648438 0.095703 0.087891
0 0.764648 0.552246 0.058594 0.059570
0 0.715820 0.597656 0.089844 0.074219
0 0.645020 0.597656 0.065430 0.064453
0 0.532227 0.720215 0.076172 0.057617
0 0.529297 0.668457 0.068359 0.061523
0 0.472656 0.608398 0.052734 0.046875
0 0.443848 0.653809 0.061523 0.073242
0 0.410156 0.589355 0.062500 0.055664
0 0.326172 0.627441 0.052734 0.057617
0 0.284668 0.567871 0.084961 0.073242
0 0.178223 0.708984 0.073242 0.087891
0 0.092773 0.721680 0.076172 0.111328
0 0.118164 0.523926 0.070312 0.098633
0 0.056152 0.065918 0.071289 0.069336
0 0.119629 0.053711 0.059570 0.101562
0 0.199707 0.148926 0.065430 0.059570
0 0.208008 0.203613 0.070312 0.059570
0 0.258789 0.243652 0.062500 0.051758
0 0.412109 0.182129 0.062500 0.055664
0 0.407715 0.237305 0.055664 0.048828
0 0.513184 0.194824 0.055664 0.053711
0 0.402344 0.046387 0.074219 0.083008
0 0.468750 0.042969 0.078125 0.080078
0 0.574219 0.078125 0.087891 0.058594
0 0.680176 0.201660 0.069336 0.094727
0 0.764648 0.214844 0.091797 0.082031
0 0.737793 0.258789 0.075195 0.052734
0 0.590820 0.253418 0.064453 0.061523
0 0.777344 0.398438 0.072266 0.089844
0 0.892578 0.103027 0.078125 0.081055
0 0.960938 0.132812 0.068359 0.076172
0 0.970703 0.057617 0.058594 0.082031
0 0.127441 0.180664 0.069336 0.068359
0 0.101562 0.289062 0.058594 0.052734
0 0.662109 0.639160 0.083984 0.047852
