0 0.946777 0.035645 0.100586 0.071289
0 0.739258 0.076660 0.126953 0.084961
0 0.051270 0.163574 0.098633 0.096680
0 0.574707 0.471191 0.110352 0.061523
0 0.153809 0.476562 0.081055 0.080078
0 0.505859 0.562012 0.101562 0.075195
0 0.407715 0.153809 0.096680 0.073242
0 0.273926 0.793945 0.088867 0.142578
0 0.277344 0.567871 0.097656 0.047852
0 0.371094 0.740723 0.121094 0.084961
0 0.581543 0.834473 0.059570 0.069336
0 0.594727 0.749023 0.085938 0.052734
0 0.141602 0.294434 0.107422 0.047852
0 0.096191 0.515625 0.092773 0.050781
0 0.028320 0.034180 0.054688 0.066406
0 0.557617 0.369629 0.044922 0.122070
0 0.368164 0.840820 0.105469 0.052734
0 0.548828 0.276855 0.085938 0.026367
0 0.948242 0.833008 0.076172 0.050781
0 0.985840 0.473633 0.028320 0.140625
0 0.157227 0.027344 0.054688 0.052734
0 0.208008 0.889648 0.119141 0.078125
0 0.034180 0.523926 0.066406 0.047852
0 0.223145 0.263184 0.149414 0.057617
0 0.340332 0.232422 0.073242 0.050781
0 0.034180 0.304688 0.060547 0.037109
0 0.267578 0.340820 0.050781 0.052734
0 0.173340 0.828613 0.077148 0.047852
0 0.508789 0.729004 0.044922 0.051758
0 0.278662 0.398096 0.096973 0.057129
0 0.141602 0.053223 0.068359 0.030273
0 0.534180 0.607910 0.064453 0.043945
0 0.791992 0.692871 0.072266 0.041992
0 0.820801 0.483887 0.104492 0.129883
0 0.544922 0.532227 0.115234 0.050781
0 0.232910 0.108398 0.106445 0.041016
0 0.024902 0.258789 0.049805 0.027344
0 0.053711 0.849121 0.107422 0.061523
0 0.588379 0.056641 0.127930 0.058594
0 0.349121 0.919922 0.143555 0.089844
0 0.319336 0.625977 0.070312 0.042969
0 0.943359 0.850586 0.074219 0.046875
0 0.681152 0.770996 0.118164 0.077148
0 0.992188 0.332031 0.015625 0.060547
0 0.327148 0.701172 0.103516 0.037109
0 0.434570 0.712891 0.134766 0.076172
0 0.979004 0.553711 0.041992 0.035156
0 0.636719 0.965820 0.056641 0.021484
0 0.972168 0.988281 0.043945 0.023438
0 0.057129 0.678711 0.114258 0.041016
0 0.100098 0.389160 0.057617 0.018555
0 0.632812 0.655762 0.087891 0.041992
0 0.685547 0.343262 0.070312 0.073242
0 0.112793 0.649902 0.069336 0.040039
0 0.036621 0.750000 0.071289 0.046875
0 0.128418 0.923340 0.073242 0.024414
0 0.627441 0.941895 0.055664 0.032227
0 0.345215 0.019531 0.040039 0.039062
0 0.673828 0.604492 0.121094 0.054688
0 0.289062 0.523438 0.123047 0.064453
0 0.853516 0.926270 0.074219 0.043945
0 0.403320 0.258789 0.054688 0.044922
0 0.683105 0.562012 0.073242 0.040039
0 0.992188 0.330078 0.015625 0.064453
0 0.609375 0.240234 0.103516 0.044922
0 0.751465 0.599609 0.057617 0.060547
0 0.797363 0.594238 0.032227 0.057617
0 0.609375 0.330566 0.080078 0.040039
0 0.627930 0.308594 0.062500 0.050781
0 0.441406 0.246094 0.058594 0.068359
0 0.304199 0.944336 0.127930 0.056641
0 0.148438 0.851562 0.070312 0.046875
