0 0.531250 0.696289 0.066406 0.099609
0 0.569336 0.230957 0.054688 0.088867
0 0.712891 0.395996 0.050781 0.129883
0 0.322266 0.142090 0.078125 0.098633
0 0.887695 0.793457 0.064453 0.067383
0 0.418945 0.907715 0.048828 0.083008
0 0.541992 0.504883 0.064453 0.074219
0 0.103516 0.487305 0.042969 0.080078
0 0.774902 0.062988 0.036133 0.088867
0 0.887695 0.504883 0.052734 0.089844
0 0.378906 0.544434 0.035156 0.110352
0 0.584473 0.030273 0.032227 0.060547
0 0.866699 0.602051 0.071289 0.084961
0 0.786133 0.170898 0.044922 0.083984
0 0.187012 0.447754 0.098633 0.067383
0 0.728516 0.545410 0.037109 0.096680
0 0.749512 0.763184 0.053711 0.124023
0 0.176758 0.521973 0.056641 0.090820
0 0.472168 0.380859 0.028320 0.099609
0 0.583984 0.765625 0.039062 0.089844
0 0.083496 0.243164 0.024414 0.087891
0 0.248047 0.232422 0.048828 0.070312
0 0.599609 0.859375 0.066406 0.074219
0 0.316406 0.565430 0.068359 0.070312
0 0.020020 0.264160 0.038086 0.047852
0 0.279297 0.319336 0.044922 0.072266
0 0.968750 0.077148 0.035156 0.101562
0 0.165039 0.753906 0.037109 0.152344
0 0.688965 0.830566 0.055664 0.069336
0 0.207520 0.808594 0.063477 0.105469
0 0.811523 0.601074 0.037109 0.069336
0 0.490234 0.079590 0.029297 0.075195
0 0.873535 0.431641 0.038086 0.074219
0 0.838867 0.383789 0.041016 0.087891
0 0.232910 0.298828 0.032227 0.074219
0 0.278809 0.577637 0.053711 0.120117
0 0.935547 0.213379 0.035156 0.065430
0 0.420898 0.832520 0.035156 0.057617
0 0.161133 0.942871 0.101562 0.108398
0 0.477539 0.511719 0.099609 0.037109
0 0.377441 0.790039 0.051758 0.050781
0 0.981934 0.829590 0.036133 0.067383
0 0.337402 0.108887 0.030273 0.075195
0 0.107910 0.875977 0.073242 0.060547
0 0.884766 0.240723 0.031250 0.106445
0 0.179688 0.962402 0.062500 0.075195
0 0.844727 0.881348 0.042969 0.079102
0 0.080566 0.017578 0.036133 0.035156
0 0.920898 0.619629 0.042969 0.047852
0 0.631348 0.987305 0.047852 0.021484
0 0.897461 0.316406 0.025391 0.062500
0 0.437500 0.465332 0.052734 0.059570
0 0.041016 0.519531 0.050781 0.048828
0 0.606934 0.277832 0.045898 0.057617
0 0.169434 0.229492 0.041992 0.031250
0 0.570312 0.806152 0.044922 0.069336
0 0.778809 0.753418 0.045898 0.028320
0 0.702637 0.924805 0.040039 0.031250
0 0.363281 0.216797 0.035156 0.074219
0 0.575684 0.645508 0.032227 0.074219
0 0.893066 0.991211 0.053711 0.017578
0 0.789551 0.901367 0.034180 0.046875
0 0.149902 0.791504 0.043945 0.063477
0 0.269531 0.490234 0.080078 0.091797
0 0.977051 0.897461 0.045898 0.042969
0 0.202148 0.535645 0.031250 0.090820
0 0.162109 0.500977 0.068359 0.046875
