0 0.095703 0.329590 0.097656 0.149414
0 0.206055 0.940918 0.117188 0.083008
0 0.695801 0.638184 0.118164 0.067383
0 0.495605 0.636719 0.163086 0.080078
0 0.058594 0.538086 0.117188 0.097656
0 0.631836 0.503418 0.214844 0.086914
0 0.333496 0.815430 0.217773 0.142578
0 0.401855 0.586914 0.145508 0.070312
0 0.335449 0.713379 0.057617 0.051758
0 0.097168 0.619629 0.180664 0.084961
0 0.640625 0.194336 0.107422 0.064453
0 0.883301 0.728516 0.211914 0.082031
0 0.324707 0.461914 0.094727 0.054688
0 0.493164 0.510742 0.091797 0.068359
0 0.200684 0.525879 0.166992 0.083008
0 0.218750 0.108398 0.187500 0.091797
0 0.373535 0.263672 0.147461 0.142578
0 0.571777 0.808105 0.208008 0.028320
0 0.514648 0.921875 0.205078 0.080078
0 0.422363 0.128418 0.120117 0.083008
0 0.898438 0.837891 0.203125 0.152344
0 0.248535 0.649414 0.057617 0.054688
0 0.893555 0.149414 0.187500 0.179688
0 0.894531 0.599609 0.140625 0.050781
0 0.031250 0.258301 0.062500 0.137695
0 0.110840 0.667969 0.122070 0.072266
0 0.352051 0.077148 0.260742 0.150391
0 0.898438 0.284180 0.197266 0.080078
0 0.807129 0.348145 0.190430 0.083008
0 0.808105 0.444824 0.137695 0.094727
0 0.893066 0.448242 0.182617 0.216797
0 0.184570 0.474609 0.150391 0.050781
0 0.934570 0.529297 0.130859 0.105469
0 0.414551 0.958008 0.165039 0.072266
0 0.769531 0.987305 0.199219 0.025391
0 0.919434 0.990723 0.098633 0.018555
0 0.531738 0.324707 0.174805 0.094727
0 0.463379 0.291992 0.127930 0.074219
0 0.358398 0.614746 0.072266 0.049805
0 0.255371 0.532227 0.057617 0.089844
0 0.635742 0.298340 0.136719 0.067383
0 0.623047 0.034668 0.152344 0.065430
0 0.323242 0.037109 0.056641 0.070312
0 0.070801 0.019531 0.108398 0.035156
0 0.238281 0.023438 0.097656 0.042969
0 0.321777 0.155762 0.120117 0.047852
0 0.421875 0.286133 0.224609 0.097656
0 0.606934 0.487305 0.135742 0.054688
0 0.932129 0.178711 0.135742 0.062500
0 0.957031 0.081055 0.085938 0.097656
0 0.938477 0.358398 0.117188 0.132812
0 0.861816 0.881836 0.155273 0.070312
0 0.948730 0.813477 0.102539 0.062500
0 0.814453 0.934570 0.185547 0.054688
0 0.383301 0.829590 0.127930 0.090820
0 0.429688 0.892090 0.150391 0.065430
