0 0.358398 0.406250 0.054688 0.078125
0 0.796875 0.308105 0.064453 0.079102
0 0.373535 0.614258 0.038086 0.136719
0 0.878906 0.042969 0.042969 0.085938
0 0.209473 0.654785 0.081055 0.063477
0 0.158203 0.105957 0.101562 0.071289
0 0.808594 0.614258 0.054688 0.085938
0 0.717285 0.605469 0.073242 0.078125
0 0.414062 0.522949 0.082031 0.079102
0 0.011719 0.399414 0.023438 0.123047
0 0.468262 0.683105 0.063477 0.094727
0 0.866211 0.158203 0.099609 0.085938
0 0.517090 0.471191 0.102539 0.047852
0 0.104492 0.095703 0.091797 0.072266
0 0.685059 0.064453 0.053711 0.083984
0 0.760254 0.782227 0.075195 0.074219
0 0.895996 0.636719 0.110352 0.085938
0 0.955566 0.417480 0.083008 0.041992
0 0.435547 0.108398 0.072266 0.054688
0 0.945801 0.109375 0.045898 0.076172
0 0.538086 0.797852 0.085938 0.046875
0 0.509277 0.362305 0.108398 0.101562
0 0.415039 0.030273 0.076172 0.056641
0 0.167969 0.876465 0.103516 0.038086
0 0.006348 0.970215 0.012695 0.047852
0 0.498535 0.405762 0.057617 0.065430
0 0.961914 0.170898 0.066406 0.039062
0 0.707031 0.978516 0.083984 0.039062
0 0.083984 0.422852 0.099609 0.044922
0 0.492676 0.814941 0.075195 0.038086
0 0.148926 0.190918 0.083008 0.045898
0 0.975586 0.214844 0.044922 0.064453
0 0.463379 0.902344 0.118164 0.039062
0 0.776367 0.829590 0.148438 0.043945
0 0.481934 0.853027 0.061523 0.083008
0 0.645996 0.526855 0.116211 0.043945
0 0.456543 0.186523 0.090820 0.056641
0 0.854004 0.734863 0.053711 0.051758
0 0.208008 0.824707 0.060547 0.024414
0 0.395508 0.776855 0.121094 0.053711
0 0.290527 0.022461 0.073242 0.044922
0 0.210938 0.015625 0.039062 0.031250
0 0.854492 0.843262 0.099609 0.051758
0 0.727051 0.180176 0.108398 0.055664
0 0.035645 0.783203 0.071289 0.042969
0 0.787598 0.880371 0.118164 0.055664
0 0.323730 0.667480 0.069336 0.053711
0 0.142090 0.758301 0.098633 0.036133
0 0.077637 0.158203 0.051758 0.050781
0 0.576172 0.192383 0.062500 0.041016
0 0.836914 0.466797 0.042969 0.035156
0 0.199707 0.664551 0.075195 0.061523
0 0.768066 0.102051 0.028320 0.075195
0 0.891602 0.877930 0.058594 0.021484
0 0.878418 0.705566 0.032227 0.071289
0 0.786133 0.104980 0.037109 0.083008
0 0.129395 0.787109 0.051758 0.025391
0 0.644531 0.492188 0.123047 0.046875
0 0.544922 0.891602 0.042969 0.037109
0 0.957520 0.678223 0.084961 0.047852
0 0.729492 0.790039 0.039062 0.035156
0 0.586914 0.210449 0.082031 0.059570
0 0.683594 0.218750 0.072266 0.125000
0 0.725098 0.244629 0.108398 0.063477
0 0.406250 0.066895 0.039062 0.090820
0 0.605469 0.756836 0.068359 0.072266
0 0.687500 0.013184 0.064453 0.026367
0 0.612305 0.017090 0.042969 0.034180
0 0.623535 0.044922 0.094727 0.064453
0 0.863770 0.012207 0.098633 0.024414
0 0.975098 0.028320 0.049805 0.056641
0 0.030762 0.411621 0.061523 0.090820
