0 0.916992 0.031250 0.074219 0.062500
0 0.963379 0.033203 0.065430 0.052734
0 0.806152 0.242188 0.075195 0.064453
0 0.898438 0.296387 0.060547 0.053711
0 0.968262 0.209961 0.063477 0.058594
0 0.971680 0.306641 0.056641 0.082031
0 0.839844 0.417969 0.056641 0.066406
0 0.652344 0.310059 0.062500 0.061523
0 0.653320 0.497070 0.132812 0.101562
0 0.487793 0.452148 0.079102 0.095703
0 0.380859 0.415527 0.101562 0.096680
0 0.314453 0.364258 0.080078 0.058594
0 0.242188 0.390625 0.117188 0.080078
0 0.191406 0.295410 0.113281 0.090820
0 0.281250 0.234863 0.072266 0.061523
0 0.258301 0.133301 0.073242 0.055664
0 0.212402 0.144531 0.061523 0.074219
0 0.156250 0.162598 0.060547 0.083008
0 0.032227 0.163574 0.064453 0.051758
0 0.024902 0.064453 0.049805 0.039062
0 0.129883 0.031738 0.068359 0.063477
0 0.207031 0.020996 0.066406 0.041992
0 0.627930 0.046387 0.125000 0.081055
0 0.674316 0.022461 0.069336 0.044922
0 0.978516 0.639160 0.042969 0.124023
0 0.942383 0.602539 0.064453 0.132812
0 0.718262 0.618652 0.069336 0.073242
0 0.629883 0.657715 0.060547 0.063477
0 0.509766 0.634277 0.080078 0.081055
0 0.355469 0.605469 0.111328 0.085938
0 0.350586 0.660645 0.072266 0.069336
0 0.197266 0.519531 0.078125 0.068359
0 0.195801 0.588867 0.075195 0.072266
0 0.107422 0.568848 0.074219 0.057617
0 0.085938 0.645020 0.078125 0.049805
0 0.117188 0.413086 0.080078 0.056641
0 0.223633 0.688965 0.091797 0.055664
0 0.258789 0.733887 0.056641 0.065430
0 0.082031 0.748047 0.044922 0.052734
0 0.208984 0.814453 0.095703 0.048828
0 0.026367 0.817383 0.052734 0.060547
0 0.178711 0.975586 0.132812 0.048828
0 0.302734 0.979980 0.109375 0.040039
0 0.253906 0.948242 0.087891 0.052734
0 0.472656 0.926758 0.078125 0.089844
0 0.486816 0.991211 0.104492 0.017578
0 0.715332 0.930664 0.153320 0.138672
0 0.837402 0.937012 0.108398 0.069336
0 0.516113 0.785645 0.086914 0.081055
0 0.775879 0.757324 0.165039 0.075195
0 0.023438 0.736328 0.046875 0.058594
0 0.479492 0.135742 0.060547 0.056641
0 0.119629 0.132812 0.075195 0.044922
0 0.668457 0.922363 0.114258 0.149414
