0 0.647949 0.008301 0.112305 0.016602
0 0.578613 0.009766 0.083008 0.019531
0 0.356934 0.030273 0.071289 0.060547
0 0.439941 0.058105 0.151367 0.116211
0 0.146484 0.120605 0.103516 0.137695
0 0.086426 0.165039 0.110352 0.125000
0 0.016113 0.098633 0.032227 0.177734
0 0.460449 0.203125 0.165039 0.048828
0 0.665039 0.196289 0.138672 0.275391
0 0.345215 0.282715 0.063477 0.114258
0 0.460938 0.298828 0.121094 0.078125
0 0.350098 0.378906 0.096680 0.099609
0 0.444824 0.399414 0.106445 0.093750
0 0.645508 0.354492 0.052734 0.083984
0 0.702148 0.394043 0.140625 0.219727
0 0.203613 0.392090 0.084961 0.139648
0 0.063965 0.289062 0.127930 0.160156
0 0.078125 0.476562 0.156250 0.111328
0 0.112305 0.601562 0.091797 0.123047
0 0.244629 0.710449 0.098633 0.206055
0 0.305664 0.706543 0.072266 0.149414
0 0.310059 0.560059 0.094727 0.124023
0 0.561523 0.662598 0.060547 0.168945
0 0.632324 0.628906 0.083008 0.222656
0 0.464844 0.648926 0.085938 0.237305
0 0.432129 0.735352 0.090820 0.169922
0 0.140137 0.725586 0.086914 0.132812
0 0.007812 0.883789 0.015625 0.058594
0 0.067383 0.893066 0.117188 0.069336
0 0.202637 0.946777 0.120117 0.106445
0 0.256348 0.893066 0.061523 0.077148
0 0.509277 0.968262 0.057617 0.053711
0 0.555176 0.984375 0.045898 0.031250
0 0.695801 0.901855 0.081055 0.090820
0 0.788086 0.546387 0.093750 0.118164
0 0.845215 0.686523 0.125977 0.164062
0 0.963867 0.654297 0.072266 0.144531
0 0.981445 0.534668 0.037109 0.075195
0 0.810059 0.258789 0.145508 0.070312
0 0.896973 0.317871 0.120117 0.086914
0 0.892578 0.948242 0.074219 0.103516
0 0.969238 0.065430 0.061523 0.111328
0 0.904785 0.022949 0.084961 0.045898
