0 0.203125 0.953613 0.078125 0.092773
0 0.895508 0.927246 0.089844 0.086914
0 0.910645 0.654297 0.092773 0.080078
0 0.488281 0.459473 0.091797 0.110352
0 0.928223 0.128418 0.073242 0.077148
0 0.791504 0.716309 0.127930 0.067383
0 0.150391 0.593262 0.062500 0.073242
0 0.662109 0.079590 0.074219 0.065430
0 0.832031 0.303223 0.085938 0.073242
0 0.439453 0.642090 0.080078 0.065430
0 0.018555 0.834473 0.037109 0.075195
0 0.187012 0.275879 0.104492 0.073242
0 0.338379 0.222168 0.083008 0.069336
0 0.023438 0.953613 0.046875 0.067383
0 0.520508 0.618164 0.062500 0.078125
0 0.204590 0.662109 0.065430 0.064453
0 0.270508 0.602051 0.062500 0.065430
0 0.699219 0.714355 0.080078 0.059570
0 0.798340 0.145996 0.096680 0.083008
0 0.191895 0.144531 0.065430 0.085938
0 0.849121 0.574707 0.129883 0.094727
0 0.854492 0.851074 0.070312 0.047852
0 0.801758 0.972168 0.054688 0.055664
0 0.538086 0.923340 0.062500 0.086914
0 0.740723 0.545898 0.102539 0.062500
0 0.176758 0.195312 0.054688 0.062500
0 0.626953 0.837891 0.089844 0.097656
0 0.850586 0.089844 0.097656 0.089844
0 0.703613 0.873535 0.067383 0.067383
0 0.816895 0.658203 0.049805 0.042969
0 0.203125 0.859375 0.087891 0.080078
0 0.947754 0.378906 0.086914 0.037109
0 0.705566 0.275879 0.106445 0.051758
0 0.775879 0.859375 0.067383 0.060547
0 0.714844 0.966309 0.072266 0.067383
0 0.102051 0.544434 0.069336 0.069336
0 0.064453 0.973633 0.060547 0.052734
0 0.646973 0.909668 0.075195 0.059570
0 0.722168 0.932129 0.065430 0.084961
0 0.771973 0.899414 0.094727 0.064453
0 0.216797 0.488281 0.046875 0.042969
0 0.261719 0.495605 0.062500 0.057617
0 0.287109 0.541016 0.044922 0.062500
0 0.314453 0.478516 0.074219 0.062500
0 0.389648 0.454590 0.064453 0.065430
0 0.313477 0.329590 0.062500 0.065430
0 0.419434 0.339355 0.075195 0.065430
0 0.436035 0.289551 0.047852 0.055664
0 0.252930 0.325684 0.052734 0.057617
0 0.608398 0.368164 0.046875 0.132812
0 0.834473 0.529297 0.055664 0.080078
0 0.840820 0.061523 0.152344 0.048828
0 0.760742 0.064453 0.062500 0.070312
0 0.702148 0.033203 0.070312 0.046875
0 0.942871 0.035645 0.102539 0.067383
0 0.940918 0.218262 0.112305 0.083008
0 0.229004 0.433105 0.084961 0.067383
0 0.205078 0.401367 0.093750 0.091797
