0 0.496094 0.524902 0.085938 0.069336
0 0.984375 0.153809 0.031250 0.071289
0 0.716309 0.242676 0.051758 0.081055
0 0.344238 0.787109 0.063477 0.097656
0 0.971680 0.454102 0.056641 0.107422
0 0.618164 0.158691 0.074219 0.088867
0 0.415527 0.239258 0.084961 0.064453
0 0.356934 0.160645 0.090820 0.053711
0 0.616699 0.445312 0.061523 0.091797
0 0.406250 0.110352 0.087891 0.126953
0 0.110840 0.647949 0.092773 0.051758
0 0.916504 0.031250 0.065430 0.062500
0 0.082031 0.590332 0.095703 0.045898
0 0.123535 0.316406 0.067383 0.046875
0 0.245605 0.483398 0.094727 0.044922
0 0.916504 0.356934 0.090820 0.045898
0 0.554688 0.828125 0.048828 0.062500
0 0.671387 0.349121 0.090820 0.047852
0 0.106934 0.510742 0.094727 0.076172
0 0.541504 0.030273 0.057617 0.044922
0 0.184570 0.289551 0.097656 0.065430
0 0.703125 0.520020 0.101562 0.049805
0 0.428711 0.677734 0.083984 0.037109
0 0.107910 0.405762 0.118164 0.071289
0 0.374023 0.489746 0.066406 0.059570
0 0.525879 0.356445 0.077148 0.041016
0 0.579102 0.299805 0.087891 0.037109
0 0.986328 0.887207 0.027344 0.053711
0 0.760254 0.584961 0.075195 0.060547
0 0.219238 0.224121 0.081055 0.055664
0 0.070312 0.262207 0.080078 0.075195
0 0.424316 0.971680 0.088867 0.044922
0 0.569824 0.915527 0.045898 0.071289
0 0.976562 0.958496 0.046875 0.045898
0 0.790039 0.974121 0.085938 0.041992
0 0.456055 0.325684 0.056641 0.045898
0 0.974121 0.274902 0.038086 0.108398
0 0.745605 0.028320 0.051758 0.054688
0 0.338379 0.052734 0.047852 0.048828
0 0.636719 0.279785 0.056641 0.036133
0 0.312012 0.148926 0.047852 0.112305
0 0.338867 0.906250 0.054688 0.044922
0 0.851562 0.571289 0.107422 0.048828
0 0.030273 0.618164 0.060547 0.031250
0 0.028809 0.191895 0.057617 0.073242
0 0.773926 0.638184 0.065430 0.040039
0 0.709473 0.585449 0.036133 0.063477
0 0.988770 0.614258 0.022461 0.041016
0 0.051270 0.941895 0.102539 0.036133
0 0.041016 0.700684 0.082031 0.038086
0 0.479980 0.040039 0.049805 0.029297
0 0.936035 0.302246 0.051758 0.055664
0 0.741699 0.912598 0.065430 0.040039
0 0.402832 0.534180 0.071289 0.037109
0 0.208984 0.393066 0.078125 0.041992
0 0.140137 0.211914 0.110352 0.050781
0 0.623535 0.589355 0.047852 0.036133
0 0.581055 0.901855 0.041016 0.071289
0 0.614258 0.641113 0.044922 0.043945
0 0.052246 0.910156 0.081055 0.041016
0 0.980469 0.016602 0.039062 0.031250
0 0.619141 0.298340 0.062500 0.053711
0 0.255371 0.273438 0.088867 0.044922
0 0.808594 0.653809 0.052734 0.030273
0 0.395996 0.614258 0.063477 0.050781
0 0.059082 0.520508 0.081055 0.054688
0 0.294434 0.020508 0.040039 0.041016
0 0.405273 0.922363 0.050781 0.038086
0 0.298828 0.970215 0.054688 0.034180
0 0.252441 0.669922 0.069336 0.046875
0 0.284180 0.708496 0.091797 0.038086
0 0.571777 0.665039 0.049805 0.042969
0 0.397461 0.025391 0.068359 0.050781
0 0.505859 0.664551 0.062500 0.038086
0 0.424805 0.664551 0.083984 0.034180
0 0.874023 0.646973 0.056641 0.038086
0 0.772461 0.544434 0.076172 0.106445
0 0.065430 0.725586 0.062500 0.037109
0 0.474121 0.672363 0.045898 0.036133
0 0.562012 0.255371 0.061523 0.040039
0 0.012207 0.396973 0.024414 0.049805
0 0.590820 0.353027 0.050781 0.032227
