0 0.062500 0.341797 0.066406 0.068359
0 0.955078 0.320801 0.070312 0.071289
0 0.067871 0.313477 0.061523 0.078125
0 0.823730 0.027832 0.077148 0.055664
0 0.863281 0.980957 0.093750 0.034180
0 0.758789 0.941406 0.082031 0.070312
0 0.771484 0.037598 0.060547 0.071289
0 0.570801 0.053223 0.059570 0.057617
0 0.878418 0.366211 0.059570 0.050781
0 0.480469 0.763672 0.082031 0.076172
0 0.479004 0.104492 0.065430 0.066406
0 0.604492 0.727051 0.080078 0.043945
0 0.879395 0.171387 0.061523 0.083008
0 0.319336 0.520996 0.066406 0.053711
0 0.017578 0.443359 0.035156 0.052734
0 0.519531 0.422363 0.060547 0.034180
0 0.982910 0.530273 0.034180 0.093750
0 0.325195 0.343262 0.029297 0.090820
0 0.961426 0.094727 0.041992 0.060547
0 0.108398 0.577637 0.080078 0.038086
0 0.228516 0.826172 0.058594 0.056641
0 0.243652 0.986328 0.047852 0.027344
0 0.743652 0.095703 0.047852 0.064453
0 0.274414 0.019531 0.080078 0.037109
0 0.284180 0.675293 0.046875 0.061523
0 0.462402 0.557129 0.047852 0.061523
0 0.683594 0.319336 0.031250 0.064453
0 0.516113 0.389648 0.059570 0.056641
0 0.375977 0.762207 0.080078 0.077148
0 0.269531 0.384766 0.103516 0.037109
0 0.523926 0.334473 0.059570 0.053711
0 0.101562 0.441406 0.046875 0.056641
0 0.656250 0.656250 0.056641 0.041016
0 0.637207 0.222656 0.028320 0.070312
0 0.736328 0.364258 0.046875 0.056641
0 0.780273 0.456055 0.060547 0.031250
0 0.042480 0.968262 0.073242 0.028320
0 0.570312 0.400879 0.085938 0.075195
0 0.406250 0.981445 0.035156 0.033203
0 0.937500 0.953613 0.054688 0.036133
0 0.187500 0.589355 0.060547 0.036133
0 0.911621 0.330566 0.061523 0.059570
0 0.961914 0.523438 0.042969 0.052734
0 0.306152 0.230957 0.077148 0.041992
0 0.130371 0.901855 0.124023 0.045898
0 0.808594 0.337402 0.058594 0.059570
0 0.480469 0.957031 0.041016 0.044922
0 0.437012 0.664062 0.063477 0.027344
0 0.417480 0.707520 0.059570 0.034180
0 0.346680 0.256836 0.048828 0.042969
0 0.265137 0.354980 0.083008 0.049805
0 0.441406 0.630859 0.068359 0.048828
0 0.544922 0.972168 0.037109 0.045898
0 0.810547 0.254395 0.050781 0.024414
0 0.620605 0.503809 0.070117 0.050586
0 0.742188 0.466309 0.058594 0.055664
0 0.475586 0.914551 0.029297 0.065430
0 0.312012 0.748535 0.059570 0.040039
0 0.667480 0.771484 0.079102 0.042969
0 0.671387 0.825195 0.071289 0.035156
0 0.920410 0.644531 0.041992 0.044922
0 0.902832 0.304199 0.071289 0.077148
0 0.584961 0.975098 0.052734 0.047852
0 0.038574 0.803711 0.077148 0.056641
