0 0.612305 0.666992 0.089844 0.115234
0 0.317871 0.887207 0.102539 0.094727
0 0.928223 0.271973 0.086914 0.075195
0 0.494629 0.699219 0.094727 0.115234
0 0.224609 0.664551 0.099609 0.075195
0 0.815430 0.530762 0.097656 0.131836
0 0.854492 0.969727 0.080078 0.060547
0 0.085938 0.452148 0.097656 0.070312
0 0.688477 0.954590 0.082031 0.090820
0 0.161621 0.967285 0.120117 0.065430
0 0.445801 0.108398 0.096680 0.097656
0 0.614746 0.296875 0.084961 0.064453
0 0.235352 0.433105 0.062500 0.086914
0 0.117188 0.224609 0.099609 0.080078
0 0.778320 0.309570 0.113281 0.185547
0 0.609863 0.953613 0.075195 0.090820
0 0.977051 0.445801 0.045898 0.122070
0 0.863281 0.784180 0.216797 0.134766
0 0.486816 0.239746 0.139648 0.155273
0 0.141113 0.330566 0.067383 0.057617
0 0.361816 0.625977 0.110352 0.126953
0 0.809082 0.642090 0.084961 0.084961
0 0.162109 0.169434 0.080078 0.049805
0 0.925781 0.170898 0.082031 0.078125
0 0.525879 0.579590 0.057617 0.049805
0 0.979980 0.684570 0.040039 0.089844
0 0.553223 0.982422 0.122070 0.035156
0 0.070801 0.605957 0.137695 0.083008
0 0.146973 0.107422 0.090820 0.080078
0 0.759277 0.745605 0.065430 0.057617
0 0.683105 0.856934 0.077148 0.094727
0 0.570801 0.099121 0.092773 0.084961
0 0.038086 0.302246 0.072266 0.084961
0 0.574219 0.188477 0.089844 0.072266
0 0.093262 0.898438 0.108398 0.078125
0 0.021973 0.391113 0.040039 0.057617
0 0.355957 0.676758 0.067383 0.054688
0 0.770508 0.834473 0.107422 0.084961
0 0.194336 0.102051 0.062500 0.057617
0 0.295410 0.306641 0.049805 0.054688
0 0.181152 0.021973 0.057617 0.040039
0 0.604492 0.259277 0.074219 0.049805
0 0.902344 0.117188 0.054688 0.070312
0 0.130859 0.648438 0.117188 0.082031
0 0.017090 0.051758 0.034180 0.050781
