0 0.863770 0.044434 0.073242 0.059570
0 0.934570 0.042969 0.095703 0.085938
0 0.915039 0.290527 0.068359 0.043945
0 0.856934 0.504883 0.049805 0.121094
0 0.917969 0.530273 0.044922 0.068359
0 0.810547 0.584473 0.070312 0.079102
0 0.732910 0.628418 0.094727 0.049805
0 0.826172 0.653809 0.099609 0.057617
0 0.854004 0.683105 0.106445 0.053711
0 0.805176 0.750488 0.059570 0.051758
0 0.774414 0.711914 0.076172 0.041016
0 0.939453 0.766113 0.078125 0.063477
0 0.968750 0.834961 0.062500 0.085938
0 0.830078 0.904785 0.058594 0.071289
0 0.708496 0.854004 0.061523 0.090820
0 0.625488 0.192383 0.102539 0.054688
0 0.595703 0.088379 0.093750 0.133789
0 0.436035 0.085449 0.075195 0.100586
0 0.391113 0.111816 0.045898 0.112305
0 0.094238 0.072754 0.045898 0.071289
0 0.470215 0.614258 0.071289 0.050781
0 0.313477 0.646484 0.058594 0.066406
0 0.360840 0.824707 0.032227 0.022461
0 0.355957 0.768555 0.112305 0.078125
0 0.493652 0.742676 0.059570 0.084961
0 0.196777 0.797363 0.114258 0.075195
0 0.416992 0.971680 0.058594 0.056641
0 0.031250 0.833008 0.062500 0.068359
0 0.018066 0.341797 0.036133 0.068359
0 0.038574 0.362305 0.047852 0.048828
0 0.049316 0.399414 0.051758 0.052734
0 0.068359 0.160156 0.072266 0.085938
0 0.176270 0.215820 0.067383 0.091797
0 0.108398 0.299316 0.066406 0.065430
0 0.238770 0.353027 0.059570 0.077148
0 0.108887 0.443848 0.047852 0.067383
0 0.142090 0.491211 0.065430 0.064453
0 0.229004 0.518555 0.063477 0.099609
0 0.205078 0.628418 0.072266 0.073242
0 0.092285 0.661621 0.073242 0.110352
0 0.408203 0.438477 0.046875 0.085938
0 0.452148 0.372070 0.048828 0.035156
0 0.359375 0.270508 0.082031 0.078125
0 0.284668 0.269531 0.055664 0.054688
0 0.575195 0.828613 0.066406 0.053711
0 0.545898 0.724609 0.089844 0.074219
0 0.309082 0.423340 0.057617 0.073242
0 0.206055 0.389160 0.064453 0.063477
