0 0.007324 0.312012 0.014648 0.067383
0 0.081055 0.298340 0.109375 0.075195
0 0.124512 0.211914 0.088867 0.132812
0 0.028320 0.106445 0.056641 0.048828
0 0.056641 0.068848 0.113281 0.112305
0 0.231934 0.080566 0.069336 0.100586
0 0.177246 0.053711 0.059570 0.107422
0 0.199707 0.166016 0.057617 0.078125
0 0.293457 0.333984 0.092773 0.076172
0 0.322266 0.258301 0.218750 0.067383
0 0.449707 0.096680 0.053711 0.085938
0 0.526367 0.198730 0.162109 0.147461
0 0.638672 0.320312 0.085938 0.123047
0 0.529297 0.053711 0.054688 0.107422
0 0.737305 0.223633 0.136719 0.093750
0 0.791504 0.160156 0.065430 0.105469
0 0.088867 0.570801 0.121094 0.192383
0 0.028320 0.760254 0.056641 0.139648
0 0.063965 0.808105 0.071289 0.083008
0 0.081543 0.687012 0.094727 0.075195
0 0.178223 0.732910 0.045898 0.055664
0 0.157715 0.775879 0.075195 0.065430
0 0.210938 0.676270 0.064453 0.057617
0 0.234863 0.741699 0.047852 0.053711
0 0.561035 0.634766 0.108398 0.132812
0 0.500488 0.797363 0.075195 0.069336
0 0.392090 0.772461 0.069336 0.068359
0 0.265625 0.835449 0.109375 0.163086
0 0.307617 0.853516 0.142578 0.150391
0 0.145508 0.924805 0.103516 0.150391
0 0.022949 0.973633 0.045898 0.052734
0 0.502930 0.946777 0.134766 0.106445
0 0.731445 0.768066 0.085938 0.075195
0 0.986328 0.711914 0.027344 0.128906
0 0.955566 0.854980 0.088867 0.092773
0 0.833984 0.848633 0.134766 0.097656
0 0.901855 0.700195 0.067383 0.156250
0 0.881836 0.506348 0.099609 0.198242
0 0.958496 0.570801 0.083008 0.116211
0 0.897461 0.102051 0.181641 0.083008
0 0.900391 0.163086 0.085938 0.072266
0 0.122070 0.019531 0.039062 0.039062
0 0.786621 0.267578 0.040039 0.039062
0 0.922852 0.889648 0.095703 0.148438
