0 0.523926 0.781250 0.067383 0.058594
0 0.469727 0.232910 0.060547 0.102539
0 0.673828 0.295410 0.080078 0.059570
0 0.655762 0.580078 0.053711 0.066406
0 0.411621 0.506348 0.069336 0.065430
0 0.291016 0.582031 0.062500 0.060547
0 0.756836 0.803223 0.064453 0.069336
0 0.108398 0.253418 0.125000 0.069336
0 0.429199 0.718262 0.084961 0.077148
0 0.240234 0.802246 0.093750 0.061523
0 0.781738 0.263672 0.086914 0.105469
0 0.583008 0.112305 0.087891 0.080078
0 0.327148 0.088379 0.054688 0.086914
0 0.097656 0.776855 0.078125 0.055664
0 0.514648 0.037109 0.109375 0.070312
0 0.138184 0.094238 0.049805 0.049805
0 0.860840 0.718262 0.073242 0.131836
0 0.893555 0.394043 0.066406 0.079102
0 0.939453 0.398438 0.037109 0.035156
