0 0.028320 0.123047 0.056641 0.060547
0 0.101074 0.166504 0.069336 0.059570
0 0.142090 0.058105 0.098633 0.079102
0 0.284180 0.202637 0.099609 0.094727
0 0.256836 0.285156 0.072266 0.070312
0 0.048828 0.306641 0.097656 0.111328
0 0.045410 0.417969 0.090820 0.095703
0 0.083008 0.793457 0.111328 0.098633
0 0.153809 0.527344 0.090820 0.083984
0 0.015137 0.979492 0.030273 0.041016
0 0.267578 0.946777 0.085938 0.106445
0 0.387207 0.982910 0.088867 0.034180
0 0.766602 0.987305 0.091797 0.025391
0 0.735840 0.867188 0.065430 0.068359
0 0.895996 0.899902 0.110352 0.083008
0 0.506348 0.827637 0.102539 0.079102
0 0.388184 0.877441 0.081055 0.077148
0 0.336914 0.798828 0.060547 0.054688
0 0.422852 0.751953 0.085938 0.082031
0 0.628906 0.699219 0.085938 0.119141
0 0.843262 0.586914 0.073242 0.097656
0 0.291016 0.350098 0.072266 0.065430
0 0.361328 0.279297 0.056641 0.068359
0 0.421875 0.310547 0.093750 0.097656
0 0.387207 0.444336 0.081055 0.101562
0 0.592773 0.361816 0.093750 0.075195
0 0.637695 0.204102 0.070312 0.072266
0 0.482910 0.131836 0.077148 0.078125
0 0.684082 0.132324 0.069336 0.131836
0 0.764648 0.083008 0.111328 0.166016
0 0.838867 0.363770 0.072266 0.096680
0 0.889648 0.276855 0.072266 0.108398
0 0.992676 0.235840 0.014648 0.096680
0 0.972656 0.351562 0.054688 0.109375
0 0.964844 0.466797 0.070312 0.113281
0 0.933594 0.702637 0.132812 0.069336
0 0.891113 0.496094 0.083008 0.093750
