0 0.977051 0.342285 0.045898 0.110352
0 0.738770 0.223145 0.118164 0.090820
0 0.550293 0.487305 0.116211 0.125000
0 0.785645 0.459961 0.096680 0.074219
0 0.498535 0.687988 0.112305 0.112305
0 0.270508 0.908691 0.203125 0.182617
0 0.081543 0.669434 0.153320 0.096680
0 0.028320 0.402344 0.056641 0.091797
0 0.119141 0.095703 0.132812 0.091797
0 0.263672 0.276367 0.089844 0.085938
0 0.783203 0.828125 0.136719 0.130859
0 0.106445 0.834473 0.095703 0.094727
0 0.289551 0.770508 0.120117 0.111328
0 0.507812 0.945801 0.130859 0.108398
0 0.645996 0.815918 0.129883 0.143555
0 0.825684 0.672852 0.073242 0.085938
0 0.611328 0.041992 0.126953 0.083984
0 0.319824 0.553711 0.106445 0.123047
0 0.085449 0.381348 0.065430 0.061523
0 0.193848 0.354980 0.063477 0.059570
0 0.021484 0.867188 0.042969 0.101562
0 0.173340 0.520020 0.075195 0.057617
0 0.644043 0.635742 0.069336 0.099609
0 0.656738 0.456055 0.061523 0.070312
0 0.797852 0.537598 0.087891 0.051758
0 0.939453 0.751465 0.058594 0.071289
0 0.739258 0.960449 0.070312 0.079102
0 0.922852 0.993652 0.087891 0.012695
0 0.804688 0.122070 0.087891 0.064453
0 0.676758 0.890625 0.054688 0.039062
0 0.395508 0.022949 0.072266 0.045898
