0 0.384277 0.021484 0.083008 0.042969
0 0.409180 0.076660 0.083984 0.084961
0 0.476074 0.178711 0.088867 0.091797
0 0.640625 0.063477 0.083984 0.058594
0 0.723633 0.116211 0.062500 0.064453
0 0.555664 0.112305 0.060547 0.076172
0 0.119141 0.261719 0.066406 0.068359
0 0.043945 0.264648 0.062500 0.074219
0 0.130859 0.350586 0.119141 0.093750
0 0.421387 0.363770 0.059570 0.063477
0 0.205078 0.422363 0.076172 0.079102
0 0.309570 0.488770 0.128906 0.071289
0 0.434570 0.493652 0.056641 0.075195
0 0.153320 0.536133 0.093750 0.078125
0 0.040039 0.568359 0.074219 0.085938
0 0.032227 0.423828 0.060547 0.076172
0 0.063477 0.765625 0.085938 0.076172
0 0.169434 0.766602 0.071289 0.074219
0 0.288574 0.806152 0.061523 0.067383
0 0.125977 0.873047 0.126953 0.097656
0 0.289551 0.918457 0.092773 0.088867
0 0.792969 0.964844 0.066406 0.070312
0 0.921387 0.968750 0.086914 0.062500
0 0.758301 0.879883 0.073242 0.076172
0 0.657227 0.815430 0.123047 0.085938
0 0.528809 0.867676 0.125977 0.069336
0 0.533203 0.917480 0.080078 0.065430
0 0.792480 0.764648 0.073242 0.130859
0 0.883301 0.751465 0.065430 0.114258
0 0.718750 0.645996 0.074219 0.114258
0 0.622070 0.584961 0.070312 0.064453
0 0.530762 0.650879 0.067383 0.088867
0 0.614258 0.691406 0.097656 0.121094
0 0.663086 0.466309 0.134766 0.090820
0 0.835938 0.404785 0.074219 0.088867
0 0.754395 0.395996 0.065430 0.067383
0 0.940430 0.578125 0.068359 0.068359
0 0.950195 0.694824 0.080078 0.116211
0 0.604492 0.257324 0.070312 0.094727
0 0.682129 0.305664 0.065430 0.083984
0 0.708984 0.232422 0.140625 0.173828
0 0.801270 0.244629 0.083008 0.061523
0 0.930664 0.327637 0.080078 0.077148
0 0.939453 0.094238 0.121094 0.102539
0 0.762207 0.209473 0.055664 0.057617
0 0.988770 0.248535 0.022461 0.043945
0 0.097656 0.982422 0.121094 0.035156
0 0.247070 0.325195 0.035156 0.052734
0 0.859375 0.501953 0.044922 0.052734
0 0.828613 0.307617 0.065430 0.052734
