0 0.246582 0.513184 0.110352 0.057617
0 0.885742 0.119141 0.107422 0.091797
0 0.897949 0.660645 0.092773 0.083008
0 0.594238 0.349121 0.104492 0.153320
0 0.852051 0.183594 0.106445 0.080078
0 0.508301 0.915039 0.057617 0.095703
0 0.302734 0.461426 0.138672 0.083008
0 0.696289 0.426758 0.130859 0.117188
0 0.910156 0.951172 0.087891 0.097656
0 0.140137 0.660156 0.143555 0.103516
0 0.000977 0.836426 0.001953 0.100586
0 0.369141 0.195312 0.121094 0.078125
0 0.451172 0.066895 0.066406 0.129883
0 0.549805 0.186523 0.087891 0.097656
0 0.343262 0.533203 0.120117 0.117188
0 0.911133 0.568848 0.177734 0.166992
0 0.222656 0.025879 0.142578 0.049805
0 0.376953 0.774902 0.103516 0.215820
0 0.844238 0.383789 0.215820 0.083984
0 0.033691 0.010742 0.067383 0.021484
0 0.722656 0.837891 0.099609 0.062500
0 0.871582 0.850098 0.079102 0.090820
0 0.932617 0.775879 0.125000 0.071289
0 0.461426 0.117188 0.053711 0.072266
0 0.358398 0.948242 0.048828 0.039062
0 0.275391 0.171387 0.054688 0.081055
0 0.918945 0.020996 0.066406 0.041992
0 0.302246 0.010742 0.067383 0.021484
