0 0.099121 0.967285 0.120117 0.065430
0 0.170898 0.314941 0.082031 0.145508
0 0.352051 0.144531 0.100586 0.230469
0 0.345215 0.730957 0.114258 0.223633
0 0.475586 0.086914 0.107422 0.169922
0 0.089355 0.771973 0.145508 0.200195
0 0.690918 0.069824 0.118164 0.129883
0 0.728027 0.938965 0.272461 0.122070
0 0.025879 0.785645 0.051758 0.090820
0 0.338379 0.570801 0.086914 0.102539
0 0.872070 0.349609 0.125000 0.240234
0 0.594238 0.240723 0.084961 0.288086
0 0.635742 0.385742 0.232422 0.132812
0 0.029785 0.660645 0.059570 0.118164
0 0.066895 0.464844 0.133789 0.101562
0 0.392578 0.409668 0.322266 0.354492
0 0.729492 0.830078 0.179688 0.105469
0 0.974121 0.580078 0.051758 0.107422
0 0.483398 0.381836 0.162109 0.384766
0 0.699707 0.289551 0.100586 0.194336
0 0.555664 0.174316 0.267578 0.120117
0 0.868652 0.211914 0.262695 0.185547
0 0.943848 0.052734 0.098633 0.101562
0 0.669434 0.940430 0.098633 0.119141
0 0.283203 0.036621 0.076172 0.073242
0 0.542969 0.465820 0.121094 0.093750
