0 0.101074 0.542480 0.077148 0.073242
0 0.169434 0.851562 0.045898 0.072266
0 0.258789 0.407715 0.056641 0.129883
0 0.580566 0.449219 0.043945 0.101562
0 0.931641 0.180176 0.056641 0.092773
0 0.843262 0.825195 0.047852 0.072266
0 0.099609 0.095215 0.085938 0.043945
0 0.576660 0.859375 0.053711 0.064453
0 0.406738 0.134766 0.043945 0.078125
0 0.400879 0.447754 0.063477 0.083008
0 0.827148 0.094727 0.060547 0.107422
0 0.516602 0.041504 0.037109 0.065430
0 0.942383 0.854004 0.095703 0.055664
0 0.895508 0.810059 0.066406 0.063477
0 0.223633 0.580078 0.050781 0.082031
0 0.933105 0.459473 0.026367 0.063477
0 0.106934 0.229980 0.043945 0.061523
0 0.522461 0.158691 0.033203 0.073242
0 0.473145 0.548828 0.065430 0.056641
0 0.882812 0.541016 0.046875 0.087891
0 0.019043 0.554199 0.038086 0.038086
0 0.280762 0.631836 0.061523 0.042969
0 0.109375 0.893066 0.048828 0.053711
0 0.564941 0.036133 0.047852 0.062500
0 0.189453 0.629395 0.062500 0.028320
0 0.540527 0.292969 0.055664 0.042969
0 0.143555 0.473633 0.072266 0.068359
0 0.974121 0.746582 0.038086 0.073242
0 0.427734 0.073730 0.044922 0.040039
0 0.974609 0.514648 0.050781 0.048828
0 0.683594 0.455078 0.054688 0.035156
0 0.167969 0.563477 0.033203 0.064453
0 0.281250 0.526855 0.058594 0.034180
0 0.765625 0.878906 0.031250 0.056641
0 0.300293 0.898926 0.065430 0.045898
0 0.041504 0.185059 0.083008 0.047852
0 0.837891 0.028320 0.050781 0.056641
0 0.214844 0.419922 0.035156 0.054688
0 0.742188 0.821777 0.037109 0.063477
0 0.049316 0.218750 0.075195 0.056641
0 0.140137 0.514648 0.057617 0.054688
0 0.677734 0.476074 0.058594 0.041992
0 0.975586 0.922852 0.042969 0.027344
0 0.832031 0.511719 0.062500 0.039062
0 0.729492 0.829102 0.031250 0.064453
0 0.984375 0.478516 0.031250 0.037109
0 0.474121 0.059570 0.051758 0.044922
0 0.958008 0.818848 0.048828 0.057617
0 0.617188 0.891602 0.054688 0.048828
0 0.439453 0.987305 0.054688 0.025391
