0 0.559082 0.163574 0.061523 0.098633
0 0.217285 0.333008 0.043945 0.095703
0 0.816895 0.197754 0.077148 0.059570
0 0.817871 0.033691 0.032227 0.067383
0 0.450684 0.642090 0.065430 0.069336
0 0.269531 0.595703 0.082031 0.072266
0 0.037598 0.153320 0.075195 0.054688
0 0.467285 0.079590 0.043945 0.075195
0 0.541504 0.633301 0.059570 0.065430
0 0.041016 0.097168 0.082031 0.065430
0 0.026855 0.336914 0.053711 0.072266
0 0.915527 0.588379 0.075195 0.067383
0 0.965332 0.095215 0.061523 0.086914
0 0.190918 0.367676 0.063477 0.047852
0 0.918945 0.961914 0.041016 0.076172
0 0.392578 0.342773 0.058594 0.052734
0 0.636230 0.108398 0.065430 0.058594
0 0.599121 0.948242 0.061523 0.046875
0 0.343262 0.432617 0.055664 0.058594
0 0.858887 0.119629 0.036133 0.061523
0 0.979980 0.038574 0.040039 0.075195
0 0.036621 0.630371 0.069336 0.051758
0 0.789551 0.744629 0.088867 0.055664
0 0.385742 0.833984 0.066406 0.048828
0 0.090820 0.021973 0.044922 0.043945
0 0.429199 0.518555 0.043945 0.068359
0 0.670898 0.818848 0.041016 0.051758
0 0.306641 0.686035 0.068359 0.059570
0 0.222656 0.078125 0.097656 0.072266
0 0.724609 0.394043 0.044922 0.073242
0 0.786621 0.700684 0.065430 0.061523
0 0.717285 0.124023 0.043945 0.068359
0 0.715332 0.499023 0.041992 0.072266
0 0.242188 0.974121 0.044922 0.047852
0 0.427734 0.034668 0.048828 0.067383
0 0.717773 0.594727 0.052734 0.097656
0 0.572754 0.059570 0.032227 0.052734
0 0.689453 0.446777 0.052734 0.049805
0 0.751953 0.078125 0.080078 0.074219
0 0.685547 0.764648 0.062500 0.042969
0 0.174805 0.334961 0.054688 0.039062
0 0.569824 0.087402 0.057617 0.071289
0 0.625000 0.816895 0.056641 0.047852
0 0.351562 0.720703 0.058594 0.046875
0 0.128418 0.148438 0.053711 0.044922
0 0.410156 0.666992 0.068359 0.054688
0 0.345215 0.758301 0.055664 0.045898
0 0.295410 0.502930 0.041992 0.054688
0 0.439941 0.716309 0.049805 0.041992
0 0.964844 0.413086 0.056641 0.074219
0 0.524902 0.145020 0.047852 0.055664
0 0.266602 0.780273 0.140625 0.064453
0 0.464844 0.867676 0.052734 0.041992
0 0.366699 0.140625 0.065430 0.056641
0 0.633789 0.388184 0.041016 0.057617
0 0.515625 0.169434 0.050781 0.071289
0 0.733887 0.653320 0.059570 0.060547
0 0.327148 0.111328 0.083984 0.056641
0 0.882812 0.732422 0.046875 0.054688
0 0.935547 0.764648 0.054688 0.058594
0 0.973633 0.673340 0.048828 0.049805
0 0.925781 0.404785 0.052734 0.079102
0 0.329590 0.263672 0.041992 0.041016
0 0.208496 0.749512 0.075195 0.049805
0 0.986328 0.967773 0.027344 0.046875
0 0.369141 0.928711 0.101562 0.060547
