0 0.643555 0.232910 0.222656 0.096680
0 0.850098 0.244629 0.110352 0.073242
0 0.532227 0.143555 0.074219 0.091797
0 0.258301 0.167480 0.118164 0.092773
0 0.250488 0.287109 0.061523 0.072266
0 0.302734 0.344238 0.085938 0.067383
0 0.323242 0.266113 0.068359 0.065430
0 0.513184 0.255859 0.073242 0.085938
0 0.526855 0.333008 0.120117 0.101562
0 0.560059 0.396973 0.112305 0.059570
0 0.461426 0.438965 0.129883 0.075195
0 0.715820 0.519531 0.083984 0.111328
0 0.796387 0.492188 0.092773 0.064453
0 0.902832 0.475586 0.084961 0.060547
0 0.970215 0.446777 0.059570 0.053711
0 0.836426 0.332520 0.157227 0.077148
0 0.902344 0.363770 0.134766 0.069336
0 0.955566 0.322754 0.088867 0.053711
0 0.972656 0.270020 0.054688 0.081055
0 0.037598 0.233398 0.075195 0.080078
0 0.117676 0.502441 0.075195 0.137695
0 0.190918 0.574707 0.100586 0.114258
0 0.249512 0.524902 0.069336 0.088867
0 0.324219 0.561523 0.089844 0.085938
0 0.017578 0.331543 0.035156 0.067383
0 0.036133 0.712891 0.064453 0.060547
0 0.143555 0.833984 0.054688 0.062500
0 0.043945 0.865234 0.072266 0.058594
0 0.240234 0.898438 0.095703 0.121094
0 0.117676 0.924805 0.098633 0.070312
0 0.021973 0.954102 0.043945 0.091797
0 0.356445 0.844238 0.109375 0.069336
0 0.328125 0.740234 0.095703 0.050781
0 0.509277 0.758301 0.157227 0.067383
0 0.681152 0.766602 0.110352 0.080078
0 0.858398 0.726074 0.158203 0.067383
0 0.862793 0.810059 0.122070 0.071289
0 0.817383 0.850586 0.101562 0.074219
0 0.917480 0.945312 0.098633 0.072266
0 0.594238 0.903320 0.079102 0.099609
0 0.474609 0.816406 0.083984 0.058594
0 0.724121 0.915527 0.090820 0.067383
0 0.547852 0.829102 0.072266 0.050781
0 0.380859 0.912598 0.054688 0.065430
0 0.335449 0.989258 0.102539 0.021484
0 0.443848 0.864746 0.051758 0.045898
0 0.418457 0.345703 0.069336 0.050781
0 0.208984 0.364746 0.062500 0.065430
0 0.253418 0.453613 0.063477 0.047852
0 0.079102 0.775391 0.080078 0.062500
0 0.797852 0.965332 0.068359 0.067383
0 0.578613 0.778320 0.090820 0.046875
0 0.057617 0.388672 0.115234 0.064453
