0 0.658203 0.733887 0.068359 0.141602
0 0.381348 0.762207 0.075195 0.067383
0 0.394531 0.874512 0.097656 0.069336
0 0.832520 0.777344 0.071289 0.080078
0 0.566895 0.812988 0.088867 0.100586
0 0.685547 0.613281 0.082031 0.087891
0 0.642090 0.449219 0.194336 0.076172
0 0.817383 0.902344 0.089844 0.080078
0 0.311035 0.722168 0.116211 0.088867
0 0.927734 0.981934 0.117188 0.036133
0 0.855957 0.663574 0.192383 0.086914
0 0.644531 0.933105 0.099609 0.083008
0 0.411621 0.661133 0.063477 0.097656
0 0.956055 0.703125 0.087891 0.087891
0 0.949707 0.767090 0.100586 0.059570
