0 0.344238 0.948730 0.108398 0.102539
0 0.151367 0.955566 0.099609 0.069336
0 0.436035 0.792480 0.137695 0.151367
0 0.378418 0.467773 0.104492 0.212891
0 0.263672 0.416992 0.093750 0.242188
0 0.176758 0.331055 0.103516 0.128906
0 0.038086 0.226562 0.076172 0.142578
0 0.602539 0.430176 0.140625 0.088867
0 0.665039 0.535156 0.080078 0.105469
0 0.614746 0.575684 0.088867 0.139648
0 0.533203 0.575684 0.105469 0.143555
0 0.695801 0.662598 0.084961 0.084961
0 0.656250 0.838867 0.093750 0.117188
0 0.578125 0.958984 0.087891 0.076172
0 0.854980 0.951660 0.069336 0.096680
0 0.895996 0.860840 0.069336 0.100586
0 0.972656 0.780273 0.054688 0.126953
0 0.585449 0.300781 0.086914 0.093750
0 0.467773 0.154297 0.089844 0.109375
0 0.393066 0.317871 0.071289 0.094727
0 0.466797 0.033691 0.119141 0.067383
0 0.412109 0.013184 0.109375 0.026367
0 0.189941 0.037109 0.100586 0.074219
0 0.731934 0.025879 0.077148 0.051758
0 0.668457 0.060059 0.096680 0.120117
0 0.643066 0.177246 0.071289 0.079102
0 0.954590 0.126953 0.090820 0.082031
0 0.969238 0.401855 0.061523 0.088867
0 0.086914 0.144531 0.140625 0.113281
