0 0.277344 0.046875 0.083984 0.078125
0 0.460938 0.087891 0.078125 0.109375
0 0.149902 0.221680 0.069336 0.072266
0 0.479980 0.265137 0.090820 0.069336
0 0.487305 0.381836 0.107422 0.068359
0 0.086426 0.460449 0.100586 0.083008
0 0.333984 0.538086 0.058594 0.060547
0 0.294922 0.605469 0.066406 0.076172
0 0.208008 0.665039 0.083984 0.076172
0 0.053711 0.680664 0.097656 0.066406
0 0.063965 0.755859 0.084961 0.072266
0 0.378906 0.671387 0.066406 0.079102
0 0.469238 0.684570 0.059570 0.060547
0 0.514160 0.552246 0.086914 0.067383
0 0.274902 0.843262 0.077148 0.104492
0 0.173828 0.843262 0.082031 0.071289
0 0.147461 0.967285 0.087891 0.065430
0 0.641602 0.960449 0.068359 0.079102
0 0.632812 0.904785 0.107422 0.051758
0 0.524902 0.918945 0.063477 0.060547
0 0.844727 0.922852 0.068359 0.085938
0 0.953125 0.821777 0.093750 0.063477
0 0.820312 0.808594 0.093750 0.054688
0 0.673828 0.791992 0.066406 0.064453
0 0.591797 0.748047 0.107422 0.070312
0 0.805176 0.743652 0.116211 0.057617
0 0.689453 0.684082 0.060547 0.075195
0 0.838379 0.686523 0.096680 0.056641
0 0.805176 0.570801 0.086914 0.061523
0 0.620117 0.598145 0.062500 0.065430
0 0.979004 0.575195 0.041992 0.050781
0 0.977051 0.319824 0.045898 0.086914
0 0.673340 0.148926 0.094727 0.151367
0 0.642578 0.293457 0.078125 0.084961
0 0.388184 0.786133 0.069336 0.064453
0 0.308594 0.700684 0.070312 0.065430
0 0.228027 0.310059 0.090820 0.057617
0 0.266113 0.203613 0.073242 0.077148
0 0.040527 0.530762 0.079102 0.086914
0 0.180664 0.610840 0.126953 0.069336
0 0.488281 0.035156 0.078125 0.056641
0 0.043457 0.472168 0.081055 0.063477
