0 0.020996 0.069336 0.041992 0.064453
0 0.061523 0.020996 0.085938 0.041992
0 0.299805 0.082520 0.080078 0.067383
0 0.135742 0.132324 0.072266 0.106445
0 0.088867 0.181641 0.085938 0.158203
0 0.022461 0.389648 0.044922 0.082031
0 0.016113 0.487793 0.032227 0.086914
0 0.097168 0.530762 0.079102 0.077148
0 0.214844 0.512207 0.080078 0.065430
0 0.404785 0.454590 0.106445 0.077148
0 0.237305 0.727539 0.125000 0.076172
0 0.216309 0.802246 0.069336 0.057617
0 0.030762 0.912109 0.057617 0.103516
0 0.087402 0.912598 0.071289 0.081055
0 0.458008 0.908203 0.068359 0.136719
0 0.592773 0.959473 0.101562 0.081055
0 0.740234 0.976562 0.078125 0.046875
0 0.937988 0.963867 0.118164 0.072266
0 0.916504 0.697754 0.083008 0.088867
0 0.840820 0.615723 0.103516 0.079102
0 0.925293 0.604980 0.065430 0.077148
0 0.685059 0.676270 0.075195 0.061523
0 0.688477 0.542480 0.062500 0.073242
0 0.637695 0.462402 0.093750 0.059570
0 0.490234 0.691406 0.076172 0.091797
0 0.578125 0.589355 0.085938 0.079102
0 0.514648 0.597168 0.068359 0.071289
0 0.355957 0.634766 0.061523 0.103516
0 0.415039 0.610840 0.085938 0.079102
0 0.275879 0.586914 0.071289 0.068359
0 0.617676 0.387207 0.118164 0.079102
0 0.526855 0.264648 0.100586 0.097656
0 0.764648 0.171875 0.062500 0.076172
0 0.618164 0.095215 0.076172 0.092773
0 0.751465 0.042969 0.100586 0.085938
0 0.526367 0.032715 0.074219 0.065430
0 0.463867 0.035156 0.056641 0.070312
0 0.384277 0.023438 0.092773 0.046875
0 0.744629 0.921875 0.086914 0.076172
0 0.314941 0.611816 0.067383 0.061523
0 0.785645 0.332520 0.071289 0.084961
0 0.191895 0.013672 0.108398 0.027344
