0 0.035156 0.942871 0.070312 0.114258
0 0.217285 0.958496 0.079102 0.083008
0 0.283203 0.811523 0.056641 0.068359
0 0.265137 0.745605 0.086914 0.083008
0 0.458496 0.796875 0.059570 0.056641
0 0.536133 0.908691 0.072266 0.092773
0 0.041016 0.613281 0.082031 0.074219
0 0.111816 0.055664 0.067383 0.111328
0 0.253906 0.166992 0.070312 0.085938
0 0.338379 0.142090 0.069336 0.077148
0 0.302246 0.049805 0.067383 0.083984
0 0.197754 0.041504 0.065430 0.065430
0 0.445801 0.196289 0.098633 0.119141
0 0.375488 0.261719 0.073242 0.068359
0 0.312988 0.312500 0.088867 0.068359
0 0.525879 0.366211 0.081055 0.074219
0 0.560059 0.202637 0.079102 0.071289
0 0.558105 0.039551 0.053711 0.075195
0 0.696289 0.199219 0.072266 0.062500
0 0.843262 0.205078 0.067383 0.097656
0 0.851562 0.270996 0.068359 0.071289
0 0.755859 0.333984 0.091797 0.099609
0 0.840820 0.376953 0.091797 0.089844
0 0.970703 0.522461 0.058594 0.082031
0 0.544922 0.457520 0.074219 0.077148
0 0.415039 0.465332 0.064453 0.077148
0 0.267578 0.531738 0.091797 0.071289
0 0.451660 0.600586 0.073242 0.074219
0 0.642090 0.588867 0.061523 0.074219
0 0.899414 0.557129 0.085938 0.071289
0 0.916992 0.621094 0.082031 0.064453
0 0.909668 0.749512 0.067383 0.069336
0 0.714844 0.794922 0.070312 0.083984
0 0.779297 0.794922 0.068359 0.060547
0 0.834473 0.748047 0.083008 0.072266
0 0.665527 0.796387 0.051758 0.094727
0 0.695801 0.737305 0.081055 0.056641
0 0.754883 0.736816 0.056641 0.065430
0 0.743164 0.579102 0.056641 0.072266
0 0.806641 0.076660 0.062500 0.069336
0 0.909180 0.083008 0.064453 0.064453
0 0.428223 0.065918 0.069336 0.059570
0 0.339355 0.651367 0.088867 0.076172
0 0.885742 0.436523 0.074219 0.089844
0 0.415039 0.026367 0.082031 0.052734
0 0.155273 0.185547 0.070312 0.035156
0 0.138672 0.211426 0.050781 0.045898
0 0.559570 0.411133 0.044922 0.039062
0 0.572754 0.439941 0.041992 0.038086
0 0.420898 0.878906 0.042969 0.058594
0 0.796875 0.460938 0.044922 0.048828
