0 0.630371 0.422363 0.084961 0.131836
0 0.821289 0.051270 0.076172 0.063477
0 0.578125 0.838379 0.082031 0.100586
0 0.748047 0.968750 0.091797 0.060547
0 0.158203 0.307617 0.074219 0.072266
0 0.620605 0.957520 0.088867 0.071289
0 0.713379 0.794922 0.084961 0.113281
0 0.809570 0.442871 0.078125 0.133789
0 0.592285 0.503418 0.079102 0.079102
0 0.652832 0.238770 0.114258 0.061523
0 0.658203 0.151855 0.126953 0.100586
0 0.265625 0.035156 0.136719 0.070312
0 0.057617 0.109375 0.060547 0.091797
0 0.030762 0.178711 0.061523 0.074219
0 0.755859 0.535156 0.082031 0.150391
0 0.432617 0.838867 0.181641 0.132812
0 0.303223 0.962891 0.086914 0.074219
0 0.701660 0.895508 0.086914 0.085938
0 0.118652 0.559570 0.112305 0.099609
0 0.168457 0.396973 0.106445 0.122070
0 0.083008 0.368652 0.074219 0.133789
0 0.754395 0.044922 0.084961 0.068359
0 0.622070 0.081055 0.126953 0.111328
0 0.038574 0.953613 0.077148 0.092773
0 0.902344 0.745117 0.142578 0.111328
0 0.349121 0.130371 0.100586 0.202148
0 0.284180 0.552734 0.107422 0.205078
0 0.891602 0.770508 0.107422 0.132812
0 0.883301 0.851562 0.170898 0.140625
0 0.882324 0.916016 0.161133 0.167969
0 0.144531 0.868652 0.058594 0.096680
0 0.709961 0.408203 0.052734 0.093750
0 0.840820 0.270508 0.080078 0.158203
0 0.879883 0.265625 0.109375 0.187500
0 0.937988 0.136230 0.124023 0.073242
0 0.855469 0.133789 0.072266 0.105469
0 0.804199 0.202637 0.075195 0.075195
0 0.726562 0.338379 0.078125 0.059570
0 0.979980 0.363770 0.040039 0.069336
0 0.022949 0.103027 0.045898 0.059570
0 0.744629 0.186035 0.053711 0.063477
