0 0.967773 0.288574 0.064453 0.102539
0 0.673828 0.100098 0.097656 0.100586
0 0.604004 0.358887 0.116211 0.086914
0 0.662109 0.687012 0.125000 0.118164
0 0.371094 0.404785 0.125000 0.174805
0 0.262695 0.218750 0.146484 0.128906
0 0.163086 0.731445 0.126953 0.166016
0 0.222168 0.910645 0.147461 0.108398
0 0.335449 0.960449 0.174805 0.079102
0 0.835449 0.784668 0.106445 0.102539
0 0.935547 0.956055 0.113281 0.087891
0 0.188965 0.103516 0.081055 0.089844
0 0.083496 0.304199 0.108398 0.075195
0 0.043945 0.108887 0.087891 0.106445
0 0.490723 0.036621 0.137695 0.073242
0 0.492676 0.120117 0.077148 0.068359
0 0.873047 0.025391 0.109375 0.050781
0 0.760742 0.489746 0.117188 0.155273
0 0.598145 0.471680 0.145508 0.093750
0 0.481445 0.335449 0.087891 0.133789
0 0.090820 0.520020 0.111328 0.143555
0 0.290039 0.551270 0.087891 0.118164
0 0.450195 0.934570 0.050781 0.042969
0 0.555664 0.735352 0.050781 0.041016
0 0.695801 0.321777 0.125977 0.100586
0 0.833008 0.958008 0.087891 0.083984
