0 0.634766 0.631836 0.099609 0.099609
0 0.215332 0.633301 0.102539 0.131836
0 0.402344 0.580566 0.089844 0.092773
0 0.708008 0.208496 0.087891 0.092773
0 0.653320 0.397949 0.113281 0.092773
0 0.148438 0.162109 0.082031 0.054688
0 0.471191 0.299805 0.067383 0.070312
0 0.397949 0.782227 0.057617 0.169922
0 0.303223 0.858398 0.092773 0.107422
0 0.470703 0.582031 0.046875 0.070312
0 0.371094 0.065918 0.097656 0.131836
0 0.274414 0.404297 0.064453 0.054688
0 0.282227 0.065430 0.060547 0.062500
0 0.767090 0.027832 0.086914 0.055664
0 0.094727 0.368164 0.185547 0.123047
0 0.187012 0.717285 0.104492 0.075195
0 0.608398 0.914551 0.072266 0.159180
0 0.070801 0.103516 0.137695 0.080078
0 0.911621 0.265137 0.122070 0.112305
0 0.773438 0.933594 0.232422 0.107422
0 0.293457 0.569824 0.102539 0.075195
0 0.180664 0.254883 0.046875 0.080078
0 0.916016 0.843750 0.167969 0.117188
0 0.300781 0.951172 0.238281 0.097656
0 0.439453 0.112305 0.095703 0.044922
0 0.120605 0.279785 0.067383 0.094727
0 0.666016 0.767090 0.292969 0.120117
0 0.260742 0.303223 0.251953 0.092773
0 0.395996 0.878418 0.147461 0.067383
0 0.395996 0.509766 0.147461 0.195312
0 0.505859 0.657227 0.052734 0.060547
0 0.608887 0.067383 0.065430 0.089844
0 0.912109 0.364746 0.080078 0.120117
0 0.126953 0.909668 0.109375 0.180664
0 0.855957 0.316895 0.067383 0.104492
0 0.964355 0.728516 0.065430 0.132812
0 0.775391 0.459473 0.097656 0.200195
0 0.815918 0.583496 0.192383 0.272461
0 0.560547 0.614746 0.072266 0.084961
0 0.622070 0.514648 0.060547 0.169922
0 0.968750 0.336914 0.062500 0.205078
0 0.878418 0.707031 0.172852 0.185547
0 0.939941 0.459961 0.120117 0.205078
0 0.037109 0.167969 0.070312 0.052734
0 0.479492 0.463379 0.080078 0.092773
0 0.559570 0.693359 0.060547 0.082031
0 0.878418 0.004883 0.092773 0.009766
0 0.170898 0.541992 0.046875 0.054688
0 0.576172 0.027832 0.035156 0.040039
0 0.359375 0.113281 0.144531 0.126953
0 0.614746 0.210938 0.190430 0.107422
0 0.520996 0.203125 0.122070 0.082031
0 0.568359 0.270996 0.136719 0.122070
0 0.617188 0.314453 0.099609 0.064453
0 0.669434 0.385742 0.155273 0.097656
0 0.042969 0.510254 0.085938 0.086914
0 0.065430 0.521973 0.074219 0.172852
0 0.068848 0.551758 0.137695 0.080078
0 0.852051 0.876953 0.084961 0.154297
0 0.719727 0.948730 0.064453 0.102539
0 0.560547 0.845703 0.062500 0.152344
0 0.426758 0.967285 0.054688 0.065430
