0 0.280762 0.659180 0.118164 0.089844
0 0.199219 0.751953 0.080078 0.095703
0 0.121582 0.128418 0.077148 0.067383
0 0.316895 0.771973 0.069336 0.084961
0 0.408203 0.922852 0.123047 0.062500
0 0.258301 0.971191 0.073242 0.057617
0 0.138184 0.821777 0.073242 0.075195
0 0.386230 0.672363 0.102539 0.120117
0 0.947266 0.751953 0.099609 0.064453
0 0.050781 0.718262 0.082031 0.077148
0 0.194824 0.949219 0.075195 0.070312
0 0.903320 0.116699 0.091797 0.129883
0 0.351074 0.971191 0.077148 0.057617
0 0.044922 0.796875 0.089844 0.089844
0 0.916992 0.059570 0.099609 0.074219
0 0.940918 0.138184 0.083008 0.092773
0 0.972168 0.176758 0.055664 0.070312
0 0.956055 0.425293 0.083984 0.065430
