0 0.491699 0.297363 0.094727 0.125977
0 0.707031 0.665039 0.162109 0.185547
0 0.918457 0.816406 0.114258 0.087891
0 0.359863 0.775879 0.094727 0.094727
0 0.630859 0.102539 0.232422 0.175781
0 0.360840 0.398438 0.096680 0.097656
0 0.460449 0.101562 0.116211 0.201172
0 0.244141 0.109863 0.169922 0.213867
0 0.951172 0.592773 0.097656 0.150391
0 0.628418 0.396484 0.094727 0.443359
0 0.105469 0.367188 0.166016 0.281250
0 0.181641 0.479492 0.285156 0.189453
0 0.972168 0.435547 0.055664 0.152344
0 0.069336 0.166504 0.138672 0.329102
0 0.611816 0.195801 0.104492 0.083008
0 0.315918 0.040039 0.192383 0.076172
0 0.075684 0.652344 0.083008 0.078125
0 0.707031 0.228027 0.080078 0.069336
