0 0.940918 0.784180 0.112305 0.125000
0 0.126953 0.232422 0.128906 0.111328
0 0.578125 0.087891 0.097656 0.166016
0 0.647949 0.240723 0.102539 0.166992
0 0.162598 0.116699 0.102539 0.120117
0 0.853027 0.492676 0.092773 0.110352
0 0.390625 0.304199 0.095703 0.100586
0 0.718262 0.597168 0.122070 0.122070
0 0.972168 0.219238 0.055664 0.110352
0 0.546875 0.498047 0.105469 0.101562
0 0.602051 0.445801 0.090820 0.092773
0 0.369141 0.159180 0.156250 0.113281
0 0.936523 0.908691 0.080078 0.065430
0 0.299805 0.090332 0.125000 0.180664
0 0.470703 0.589355 0.080078 0.077148
0 0.782715 0.788574 0.081055 0.084961
0 0.929688 0.044434 0.089844 0.084961
0 0.860840 0.024902 0.067383 0.049805
0 0.082520 0.447754 0.084961 0.079102
0 0.138184 0.604980 0.086914 0.073242
