0 0.142090 0.142090 0.104492 0.139648
0 0.195801 0.790527 0.067383 0.077148
0 0.691895 0.690918 0.075195 0.077148
0 0.682129 0.314453 0.110352 0.134766
0 0.393555 0.053223 0.087891 0.086914
0 0.187988 0.498047 0.102539 0.087891
0 0.836914 0.264648 0.115234 0.134766
0 0.408203 0.384766 0.091797 0.115234
0 0.353027 0.291504 0.069336 0.084961
0 0.171875 0.399414 0.115234 0.105469
0 0.891113 0.597168 0.067383 0.110352
0 0.108887 0.744141 0.108398 0.121094
0 0.287109 0.616699 0.125000 0.120117
0 0.131836 0.880859 0.089844 0.107422
0 0.965820 0.598145 0.066406 0.079102
0 0.070801 0.313477 0.086914 0.087891
0 0.751953 0.963867 0.064453 0.052734
0 0.281250 0.032715 0.107422 0.065430
0 0.828613 0.653320 0.102539 0.107422
0 0.050781 0.500977 0.097656 0.097656
0 0.627930 0.460938 0.107422 0.097656
0 0.023438 0.805664 0.042969 0.132812
