0 0.691406 0.976074 0.064453 0.047852
0 0.486816 0.982910 0.083008 0.034180
0 0.764160 0.875488 0.116211 0.088867
0 0.392578 0.979004 0.083984 0.041992
0 0.302246 0.929688 0.106445 0.103516
0 0.267578 0.986816 0.085938 0.026367
0 0.204102 0.966309 0.056641 0.067383
0 0.107422 0.883789 0.064453 0.115234
0 0.171875 0.890137 0.074219 0.081055
0 0.192871 0.745605 0.059570 0.075195
0 0.041504 0.514648 0.073242 0.066406
0 0.343262 0.452637 0.122070 0.077148
0 0.359375 0.618652 0.089844 0.100586
0 0.291504 0.663574 0.069336 0.092773
0 0.016113 0.403809 0.032227 0.151367
0 0.159180 0.464844 0.105469 0.093750
0 0.134766 0.375977 0.068359 0.107422
0 0.069824 0.341797 0.088867 0.101562
0 0.665039 0.783203 0.078125 0.091797
0 0.714844 0.727051 0.074219 0.077148
0 0.595215 0.692871 0.094727 0.065430
0 0.494629 0.627441 0.098633 0.102539
0 0.845215 0.650879 0.159180 0.079102
0 0.687988 0.650391 0.090820 0.070312
0 0.601562 0.413086 0.091797 0.060547
0 0.556641 0.485352 0.082031 0.070312
0 0.448730 0.525391 0.057617 0.083984
0 0.396484 0.522461 0.078125 0.097656
0 0.884766 0.489746 0.080078 0.073242
0 0.729004 0.489258 0.137695 0.078125
0 0.767578 0.354492 0.107422 0.125000
0 0.651855 0.293457 0.118164 0.104492
0 0.401855 0.352539 0.055664 0.093750
0 0.945801 0.561035 0.081055 0.079102
0 0.941895 0.816406 0.098633 0.072266
0 0.898438 0.879883 0.074219 0.089844
0 0.449219 0.764648 0.085938 0.062500
0 0.479492 0.857910 0.068359 0.059570
0 0.622070 0.770996 0.064453 0.131836
0 0.933594 0.307617 0.074219 0.082031
0 0.672363 0.558594 0.073242 0.056641
0 0.327637 0.776855 0.077148 0.077148
0 0.018555 0.850098 0.037109 0.071289
0 0.089844 0.957031 0.078125 0.080078
0 0.948730 0.662109 0.088867 0.068359
0 0.891113 0.604492 0.086914 0.056641
0 0.593262 0.381348 0.081055 0.059570
0 0.130371 0.741699 0.077148 0.077148
0 0.018066 0.756348 0.036133 0.041992
0 0.379883 0.899414 0.060547 0.035156
0 0.653809 0.850098 0.051758 0.040039
0 0.871582 0.985840 0.075195 0.028320
0 0.966797 0.746582 0.066406 0.067383
0 0.987793 0.633789 0.024414 0.046875
0 0.814941 0.612305 0.063477 0.046875
0 0.941895 0.610352 0.043945 0.041016
0 0.780762 0.397461 0.059570 0.095703
0 0.733887 0.301270 0.024414 0.047852
0 0.736816 0.190430 0.067383 0.091797
0 0.581543 0.796875 0.061523 0.048828
