0 0.827148 0.162109 0.144531 0.074219
0 0.680664 0.076660 0.107422 0.075195
0 0.806641 0.327148 0.160156 0.080078
0 0.552246 0.889160 0.104492 0.075195
0 0.707031 0.927246 0.105469 0.094727
0 0.913086 0.760254 0.171875 0.083008
0 0.590820 0.028320 0.117188 0.056641
0 0.900879 0.503418 0.198242 0.083008
0 0.750000 0.618164 0.136719 0.080078
0 0.844727 0.044434 0.144531 0.065430
0 0.866699 0.697754 0.120117 0.061523
0 0.617188 0.355469 0.105469 0.072266
0 0.755859 0.495605 0.123047 0.057617
0 0.512207 0.630859 0.100586 0.082031
0 0.467285 0.110840 0.084961 0.067383
0 0.829590 0.253418 0.135742 0.047852
0 0.787109 0.284668 0.134766 0.040039
0 0.520508 0.227051 0.097656 0.055664
0 0.787109 0.079590 0.109375 0.059570
0 0.657227 0.043457 0.099609 0.047852
0 0.968262 0.570801 0.063477 0.075195
0 0.907715 0.978516 0.114258 0.042969
