0 0.348145 0.553711 0.075195 0.060547
0 0.070801 0.452148 0.071289 0.074219
0 0.278809 0.057617 0.092773 0.076172
0 0.335449 0.282715 0.075195 0.073242
0 0.961914 0.033691 0.066406 0.067383
0 0.095703 0.246582 0.083984 0.067383
0 0.378418 0.052734 0.098633 0.093750
0 0.035645 0.026367 0.071289 0.050781
0 0.771973 0.462402 0.051758 0.063477
0 0.051758 0.125488 0.064453 0.094727
0 0.826660 0.761719 0.098633 0.064453
0 0.021484 0.101074 0.042969 0.061523
0 0.565430 0.398438 0.115234 0.060547
0 0.281250 0.457031 0.062500 0.072266
0 0.887207 0.033203 0.071289 0.066406
0 0.016602 0.278809 0.033203 0.065430
0 0.601562 0.259277 0.060547 0.053711
0 0.685547 0.132812 0.054688 0.078125
0 0.158691 0.718262 0.059570 0.045898
0 0.642090 0.525879 0.077148 0.057617
0 0.149414 0.229980 0.072266 0.055664
0 0.219238 0.590820 0.114258 0.052734
0 0.627930 0.966797 0.052734 0.066406
0 0.182129 0.365723 0.079102 0.057617
0 0.388184 0.103516 0.067383 0.048828
0 0.282715 0.720215 0.079102 0.059570
0 0.749512 0.092773 0.065430 0.074219
0 0.419434 0.972656 0.061523 0.050781
0 0.752441 0.581055 0.104492 0.056641
0 0.208008 0.441895 0.054688 0.032227
0 0.689941 0.645020 0.083008 0.040039
0 0.566406 0.162109 0.093750 0.060547
0 0.455566 0.295898 0.067383 0.046875
0 0.366699 0.884277 0.071289 0.059570
0 0.950684 0.962402 0.077148 0.057617
0 0.476074 0.969727 0.081055 0.037109
0 0.100586 0.017578 0.089844 0.031250
0 0.296387 0.373047 0.049805 0.050781
0 0.380371 0.655762 0.071289 0.059570
0 0.156738 0.628906 0.098633 0.044922
0 0.403809 0.537109 0.032227 0.074219
0 0.597656 0.782227 0.046875 0.048828
0 0.187988 0.554688 0.075195 0.044922
0 0.026855 0.591309 0.053711 0.045898
0 0.479980 0.735352 0.065430 0.046875
0 0.843750 0.879883 0.058594 0.039062
0 0.244629 0.491211 0.067383 0.060547
0 0.376953 0.019531 0.093750 0.037109
0 0.028809 0.947754 0.057617 0.047852
0 0.302246 0.842285 0.086914 0.053711
0 0.509277 0.623535 0.075195 0.051758
0 0.925781 0.347656 0.101562 0.058594
0 0.166504 0.087402 0.110352 0.055664
0 0.063965 0.780273 0.079102 0.048828
0 0.935059 0.211914 0.053711 0.105469
0 0.979980 0.083008 0.030273 0.060547
0 0.917969 0.983887 0.035156 0.032227
0 0.173340 0.689453 0.067383 0.062500
0 0.954102 0.429199 0.056641 0.036133
0 0.488281 0.534668 0.070312 0.043945
0 0.818848 0.606934 0.053711 0.049805
0 0.505859 0.924805 0.066406 0.050781
0 0.250488 0.928223 0.063477 0.047852
0 0.700195 0.619141 0.078125 0.039062
0 0.218262 0.692383 0.053711 0.068359
0 0.591797 0.789551 0.042969 0.043945
0 0.857422 0.091797 0.050781 0.060547
0 0.519531 0.452637 0.068359 0.051758
0 0.454590 0.512695 0.077148 0.056641
0 0.797852 0.648926 0.060547 0.051758
0 0.672363 0.671875 0.065430 0.052734
0 0.658203 0.738281 0.046875 0.070312
0 0.713867 0.372559 0.052734 0.063477
0 0.566406 0.958008 0.068359 0.066406
0 0.089355 0.614746 0.063477 0.063477
0 0.327148 0.921875 0.056641 0.048828
