0 0.424316 0.264648 0.209961 0.140625
0 0.276855 0.240723 0.100586 0.112305
0 0.385742 0.474121 0.232422 0.120117
0 0.020996 0.695801 0.041992 0.067383
0 0.190918 0.548340 0.112305 0.086914
0 0.160645 0.324707 0.077148 0.145508
0 0.360840 0.922363 0.192383 0.084961
0 0.120605 0.671875 0.086914 0.080078
0 0.959961 0.845215 0.080078 0.071289
0 0.045898 0.192383 0.091797 0.240234
0 0.253418 0.738281 0.077148 0.091797
0 0.077148 0.068359 0.095703 0.097656
0 0.124512 0.081055 0.059570 0.072266
0 0.954102 0.953125 0.080078 0.078125
0 0.300781 0.756348 0.082031 0.055664
0 0.249512 0.045898 0.079102 0.087891
0 0.800781 0.112793 0.087891 0.057617
0 0.923828 0.364746 0.062500 0.084961
