0 0.644043 0.291992 0.079102 0.132812
0 0.217773 0.579590 0.140625 0.067383
0 0.082520 0.947266 0.165039 0.068359
0 0.311035 0.240723 0.303711 0.075195
0 0.413086 0.082031 0.078125 0.164062
0 0.220703 0.772461 0.109375 0.255859
0 0.225586 0.874023 0.187500 0.164062
0 0.464355 0.286621 0.225586 0.081055
0 0.269043 0.050293 0.083008 0.100586
0 0.760254 0.327637 0.096680 0.143555
0 0.910645 0.786133 0.104492 0.091797
0 0.537598 0.970215 0.069336 0.059570
0 0.315430 0.365234 0.111328 0.175781
0 0.802246 0.574707 0.120117 0.147461
0 0.094238 0.449707 0.110352 0.149414
0 0.761230 0.238281 0.125977 0.066406
0 0.250000 0.318848 0.083984 0.104492
0 0.895996 0.725098 0.118164 0.081055
0 0.726074 0.146484 0.069336 0.097656
0 0.097656 0.068848 0.195312 0.122070
0 0.319824 0.956543 0.092773 0.086914
0 0.162109 0.400391 0.179688 0.117188
0 0.512207 0.377441 0.077148 0.104492
0 0.565430 0.334473 0.072266 0.120117
0 0.630859 0.987793 0.117188 0.024414
0 0.071289 0.013672 0.142578 0.027344
0 0.229980 0.985352 0.067383 0.029297
0 0.730469 0.017578 0.074219 0.035156
0 0.487305 0.084473 0.093750 0.168945
0 0.943848 0.294434 0.084961 0.165039
0 0.678711 0.453125 0.072266 0.128906
0 0.650879 0.574707 0.096680 0.104492
0 0.559082 0.487305 0.168945 0.085938
0 0.462891 0.615234 0.095703 0.066406
0 0.407715 0.558594 0.124023 0.164062
0 0.413574 0.653809 0.125977 0.055664
0 0.413574 0.771973 0.079102 0.190430
0 0.490723 0.779297 0.241211 0.091797
0 0.610352 0.837891 0.068359 0.078125
0 0.565918 0.748535 0.206055 0.188477
0 0.671875 0.797363 0.136719 0.047852
0 0.706543 0.749512 0.184570 0.061523
0 0.541992 0.645508 0.152344 0.158203
0 0.700684 0.673340 0.221680 0.073242
0 0.192871 0.955078 0.182617 0.060547
0 0.410156 0.055176 0.152344 0.079102
