0 0.769043 0.452148 0.075195 0.070312
0 0.104492 0.600098 0.130859 0.063477
0 0.609375 0.191406 0.119141 0.087891
0 0.355469 0.507812 0.103516 0.062500
0 0.987793 0.380371 0.024414 0.088867
0 0.800781 0.592285 0.125000 0.051758
0 0.926758 0.838867 0.099609 0.091797
0 0.479004 0.628906 0.131836 0.074219
0 0.249023 0.113770 0.142578 0.088867
0 0.068359 0.078125 0.134766 0.107422
0 0.302734 0.616699 0.099609 0.053711
0 0.792480 0.295410 0.086914 0.141602
0 0.990234 0.827637 0.019531 0.061523
0 0.852539 0.521973 0.125000 0.043945
0 0.396973 0.824707 0.151367 0.077148
0 0.839844 0.939453 0.083984 0.078125
0 0.909180 0.673828 0.083984 0.050781
0 0.534668 0.609375 0.086914 0.046875
0 0.754883 0.825684 0.115234 0.049805
0 0.818359 0.708008 0.072266 0.076172
0 0.432129 0.777832 0.092773 0.065430
0 0.395996 0.187012 0.118164 0.059570
0 0.718750 0.734375 0.107422 0.056641
0 0.160156 0.874512 0.166016 0.077148
0 0.979004 0.028809 0.041992 0.055664
0 0.049805 0.449707 0.099609 0.079102
0 0.728027 0.394531 0.088867 0.029297
0 0.910645 0.360352 0.079102 0.054688
0 0.782715 0.638184 0.081055 0.045898
0 0.477051 0.304688 0.106445 0.085938
0 0.613770 0.592285 0.120117 0.100586
0 0.506836 0.223145 0.107422 0.051758
0 0.987793 0.511719 0.024414 0.064453
0 0.627930 0.511719 0.195312 0.074219
0 0.350098 0.585938 0.108398 0.044922
0 0.895508 0.742188 0.080078 0.048828
0 0.532715 0.460938 0.071289 0.035156
0 0.548828 0.580566 0.095703 0.065430
0 0.868164 0.402832 0.115234 0.100586
0 0.940918 0.979980 0.104492 0.040039
0 0.050293 0.751953 0.100586 0.080078
0 0.029785 0.784668 0.057617 0.055664
0 0.026367 0.195801 0.052734 0.047852
0 0.712402 0.220215 0.086914 0.096680
0 0.914062 0.403809 0.064453 0.106445
0 0.516113 0.055176 0.063477 0.073242
0 0.719727 0.013184 0.035156 0.026367
0 0.026855 0.506836 0.053711 0.031250
0 0.989258 0.095215 0.021484 0.053711
0 0.290039 0.547852 0.119141 0.033203
0 0.630859 0.012207 0.052734 0.022461
0 0.470215 0.885742 0.163086 0.068359
0 0.573730 0.918945 0.098633 0.048828
0 0.414062 0.015625 0.044922 0.029297
0 0.130859 0.961914 0.134766 0.066406
0 0.898926 0.758789 0.075195 0.062500
0 0.014648 0.527832 0.029297 0.043945
0 0.676270 0.106934 0.096680 0.040039
0 0.337402 0.753418 0.131836 0.043945
0 0.277832 0.755859 0.133789 0.087891
0 0.477051 0.395508 0.153320 0.105469
0 0.536133 0.407227 0.082031 0.058594
0 0.063965 0.101562 0.127930 0.076172
