0 0.090820 0.501953 0.093750 0.107422
0 0.015137 0.303223 0.030273 0.047852
0 0.085449 0.694824 0.071289 0.065430
0 0.080078 0.848633 0.070312 0.083984
0 0.007812 0.875977 0.015625 0.076172
0 0.139160 0.945312 0.061523 0.070312
0 0.229004 0.921875 0.102539 0.156250
0 0.273438 0.873047 0.066406 0.050781
0 0.388184 0.932129 0.116211 0.090820
0 0.431152 0.854004 0.116211 0.106445
0 0.296875 0.715820 0.087891 0.107422
0 0.293457 0.559570 0.163086 0.173828
0 0.415039 0.571289 0.083984 0.111328
0 0.534180 0.679688 0.119141 0.089844
0 0.640137 0.736816 0.186523 0.081055
0 0.620117 0.805176 0.167969 0.077148
0 0.806641 0.854004 0.164062 0.073242
0 0.649902 0.878906 0.124023 0.072266
0 0.697266 0.909180 0.078125 0.054688
0 0.855469 0.949219 0.064453 0.052734
0 0.447754 0.418945 0.083008 0.121094
0 0.145020 0.309570 0.090820 0.085938
0 0.218750 0.264160 0.070312 0.061523
0 0.287598 0.199707 0.088867 0.071289
0 0.333008 0.303223 0.123047 0.092773
0 0.604004 0.245605 0.110352 0.071289
0 0.752930 0.116211 0.113281 0.072266
0 0.858887 0.157227 0.098633 0.150391
0 0.951172 0.203125 0.093750 0.078125
0 0.665039 0.340332 0.072266 0.055664
0 0.615234 0.381348 0.078125 0.053711
0 0.656738 0.459961 0.055664 0.082031
0 0.715332 0.478516 0.127930 0.101562
0 0.814453 0.469238 0.070312 0.053711
0 0.795898 0.380859 0.083984 0.062500
0 0.918457 0.370117 0.114258 0.076172
0 0.945801 0.465332 0.075195 0.102539
0 0.882324 0.520020 0.086914 0.090820
0 0.542480 0.017090 0.098633 0.034180
0 0.647949 0.008301 0.071289 0.016602
0 0.886230 0.026855 0.108398 0.053711
0 0.416504 0.250000 0.045898 0.054688
0 0.739258 0.280762 0.056641 0.084961
0 0.391602 0.778320 0.072266 0.085938
0 0.883301 0.898438 0.139648 0.074219
0 0.824219 0.539062 0.105469 0.087891
