0 0.060547 0.708008 0.066406 0.076172
0 0.022949 0.470215 0.045898 0.071289
0 0.435059 0.194824 0.059570 0.086914
0 0.695312 0.030273 0.072266 0.060547
0 0.760742 0.367676 0.044922 0.092773
0 0.930664 0.046875 0.054688 0.078125
0 0.898926 0.731934 0.038086 0.073242
0 0.023926 0.321777 0.047852 0.073242
0 0.029297 0.399902 0.025391 0.069336
0 0.639160 0.701660 0.079102 0.067383
0 0.140625 0.786133 0.103516 0.050781
0 0.382812 0.700195 0.064453 0.064453
0 0.632812 0.199219 0.058594 0.072266
0 0.540039 0.351562 0.054688 0.074219
0 0.729004 0.530273 0.061523 0.074219
0 0.879395 0.431152 0.045898 0.077148
0 0.407715 0.316895 0.077148 0.055664
0 0.327637 0.799805 0.061523 0.062500
0 0.587891 0.100098 0.068359 0.043945
0 0.087891 0.080566 0.062500 0.061523
0 0.016602 0.063965 0.029297 0.051758
0 0.310059 0.409180 0.114258 0.066406
0 0.929688 0.629883 0.060547 0.058594
0 0.360352 0.976562 0.078125 0.042969
0 0.337402 0.091797 0.049805 0.083984
0 0.152832 0.465820 0.069336 0.046875
0 0.149414 0.724121 0.085938 0.041992
0 0.178711 0.691895 0.089844 0.036133
0 0.531250 0.650391 0.042969 0.072266
0 0.799805 0.017578 0.050781 0.035156
0 0.250977 0.354492 0.060547 0.058594
0 0.495117 0.059570 0.058594 0.085938
0 0.466309 0.334961 0.034180 0.121094
0 0.349609 0.067383 0.093750 0.066406
0 0.483398 0.708008 0.072266 0.062500
0 0.492188 0.437500 0.064453 0.048828
0 0.121582 0.810059 0.051758 0.067383
0 0.119141 0.304688 0.046875 0.064453
0 0.458496 0.988281 0.106445 0.019531
0 0.676758 0.518066 0.042969 0.067383
0 0.885742 0.127930 0.025391 0.062500
0 0.703125 0.579102 0.029297 0.070312
0 0.224609 0.729980 0.080078 0.032227
0 0.020508 0.818359 0.041016 0.042969
0 0.256348 0.109863 0.065430 0.032227
0 0.702344 0.379492 0.030859 0.075391
0 0.127441 0.851562 0.041992 0.042969
0 0.807129 0.810547 0.043945 0.054688
0 0.145020 0.020508 0.032227 0.041016
0 0.425293 0.850586 0.088867 0.037109
0 0.011719 0.584961 0.023438 0.015625
0 0.594238 0.820312 0.071289 0.048828
0 0.891602 0.987305 0.037109 0.025391
0 0.319336 0.899414 0.042969 0.023438
0 0.338867 0.864258 0.068359 0.039062
0 0.680664 0.985840 0.046875 0.028320
0 0.263184 0.133301 0.040039 0.043945
0 0.520020 0.711426 0.028320 0.055664
0 0.030762 0.988281 0.061523 0.023438
0 0.062500 0.946289 0.029297 0.044922
0 0.678223 0.356445 0.071289 0.031250
0 0.720215 0.742676 0.051758 0.040039
0 0.825195 0.716309 0.037109 0.045898
0 0.724121 0.763184 0.030273 0.038086
0 0.412598 0.693359 0.045898 0.046875
0 0.294434 0.028809 0.057617 0.057617
0 0.324219 0.020996 0.035156 0.041992
0 0.477539 0.824219 0.042969 0.033203
0 0.495117 0.463379 0.044922 0.041992
0 0.652832 0.680176 0.032227 0.034180
