0 0.014160 0.156738 0.028320 0.077148
0 0.328125 0.030273 0.169922 0.060547
0 0.310547 0.093750 0.113281 0.087891
0 0.276367 0.208008 0.091797 0.140625
0 0.183105 0.111816 0.059570 0.079102
0 0.177246 0.227539 0.086914 0.078125
0 0.407715 0.220703 0.079102 0.142578
0 0.063965 0.304688 0.083008 0.097656
0 0.201660 0.331543 0.069336 0.059570
0 0.306152 0.337402 0.067383 0.086914
0 0.377441 0.411133 0.106445 0.091797
0 0.187012 0.478027 0.086914 0.084961
0 0.052246 0.481445 0.086914 0.082031
0 0.060059 0.414062 0.071289 0.078125
0 0.155273 0.629395 0.087891 0.086914
0 0.377441 0.574707 0.063477 0.081055
0 0.374512 0.705566 0.077148 0.069336
0 0.406250 0.811035 0.072266 0.081055
0 0.545898 0.936035 0.123047 0.088867
0 0.478516 0.742676 0.080078 0.094727
0 0.505371 0.671387 0.069336 0.063477
0 0.713867 0.737793 0.109375 0.141602
0 0.655273 0.593750 0.083984 0.107422
0 0.755859 0.562500 0.125000 0.111328
0 0.792969 0.659180 0.074219 0.107422
0 0.576172 0.440918 0.111328 0.090820
0 0.681641 0.383301 0.123047 0.114258
0 0.725586 0.216797 0.113281 0.091797
0 0.819824 0.098633 0.086914 0.097656
0 0.838379 0.029297 0.049805 0.058594
0 0.946777 0.081055 0.106445 0.136719
0 0.935059 0.346680 0.129883 0.101562
0 0.884277 0.453125 0.081055 0.107422
0 0.986328 0.506348 0.027344 0.083008
0 0.957520 0.647949 0.084961 0.088867
0 0.935059 0.705078 0.106445 0.138672
0 0.976562 0.948730 0.046875 0.102539
