0 0.876953 0.083496 0.101562 0.112305
0 0.985840 0.207520 0.028320 0.065430
0 0.556641 0.051758 0.171875 0.089844
0 0.623535 0.176758 0.098633 0.082031
0 0.536621 0.295898 0.122070 0.107422
0 0.479004 0.132324 0.077148 0.077148
0 0.455566 0.225098 0.059570 0.118164
0 0.392578 0.175293 0.058594 0.073242
0 0.282715 0.236816 0.161133 0.147461
0 0.353027 0.066406 0.090820 0.066406
0 0.310547 0.121094 0.080078 0.064453
0 0.155273 0.096191 0.093750 0.084961
0 0.096191 0.028809 0.071289 0.055664
0 0.040039 0.079590 0.080078 0.047852
0 0.099609 0.188477 0.074219 0.066406
0 0.127930 0.232422 0.162109 0.126953
0 0.132812 0.471191 0.085938 0.100586
0 0.253418 0.479980 0.079102 0.096680
0 0.405273 0.445312 0.076172 0.091797
0 0.523438 0.495605 0.103516 0.079102
0 0.746582 0.502441 0.069336 0.055664
0 0.976074 0.507812 0.047852 0.093750
0 0.470215 0.597656 0.161133 0.078125
0 0.301270 0.586426 0.071289 0.065430
0 0.189453 0.606445 0.097656 0.097656
0 0.058105 0.611816 0.116211 0.081055
0 0.110352 0.747559 0.066406 0.090820
0 0.204590 0.836426 0.092773 0.163086
0 0.374023 0.847168 0.099609 0.116211
0 0.406738 0.708496 0.063477 0.079102
0 0.542969 0.730957 0.144531 0.151367
0 0.758789 0.687500 0.099609 0.109375
0 0.686523 0.727539 0.068359 0.091797
0 0.589355 0.896973 0.155273 0.133789
0 0.938477 0.924316 0.097656 0.135742
0 0.217285 0.772949 0.094727 0.155273
0 0.573242 0.356934 0.085938 0.081055
