0 0.959961 0.164062 0.080078 0.113281
0 0.451172 0.467285 0.072266 0.084961
0 0.790039 0.236816 0.064453 0.084961
0 0.458008 0.246582 0.052734 0.090820
0 0.274414 0.092285 0.072266 0.106445
0 0.794434 0.915527 0.073242 0.061523
0 0.377441 0.498535 0.067383 0.112305
0 0.658203 0.381348 0.087891 0.079102
0 0.547363 0.598145 0.077148 0.127930
0 0.077148 0.034668 0.080078 0.065430
0 0.610352 0.147461 0.085938 0.095703
0 0.638184 0.623047 0.120117 0.121094
0 0.237793 0.417480 0.102539 0.073242
0 0.194824 0.355469 0.071289 0.085938
0 0.760254 0.127441 0.096680 0.096680
0 0.859375 0.052246 0.037109 0.100586
0 0.820312 0.620605 0.148438 0.104492
0 0.881836 0.291504 0.083984 0.112305
0 0.892578 0.899414 0.080078 0.070312
0 0.601074 0.204590 0.114258 0.157227
0 0.150391 0.557617 0.103516 0.119141
0 0.082520 0.610840 0.161133 0.122070
0 0.245117 0.811523 0.109375 0.056641
0 0.646973 0.588867 0.065430 0.085938
0 0.821777 0.207520 0.065430 0.084961
0 0.267578 0.658203 0.078125 0.101562
0 0.331055 0.807617 0.126953 0.064453
0 0.758301 0.653809 0.096680 0.077148
0 0.674805 0.549805 0.070312 0.099609
0 0.209961 0.134766 0.072266 0.054688
0 0.168945 0.958496 0.072266 0.043945
0 0.527344 0.054199 0.144531 0.092773
0 0.966309 0.980957 0.067383 0.032227
0 0.982910 0.083496 0.030273 0.088867
0 0.282227 0.342773 0.136719 0.070312
0 0.491211 0.673828 0.033203 0.089844
0 0.327148 0.923340 0.078125 0.073242
0 0.189941 0.230957 0.098633 0.102539
0 0.312500 0.617676 0.121094 0.049805
0 0.203125 0.740234 0.105469 0.082031
0 0.599121 0.959473 0.049805 0.079102
0 0.946777 0.640625 0.094727 0.080078
0 0.318359 0.581055 0.066406 0.064453
0 0.448730 0.327148 0.055664 0.091797
0 0.093750 0.975586 0.068359 0.044922
0 0.707520 0.965332 0.092773 0.049805
0 0.964355 0.784180 0.071289 0.046875
0 0.610840 0.937012 0.075195 0.063477
0 0.272949 0.278809 0.067383 0.038086
0 0.496094 0.267578 0.060547 0.060547
0 0.915039 0.506348 0.060547 0.041992
0 0.040039 0.977539 0.078125 0.044922
0 0.309082 0.246582 0.094727 0.065430
0 0.305176 0.973633 0.067383 0.048828
0 0.292969 0.215332 0.095703 0.032227
0 0.024414 0.921875 0.046875 0.080078
0 0.971680 0.425781 0.056641 0.033203
0 0.951660 0.705078 0.047852 0.042969
0 0.690430 0.014648 0.064453 0.029297
0 0.142090 0.979004 0.034180 0.041992
0 0.291504 0.650391 0.071289 0.066406
0 0.530762 0.024414 0.049805 0.048828
0 0.282227 0.896484 0.050781 0.060547
0 0.237793 0.860840 0.086914 0.112305
0 0.921875 0.971680 0.068359 0.056641
0 0.461426 0.646484 0.041992 0.033203
0 0.989746 0.358887 0.020508 0.096680
0 0.445312 0.021484 0.070312 0.041016
0 0.016602 0.865723 0.033203 0.057617
0 0.018555 0.208008 0.037109 0.039062
0 0.024414 0.236816 0.048828 0.032227
0 0.113770 0.348633 0.059570 0.048828
0 0.789551 0.993652 0.059570 0.012695
0 0.725098 0.592773 0.038086 0.054688
0 0.016113 0.993164 0.030273 0.013672
