0 0.193848 0.062988 0.059570 0.065430
0 0.201660 0.125488 0.084961 0.055664
0 0.184082 0.182129 0.061523 0.079102
0 0.217773 0.289551 0.062500 0.063477
0 0.116699 0.435547 0.075195 0.076172
0 0.299805 0.432129 0.068359 0.071289
0 0.054688 0.605957 0.068359 0.071289
0 0.058594 0.681641 0.062500 0.068359
0 0.240723 0.698242 0.088867 0.052734
0 0.270996 0.651367 0.073242 0.076172
0 0.325195 0.600586 0.103516 0.095703
0 0.428711 0.538574 0.099609 0.096680
0 0.484863 0.446777 0.077148 0.069336
0 0.557129 0.521484 0.063477 0.083984
0 0.223145 0.752930 0.065430 0.060547
0 0.142090 0.886230 0.079102 0.073242
0 0.263184 0.908203 0.083008 0.070312
0 0.387207 0.790039 0.063477 0.050781
0 0.279297 0.748047 0.050781 0.058594
0 0.469727 0.750977 0.087891 0.066406
0 0.500000 0.828125 0.072266 0.050781
0 0.426758 0.861816 0.111328 0.088867
0 0.639160 0.874023 0.073242 0.082031
0 0.625488 0.603516 0.065430 0.078125
0 0.617676 0.556641 0.049805 0.068359
0 0.694336 0.499023 0.103516 0.058594
0 0.711426 0.393066 0.051758 0.055664
0 0.603516 0.306152 0.066406 0.061523
0 0.686523 0.272949 0.058594 0.063477
0 0.839844 0.664062 0.080078 0.058594
0 0.928711 0.662598 0.082031 0.098633
0 0.862793 0.718262 0.067383 0.067383
0 0.852051 0.792480 0.055664 0.061523
0 0.874023 0.868652 0.083984 0.079102
0 0.912109 0.332520 0.074219 0.067383
0 0.959473 0.394043 0.081055 0.065430
0 0.971191 0.204102 0.055664 0.080078
0 0.811035 0.144531 0.077148 0.082031
0 0.013184 0.161133 0.026367 0.056641
0 0.619141 0.019043 0.060547 0.038086
0 0.010742 0.785156 0.021484 0.058594
0 0.861816 0.320312 0.061523 0.060547
0 0.220215 0.185547 0.047852 0.050781
