0 0.158203 0.278809 0.089844 0.063477
0 0.063477 0.304199 0.091797 0.077148
0 0.049316 0.381348 0.098633 0.063477
0 0.153809 0.417969 0.094727 0.062500
0 0.222168 0.486816 0.094727 0.063477
0 0.342773 0.472168 0.082031 0.071289
0 0.346191 0.384766 0.059570 0.054688
0 0.350098 0.324219 0.067383 0.060547
0 0.313965 0.258301 0.059570 0.059570
0 0.391602 0.196289 0.134766 0.060547
0 0.232910 0.168457 0.063477 0.055664
0 0.260742 0.106445 0.078125 0.099609
0 0.115723 0.039551 0.071289 0.065430
0 0.076172 0.537109 0.066406 0.121094
0 0.101074 0.593262 0.149414 0.084961
0 0.457520 0.547363 0.055664 0.067383
0 0.187012 0.690918 0.092773 0.061523
0 0.146484 0.762695 0.068359 0.044922
0 0.115723 0.947754 0.088867 0.079102
0 0.220215 0.908691 0.084961 0.073242
0 0.539551 0.957520 0.104492 0.049805
0 0.825684 0.908203 0.151367 0.123047
0 0.616211 0.862305 0.166016 0.070312
0 0.445312 0.848633 0.101562 0.062500
0 0.427246 0.780273 0.065430 0.052734
0 0.500000 0.774902 0.064453 0.063477
0 0.264648 0.734375 0.060547 0.048828
0 0.230957 0.783203 0.071289 0.046875
0 0.572754 0.515625 0.092773 0.056641
0 0.564453 0.662598 0.154297 0.094727
0 0.531250 0.710938 0.062500 0.042969
0 0.597168 0.754883 0.106445 0.123047
0 0.702637 0.747559 0.069336 0.088867
0 0.802734 0.699219 0.136719 0.062500
0 0.834961 0.599609 0.074219 0.052734
0 0.838379 0.556641 0.124023 0.062500
0 0.945312 0.851074 0.109375 0.104492
0 0.944824 0.430176 0.110352 0.075195
0 0.937988 0.351074 0.124023 0.077148
0 0.425781 0.380859 0.066406 0.060547
0 0.511230 0.290527 0.061523 0.061523
0 0.594238 0.287598 0.071289 0.051758
0 0.632324 0.348633 0.096680 0.076172
0 0.569336 0.360840 0.064453 0.071289
0 0.588867 0.450195 0.074219 0.064453
0 0.675293 0.406250 0.090820 0.068359
0 0.568359 0.027344 0.085938 0.054688
0 0.542969 0.111328 0.064453 0.058594
0 0.616211 0.076172 0.056641 0.056641
0 0.826660 0.045898 0.092773 0.062500
0 0.706543 0.085449 0.098633 0.069336
0 0.717773 0.139648 0.109375 0.048828
0 0.935547 0.137695 0.099609 0.052734
0 0.386719 0.255859 0.064453 0.076172
0 0.912598 0.622070 0.051758 0.060547
0 0.887695 0.092773 0.076172 0.076172
0 0.888672 0.711914 0.046875 0.042969
0 0.833008 0.765625 0.046875 0.042969
0 0.868164 0.725098 0.062500 0.043945
0 0.451660 0.475098 0.100586 0.065430
0 0.860352 0.887207 0.076172 0.045898
