0 0.020996 0.064453 0.041992 0.128906
0 0.053223 0.183105 0.075195 0.081055
0 0.075684 0.277832 0.151367 0.061523
0 0.049316 0.244629 0.090820 0.061523
0 0.117676 0.139648 0.090820 0.105469
0 0.179199 0.213867 0.067383 0.089844
0 0.091309 0.349609 0.061523 0.064453
0 0.158203 0.361816 0.082031 0.059570
0 0.229980 0.391113 0.057617 0.055664
0 0.170410 0.423340 0.100586 0.079102
0 0.104980 0.448242 0.079102 0.078125
0 0.014160 0.430176 0.028320 0.084961
0 0.214355 0.105469 0.143555 0.210938
0 0.267578 0.121582 0.113281 0.178711
0 0.373535 0.141113 0.075195 0.075195
0 0.401855 0.220703 0.135742 0.083984
0 0.443848 0.185059 0.073242 0.079102
0 0.395996 0.256348 0.061523 0.067383
0 0.354004 0.363770 0.086914 0.083008
0 0.437012 0.390137 0.075195 0.096680
0 0.480957 0.307129 0.059570 0.053711
0 0.510254 0.345215 0.067383 0.077148
0 0.538086 0.413086 0.068359 0.072266
0 0.604980 0.234375 0.104492 0.097656
0 0.530273 0.213867 0.056641 0.109375
0 0.619629 0.146484 0.071289 0.101562
0 0.624512 0.303223 0.075195 0.079102
0 0.721680 0.375488 0.113281 0.071289
0 0.692871 0.171387 0.079102 0.077148
0 0.734863 0.188965 0.067383 0.079102
0 0.824219 0.221680 0.123047 0.152344
0 0.889160 0.390625 0.063477 0.089844
0 0.332031 0.606445 0.085938 0.062500
0 0.264160 0.649902 0.079102 0.063477
0 0.278809 0.776855 0.049805 0.045898
0 0.129395 0.636719 0.086914 0.093750
0 0.486328 0.682617 0.095703 0.087891
0 0.854004 0.659668 0.075195 0.092773
0 0.858887 0.781250 0.069336 0.085938
0 0.588379 0.795410 0.184570 0.100586
0 0.455078 0.857910 0.103516 0.059570
0 0.349609 0.832031 0.115234 0.076172
0 0.258301 0.836914 0.118164 0.070312
0 0.150391 0.809082 0.093750 0.081055
0 0.184082 0.798828 0.041992 0.046875
0 0.016113 0.825684 0.032227 0.063477
0 0.942871 0.791016 0.079102 0.044922
0 0.983398 0.708984 0.033203 0.056641
0 0.971680 0.482910 0.056641 0.063477
0 0.979492 0.338379 0.041016 0.073242
0 0.949219 0.284180 0.101562 0.068359
0 0.234863 0.226074 0.067383 0.083008
0 0.757324 0.359863 0.071289 0.081055
0 0.798828 0.825684 0.042969 0.063477
0 0.860840 0.831055 0.047852 0.074219
0 0.987305 0.815918 0.025391 0.071289
0 0.977051 0.852539 0.045898 0.048828
