0 0.958984 0.492676 0.082031 0.083008
0 0.569336 0.634277 0.099609 0.071289
0 0.265137 0.806641 0.086914 0.113281
0 0.405762 0.459961 0.122070 0.080078
0 0.507324 0.240234 0.112305 0.062500
0 0.877930 0.047363 0.093750 0.059570
0 0.218262 0.656250 0.104492 0.062500
0 0.437988 0.829590 0.112305 0.094727
0 0.539551 0.964355 0.139648 0.071289
0 0.167969 0.948730 0.117188 0.102539
0 0.313477 0.113281 0.123047 0.087891
0 0.921875 0.202148 0.080078 0.060547
0 0.198242 0.112305 0.091797 0.054688
0 0.977051 0.079590 0.045898 0.075195
0 0.023926 0.451660 0.047852 0.086914
0 0.305664 0.348145 0.126953 0.104492
