0 0.776855 0.493164 0.120117 0.072266
0 0.880859 0.291016 0.136719 0.080078
0 0.928223 0.286133 0.143555 0.062500
0 0.800781 0.413086 0.101562 0.087891
0 0.749512 0.708496 0.159180 0.077148
0 0.070801 0.106934 0.131836 0.084961
0 0.900879 0.513672 0.118164 0.097656
0 0.786133 0.170898 0.107422 0.087891
0 0.670410 0.442383 0.077148 0.054688
0 0.038086 0.038086 0.076172 0.054688
0 0.957520 0.583008 0.084961 0.046875
0 0.708496 0.395508 0.084961 0.064453
0 0.919434 0.438477 0.129883 0.052734
0 0.901855 0.401855 0.110352 0.065430
0 0.723145 0.054688 0.086914 0.080078
0 0.752441 0.091797 0.084961 0.070312
0 0.875977 0.070312 0.097656 0.062500
0 0.849609 0.030762 0.064453 0.057617
0 0.950684 0.128418 0.083008 0.083008
0 0.648438 0.267090 0.060547 0.067383
