0 0.631348 0.404297 0.061523 0.105469
0 0.613281 0.598145 0.087891 0.104492
0 0.975586 0.406738 0.048828 0.075195
0 0.730957 0.609375 0.086914 0.070312
0 0.655762 0.098145 0.096680 0.112305
0 0.604492 0.233398 0.064453 0.107422
0 0.933105 0.217285 0.077148 0.075195
0 0.916992 0.142090 0.089844 0.100586
0 0.902832 0.344238 0.102539 0.075195
0 0.490723 0.471680 0.092773 0.080078
0 0.671875 0.276855 0.080078 0.075195
0 0.958496 0.846191 0.083008 0.102539
0 0.534180 0.217773 0.064453 0.119141
0 0.634277 0.485352 0.059570 0.062500
0 0.760742 0.269531 0.091797 0.169922
0 0.660645 0.757324 0.059570 0.061523
0 0.421387 0.104004 0.086914 0.092773
0 0.495605 0.877930 0.118164 0.062500
0 0.628418 0.786621 0.075195 0.065430
0 0.484375 0.107910 0.070312 0.137695
0 0.834961 0.593750 0.072266 0.058594
0 0.768066 0.710449 0.077148 0.067383
0 0.550781 0.914062 0.080078 0.080078
0 0.910645 0.890625 0.079102 0.056641
0 0.980957 0.033691 0.038086 0.053711
0 0.764648 0.095703 0.070312 0.177734
0 0.575195 0.038574 0.064453 0.075195
0 0.536621 0.034668 0.049805 0.057617
0 0.649414 0.033203 0.054688 0.062500
0 0.518555 0.450195 0.087891 0.121094
0 0.896973 0.571777 0.069336 0.059570
0 0.665039 0.973633 0.082031 0.050781
