0 0.143066 0.013672 0.094727 0.027344
0 0.068848 0.009277 0.104492 0.018555
0 0.367676 0.087891 0.071289 0.054688
0 0.441406 0.062988 0.101562 0.034180
0 0.462891 0.033691 0.074219 0.063477
0 0.202148 0.343262 0.109375 0.053711
0 0.115723 0.319336 0.098633 0.044922
0 0.045410 0.318848 0.043945 0.098633
0 0.200684 0.423340 0.088867 0.073242
0 0.348633 0.418945 0.041016 0.056641
0 0.413574 0.483398 0.124023 0.054688
0 0.469727 0.375977 0.070312 0.041016
0 0.360840 0.148926 0.063477 0.032227
0 0.120117 0.551270 0.056641 0.045898
0 0.240234 0.617188 0.076172 0.062500
0 0.392090 0.562012 0.096680 0.040039
0 0.658691 0.543457 0.047852 0.038086
0 0.635254 0.490234 0.081055 0.050781
0 0.605957 0.378418 0.094727 0.057617
0 0.572754 0.412109 0.041992 0.070312
0 0.622070 0.309082 0.068359 0.067383
0 0.730957 0.350098 0.081055 0.071289
0 0.871094 0.338867 0.058594 0.085938
0 0.948242 0.344727 0.070312 0.064453
0 0.872070 0.427246 0.083984 0.041992
0 0.771973 0.423340 0.120117 0.047852
0 0.791992 0.536133 0.080078 0.046875
0 0.742676 0.527832 0.038086 0.030273
0 0.769043 0.604980 0.079102 0.045898
0 0.492676 0.698730 0.092773 0.045898
0 0.471191 0.757812 0.125977 0.089844
0 0.332520 0.772949 0.129883 0.083008
0 0.255859 0.763184 0.031250 0.034180
0 0.080566 0.743164 0.102539 0.074219
0 0.127930 0.821289 0.072266 0.037109
0 0.098145 0.859375 0.129883 0.035156
0 0.150879 0.915039 0.045898 0.041016
0 0.037109 0.932617 0.074219 0.037109
0 0.100098 0.961426 0.124023 0.038086
0 0.301758 0.962891 0.115234 0.041016
0 0.302246 0.903809 0.110352 0.043945
0 0.554688 0.868164 0.060547 0.068359
0 0.485352 0.956055 0.105469 0.052734
0 0.460449 0.983398 0.145508 0.033203
0 0.678711 0.865234 0.097656 0.037109
0 0.711914 0.895996 0.072266 0.026367
0 0.760254 0.917480 0.053711 0.063477
0 0.757812 0.858887 0.078125 0.057617
0 0.822754 0.803223 0.030273 0.038086
0 0.887207 0.814941 0.110352 0.049805
0 0.888184 0.773438 0.038086 0.074219
0 0.963379 0.811035 0.073242 0.045898
0 0.898926 0.932617 0.071289 0.042969
0 0.924316 0.972168 0.073242 0.055664
0 0.786621 0.016602 0.108398 0.033203
0 0.750488 0.097656 0.077148 0.044922
0 0.769531 0.143555 0.050781 0.031250
0 0.453613 0.855957 0.114258 0.059570
