0 0.924805 0.250488 0.125000 0.077148
0 0.158203 0.110352 0.087891 0.082031
0 0.324707 0.359863 0.190430 0.084961
0 0.966797 0.293945 0.066406 0.056641
0 0.899414 0.106934 0.169922 0.065430
0 0.896484 0.493652 0.080078 0.077148
0 0.076660 0.405762 0.149414 0.124023
0 0.724609 0.114258 0.099609 0.054688
0 0.058594 0.154785 0.117188 0.094727
0 0.947266 0.390137 0.105469 0.073242
0 0.683594 0.320801 0.087891 0.057617
0 0.939453 0.214355 0.099609 0.059570
0 0.952637 0.355957 0.077148 0.057617
0 0.864258 0.039551 0.125000 0.059570
0 0.019531 0.070312 0.037109 0.070312
