0 0.134766 0.711426 0.175781 0.071289
0 0.381836 0.140137 0.087891 0.090820
0 0.627441 0.255371 0.090820 0.084961
0 0.526855 0.444824 0.075195 0.120117
0 0.113281 0.500488 0.113281 0.258789
0 0.536621 0.949707 0.086914 0.077148
0 0.663086 0.975098 0.140625 0.049805
0 0.250000 0.467773 0.130859 0.076172
0 0.223633 0.981445 0.068359 0.035156
0 0.220703 0.876953 0.119141 0.078125
0 0.435059 0.750488 0.172852 0.133789
0 0.970703 0.950195 0.058594 0.076172
0 0.104980 0.623535 0.209961 0.075195
0 0.398438 0.240723 0.087891 0.139648
0 0.254883 0.014160 0.089844 0.028320
0 0.563965 0.052246 0.125977 0.088867
0 0.968750 0.075195 0.062500 0.103516
0 0.665527 0.829590 0.151367 0.118164
0 0.637207 0.489258 0.090820 0.150391
0 0.087891 0.291992 0.074219 0.144531
0 0.732910 0.210449 0.137695 0.086914
0 0.485840 0.628906 0.090820 0.232422
0 0.701172 0.114258 0.121094 0.078125
0 0.727051 0.932617 0.170898 0.082031
0 0.186035 0.487793 0.112305 0.077148
0 0.172363 0.294434 0.124023 0.149414
0 0.497559 0.394531 0.067383 0.052734
0 0.015625 0.519043 0.031250 0.131836
