0 0.972168 0.375977 0.055664 0.097656
0 0.772949 0.515137 0.086914 0.125977
0 0.717773 0.647461 0.070312 0.111328
0 0.544434 0.960938 0.084961 0.078125
0 0.928711 0.734863 0.068359 0.086914
0 0.115723 0.844727 0.096680 0.099609
0 0.862305 0.935059 0.080078 0.079102
0 0.839844 0.133301 0.070312 0.108398
0 0.634766 0.468262 0.070312 0.083008
0 0.168457 0.145508 0.092773 0.142578
0 0.621094 0.983398 0.048828 0.033203
0 0.191895 0.436523 0.067383 0.105469
0 0.775879 0.812500 0.051758 0.070312
0 0.976074 0.118652 0.047852 0.067383
0 0.195801 0.729492 0.083008 0.080078
0 0.259277 0.171387 0.084961 0.108398
0 0.744629 0.327148 0.049805 0.109375
0 0.831543 0.222656 0.079102 0.080078
0 0.059082 0.709961 0.104492 0.169922
0 0.668457 0.873047 0.077148 0.072266
0 0.034668 0.250000 0.065430 0.125000
0 0.037109 0.396973 0.070312 0.084961
