0 0.971191 0.449707 0.057617 0.094727
0 0.591797 0.077148 0.099609 0.064453
0 0.960938 0.831055 0.078125 0.132812
0 0.951172 0.069336 0.097656 0.070312
0 0.778320 0.020996 0.078125 0.041992
0 0.659668 0.711914 0.110352 0.089844
0 0.920410 0.290527 0.071289 0.043945
0 0.782227 0.574707 0.115234 0.120117
0 0.724609 0.141113 0.074219 0.112305
0 0.823242 0.832031 0.167969 0.125000
0 0.881836 0.932129 0.125000 0.094727
0 0.941406 0.268555 0.115234 0.091797
0 0.798340 0.940430 0.086914 0.097656
0 0.876953 0.670898 0.095703 0.087891
0 0.789551 0.270996 0.094727 0.077148
0 0.709961 0.355957 0.125000 0.077148
0 0.850586 0.728516 0.082031 0.117188
0 0.950684 0.337891 0.094727 0.074219
0 0.950684 0.000977 0.067383 0.001953
0 0.504395 0.802246 0.049805 0.059570
0 0.632324 0.213379 0.075195 0.077148
0 0.841797 0.026367 0.078125 0.046875
0 0.812988 0.239258 0.057617 0.054688
0 0.774414 0.352051 0.070312 0.075195
0 0.897949 0.313477 0.092773 0.082031
0 0.734375 0.634277 0.089844 0.084961
0 0.690918 0.557129 0.077148 0.055664
0 0.658203 0.841797 0.087891 0.089844
0 0.636230 0.963379 0.102539 0.073242
