0 0.545410 0.464355 0.102539 0.112305
0 0.108398 0.637695 0.107422 0.117188
0 0.903320 0.017090 0.123047 0.034180
0 0.923340 0.831543 0.153320 0.120117
0 0.125000 0.274414 0.117188 0.105469
0 0.693359 0.361816 0.097656 0.094727
0 0.938477 0.505859 0.123047 0.097656
0 0.914062 0.310059 0.097656 0.083008
0 0.842773 0.076660 0.095703 0.086914
0 0.502441 0.288086 0.090820 0.107422
0 0.962402 0.052246 0.075195 0.104492
0 0.160645 0.731934 0.077148 0.084961
0 0.793457 0.681152 0.094727 0.092773
0 0.774414 0.932129 0.125000 0.110352
0 0.568359 0.753418 0.097656 0.112305
0 0.911133 0.604492 0.177734 0.150391
0 0.521973 0.958008 0.083008 0.083984
0 0.049805 0.448730 0.078125 0.077148
0 0.054688 0.094727 0.105469 0.115234
0 0.660645 0.960938 0.098633 0.072266
