0 0.025879 0.183594 0.051758 0.095703
0 0.102539 0.180664 0.097656 0.064453
0 0.031250 0.558594 0.062500 0.068359
0 0.820312 0.339355 0.076172 0.084961
0 0.806641 0.963867 0.097656 0.066406
0 0.815430 0.029297 0.115234 0.058594
0 0.888672 0.367676 0.093750 0.098633
0 0.680664 0.191406 0.144531 0.074219
0 0.280762 0.329590 0.055664 0.057617
0 0.353516 0.063477 0.099609 0.125000
0 0.120117 0.773926 0.085938 0.040039
0 0.121582 0.377441 0.092773 0.108398
0 0.486816 0.041504 0.028320 0.081055
0 0.483398 0.374023 0.138672 0.060547
0 0.244629 0.742188 0.047852 0.095703
0 0.296387 0.218262 0.096680 0.059570
0 0.409180 0.632812 0.150391 0.056641
0 0.520996 0.712891 0.079102 0.062500
0 0.858398 0.408203 0.037109 0.078125
0 0.867188 0.162109 0.080078 0.042969
0 0.307129 0.660156 0.114258 0.121094
0 0.188965 0.499023 0.084961 0.041016
0 0.952148 0.500977 0.050781 0.074219
0 0.969727 0.812012 0.060547 0.057617
0 0.827148 0.060059 0.050781 0.071289
0 0.680664 0.971191 0.058594 0.057617
0 0.619141 0.042969 0.041016 0.085938
0 0.645996 0.315918 0.090820 0.073242
0 0.098633 0.638672 0.091797 0.033203
0 0.359863 0.896484 0.127930 0.072266
0 0.566895 0.664551 0.057617 0.069336
0 0.760254 0.362305 0.028320 0.082031
0 0.758301 0.138184 0.034180 0.067383
0 0.308105 0.527344 0.067383 0.072266
0 0.592773 0.310547 0.066406 0.121094
0 0.009277 0.618164 0.018555 0.066406
0 0.258301 0.663086 0.069336 0.062500
0 0.930176 0.049316 0.049805 0.059570
0 0.801758 0.281250 0.062500 0.083984
0 0.299316 0.177246 0.075195 0.028320
0 0.110840 0.445312 0.088867 0.039062
0 0.417480 0.249512 0.059570 0.043945
0 0.098633 0.983398 0.101562 0.031250
0 0.160645 0.837402 0.090820 0.030273
0 0.797852 0.862305 0.083984 0.085938
0 0.869141 0.293945 0.072266 0.039062
0 0.266113 0.906738 0.063477 0.174805
0 0.253418 0.591797 0.075195 0.050781
0 0.071289 0.388672 0.050781 0.068359
0 0.704590 0.011719 0.040039 0.023438
0 0.784180 0.559082 0.044922 0.065430
0 0.163574 0.819824 0.090820 0.022461
0 0.700195 0.691895 0.103516 0.041992
0 0.479980 0.038574 0.028320 0.073242
0 0.757178 0.473926 0.071582 0.042969
0 0.520020 0.116699 0.040039 0.063477
0 0.593750 0.076172 0.119141 0.035156
0 0.319336 0.979980 0.109375 0.040039
0 0.557617 0.726074 0.062500 0.034180
0 0.314453 0.657715 0.058594 0.184570
0 0.244141 0.233887 0.093750 0.047852
0 0.304199 0.056152 0.061523 0.041992
0 0.978516 0.660645 0.042969 0.137695
0 0.410156 0.939453 0.039062 0.033203
