0 0.130859 0.203125 0.058594 0.078125
0 0.318359 0.199707 0.066406 0.065430
0 0.347656 0.314453 0.083984 0.056641
0 0.115723 0.417969 0.069336 0.080078
0 0.190918 0.426270 0.059570 0.057617
0 0.029785 0.456055 0.057617 0.066406
0 0.040527 0.526855 0.067383 0.067383
0 0.290527 0.500000 0.081055 0.056641
0 0.395996 0.577637 0.061523 0.092773
0 0.585938 0.533203 0.087891 0.062500
0 0.143555 0.679199 0.062500 0.075195
0 0.044434 0.767578 0.067383 0.072266
0 0.309082 0.664062 0.069336 0.068359
0 0.270996 0.705078 0.069336 0.072266
0 0.385254 0.734375 0.133789 0.085938
0 0.276367 0.851562 0.062500 0.064453
0 0.336914 0.833984 0.078125 0.103516
0 0.416992 0.813965 0.097656 0.083008
0 0.116211 0.869629 0.076172 0.079102
0 0.033203 0.846680 0.066406 0.060547
0 0.817383 0.976074 0.068359 0.047852
0 0.854980 0.920898 0.122070 0.060547
0 0.898438 0.794922 0.060547 0.070312
0 0.927246 0.612305 0.077148 0.060547
0 0.753418 0.762695 0.075195 0.066406
0 0.770020 0.699219 0.086914 0.072266
0 0.741211 0.663574 0.144531 0.053711
0 0.683105 0.961426 0.065430 0.077148
0 0.626465 0.976074 0.079102 0.047852
0 0.592773 0.929688 0.105469 0.078125
0 0.539551 0.835449 0.071289 0.061523
0 0.604492 0.602051 0.121094 0.047852
0 0.805176 0.475586 0.081055 0.097656
0 0.633301 0.458496 0.071289 0.069336
0 0.669434 0.415039 0.067383 0.068359
0 0.832520 0.362305 0.094727 0.066406
0 0.473145 0.305176 0.065430 0.106445
0 0.526855 0.320801 0.063477 0.100586
0 0.553711 0.223145 0.074219 0.077148
0 0.599609 0.154785 0.078125 0.145508
0 0.783691 0.200195 0.071289 0.072266
0 0.853027 0.256836 0.067383 0.066406
0 0.927734 0.266602 0.072266 0.062500
0 0.886230 0.305664 0.094727 0.060547
0 0.954102 0.175781 0.087891 0.082031
0 0.892578 0.198730 0.080078 0.096680
0 0.749512 0.066895 0.075195 0.061523
0 0.606445 0.077148 0.117188 0.058594
0 0.449219 0.099121 0.070312 0.061523
0 0.397461 0.070801 0.105469 0.092773
0 0.298828 0.078613 0.060547 0.051758
0 0.633301 0.018555 0.083008 0.037109
0 0.296875 0.026855 0.070312 0.053711
0 0.183105 0.017578 0.059570 0.035156
0 0.033691 0.108398 0.063477 0.042969
0 0.020020 0.227051 0.040039 0.059570
0 0.021484 0.269043 0.042969 0.047852
0 0.518555 0.264160 0.072266 0.055664
0 0.984863 0.031738 0.030273 0.049805
0 0.580566 0.969238 0.104492 0.041992
0 0.501465 0.982910 0.049805 0.034180
0 0.746094 0.329102 0.068359 0.060547
0 0.562988 0.177734 0.053711 0.056641
