0 0.041504 0.964355 0.083008 0.071289
0 0.019043 0.084961 0.038086 0.078125
0 0.072754 0.025391 0.069336 0.050781
0 0.178711 0.066406 0.119141 0.066406
0 0.159180 0.212402 0.066406 0.135742
0 0.087891 0.270020 0.072266 0.110352
0 0.073242 0.416016 0.072266 0.107422
0 0.138672 0.393555 0.056641 0.109375
0 0.176270 0.343750 0.069336 0.134766
0 0.148926 0.737793 0.098633 0.071289
0 0.243652 0.832520 0.141602 0.174805
0 0.291016 0.712402 0.111328 0.098633
0 0.343750 0.905273 0.132812 0.095703
0 0.364258 0.965820 0.095703 0.066406
0 0.456543 0.831543 0.081055 0.069336
0 0.691895 0.975586 0.061523 0.048828
0 0.815918 0.977539 0.102539 0.044922
0 0.649414 0.890625 0.060547 0.064453
0 0.756836 0.893066 0.087891 0.081055
0 0.828125 0.700195 0.070312 0.140625
0 0.681641 0.594238 0.062500 0.125977
0 0.376465 0.586914 0.061523 0.062500
0 0.939941 0.555664 0.098633 0.087891
0 0.892578 0.497070 0.074219 0.070312
0 0.349609 0.424316 0.105469 0.145508
0 0.403320 0.444824 0.066406 0.098633
0 0.517090 0.375488 0.075195 0.129883
0 0.611328 0.355957 0.119141 0.104492
0 0.986328 0.240723 0.027344 0.124023
0 0.850098 0.146484 0.065430 0.058594
0 0.641602 0.133789 0.068359 0.083984
0 0.419434 0.079590 0.094727 0.051758
0 0.376465 0.051270 0.083008 0.071289
0 0.576172 0.055664 0.072266 0.087891
0 0.649414 0.070801 0.085938 0.073242
0 0.863281 0.059570 0.101562 0.074219
0 0.859375 0.869141 0.062500 0.111328
0 0.399902 0.115723 0.040039 0.032227
0 0.685547 0.016113 0.056641 0.030273
0 0.986328 0.007324 0.027344 0.014648
0 0.967285 0.279297 0.065430 0.115234
0 0.388184 0.023438 0.106445 0.046875
0 0.008301 0.557129 0.016602 0.057617
0 0.245117 0.427734 0.050781 0.042969
0 0.262207 0.780273 0.059570 0.070312
0 0.692383 0.882324 0.070312 0.067383
0 0.747070 0.989258 0.033203 0.021484
