0 0.460449 0.508789 0.069336 0.087891
0 0.143555 0.284180 0.087891 0.078125
0 0.417969 0.215332 0.044922 0.069336
0 0.216309 0.166992 0.086914 0.046875
0 0.335938 0.275391 0.033203 0.072266
0 0.306641 0.875488 0.070312 0.112305
0 0.585938 0.143066 0.089844 0.098633
0 0.051270 0.049805 0.053711 0.068359
0 0.510742 0.794434 0.054688 0.077148
0 0.778809 0.430176 0.088867 0.077148
0 0.429688 0.873047 0.091797 0.093750
0 0.643066 0.516602 0.028320 0.066406
0 0.716797 0.171387 0.082031 0.041992
0 0.130859 0.648926 0.115234 0.032227
0 0.387695 0.426270 0.074219 0.157227
0 0.018555 0.537109 0.037109 0.072266
0 0.101562 0.026855 0.062500 0.038086
0 0.881348 0.818359 0.071289 0.095703
0 0.344238 0.443359 0.053711 0.076172
0 0.834961 0.717773 0.039062 0.083984
0 0.865723 0.173828 0.040039 0.072266
0 0.181152 0.450684 0.065430 0.067383
0 0.514648 0.556152 0.128906 0.051758
0 0.179199 0.549805 0.135742 0.068359
0 0.163086 0.835449 0.050781 0.061523
0 0.544922 0.045410 0.056641 0.067383
0 0.551758 0.207520 0.093750 0.040039
0 0.712891 0.451172 0.031250 0.066406
0 0.553711 0.524902 0.076172 0.041992
0 0.412598 0.339844 0.084961 0.044922
0 0.782227 0.648438 0.052734 0.025391
0 0.239746 0.250488 0.047852 0.036133
0 0.063477 0.666992 0.031250 0.099609
0 0.747070 0.291992 0.054688 0.048828
0 0.817871 0.203613 0.092773 0.045898
0 0.205078 0.013184 0.035156 0.026367
0 0.025879 0.600098 0.051758 0.049805
0 0.242188 0.135742 0.050781 0.072266
0 0.496094 0.614258 0.052734 0.037109
0 0.820801 0.759766 0.055664 0.035156
0 0.356934 0.966797 0.077148 0.031250
0 0.819824 0.985352 0.073242 0.029297
0 0.049805 0.836426 0.046875 0.040039
0 0.328125 0.805664 0.064453 0.050781
0 0.243652 0.836914 0.063477 0.042969
0 0.673340 0.896973 0.092773 0.055664
0 0.160645 0.976074 0.079102 0.038086
0 0.241699 0.889648 0.028320 0.054688
0 0.362793 0.866699 0.094727 0.030273
0 0.452637 0.142578 0.098633 0.046875
0 0.660645 0.839844 0.075195 0.039062
0 0.965820 0.844238 0.054688 0.057617
0 0.782715 0.943848 0.051758 0.040039
0 0.857910 0.493164 0.098633 0.062500
0 0.609375 0.642090 0.031250 0.053711
0 0.917969 0.798828 0.058594 0.054688
0 0.418457 0.287598 0.075195 0.047852
0 0.334473 0.407715 0.114258 0.084961
0 0.782715 0.530273 0.067383 0.035156
0 0.698730 0.316406 0.102539 0.046875
0 0.948242 0.481934 0.082031 0.061523
0 0.555176 0.924316 0.061523 0.038086
0 0.856934 0.891602 0.053711 0.021484
0 0.473145 0.806641 0.030273 0.054688
0 0.790039 0.248047 0.062500 0.054688
0 0.460449 0.663574 0.065430 0.047852
0 0.949707 0.063965 0.073242 0.090820
0 0.756348 0.846191 0.051758 0.049805
0 0.988281 0.942871 0.023438 0.092773
0 0.880371 0.926758 0.036133 0.031250
0 0.991211 0.675293 0.017578 0.051758
