0 0.123047 0.850098 0.060547 0.084961
0 0.968262 0.486328 0.059570 0.103516
0 0.320801 0.820801 0.047852 0.083008
0 0.163086 0.273926 0.062500 0.102539
0 0.959473 0.064941 0.071289 0.083008
0 0.207031 0.208984 0.068359 0.085938
0 0.348145 0.961914 0.073242 0.054688
0 0.076172 0.090332 0.093750 0.122070
0 0.542969 0.140137 0.070312 0.065430
0 0.025879 0.195801 0.051758 0.106445
0 0.619629 0.860352 0.063477 0.078125
0 0.318848 0.304688 0.073242 0.085938
0 0.080078 0.445312 0.070312 0.070312
0 0.445312 0.475586 0.060547 0.085938
0 0.094727 0.380859 0.062500 0.058594
0 0.035645 0.918945 0.041992 0.068359
0 0.314941 0.475586 0.041992 0.072266
0 0.013184 0.073242 0.026367 0.068359
0 0.033203 0.022949 0.066406 0.045898
0 0.725586 0.550781 0.027344 0.068359
0 0.380371 0.585449 0.049805 0.075195
0 0.322266 0.257324 0.087891 0.051758
0 0.287109 0.081543 0.054688 0.065430
0 0.410645 0.906250 0.059570 0.060547
0 0.492188 0.373535 0.105469 0.036133
0 0.570801 0.805176 0.071289 0.069336
0 0.867676 0.518066 0.047852 0.061523
0 0.445801 0.025879 0.051758 0.051758
0 0.066895 0.547852 0.059570 0.087891
0 0.729004 0.436523 0.049805 0.111328
0 0.898926 0.023438 0.045898 0.044922
0 0.179199 0.743164 0.069336 0.029297
0 0.187988 0.430176 0.065430 0.032227
0 0.107910 0.567383 0.065430 0.058594
0 0.225586 0.119629 0.039062 0.047852
0 0.080078 0.792480 0.062500 0.043945
0 0.744141 0.625488 0.074219 0.043945
0 0.025879 0.554199 0.051758 0.047852
0 0.686523 0.344727 0.062500 0.052734
0 0.804688 0.298340 0.023438 0.063477
0 0.323730 0.655273 0.055664 0.050781
0 0.248535 0.582520 0.094727 0.065430
0 0.983398 0.936523 0.025391 0.074219
0 0.039062 0.976074 0.048828 0.043945
0 0.490723 0.895020 0.043945 0.049805
0 0.633789 0.294434 0.041016 0.053711
0 0.838379 0.413574 0.055664 0.038086
0 0.678711 0.992188 0.056641 0.015625
0 0.356934 0.866699 0.026367 0.067383
0 0.458984 0.480957 0.070312 0.092773
0 0.105469 0.554199 0.068359 0.055664
0 0.375000 0.697266 0.070312 0.017578
0 0.336914 0.615723 0.023438 0.063477
0 0.012207 0.985352 0.024414 0.025391
0 0.565918 0.067871 0.036133 0.051758
0 0.905762 0.596680 0.030273 0.072266
0 0.983398 0.328125 0.029297 0.048828
0 0.387695 0.026367 0.044922 0.050781
0 0.034668 0.180664 0.038086 0.042969
0 0.366699 0.648926 0.030273 0.083008
0 0.989258 0.551758 0.021484 0.074219
0 0.756836 0.014160 0.042969 0.026367
0 0.085449 0.694824 0.079102 0.045898
0 0.320801 0.569824 0.055664 0.040039
0 0.752930 0.194336 0.085938 0.072266
0 0.679199 0.851562 0.032227 0.066406
0 0.714844 0.921875 0.058594 0.044922
0 0.402832 0.981445 0.063477 0.029297
0 0.013184 0.715332 0.026367 0.036133
