0 0.953125 0.562988 0.064453 0.147461
0 0.795410 0.977051 0.094727 0.045898
0 0.807129 0.639160 0.051758 0.065430
0 0.886719 0.040039 0.097656 0.080078
0 0.367188 0.060547 0.070312 0.121094
0 0.333496 0.394531 0.090820 0.091797
0 0.979980 0.165527 0.040039 0.088867
0 0.324707 0.475098 0.100586 0.075195
0 0.847656 0.542969 0.130859 0.093750
0 0.062988 0.960449 0.094727 0.079102
0 0.559082 0.463379 0.112305 0.079102
0 0.921875 0.880371 0.089844 0.063477
0 0.041016 0.169434 0.082031 0.147461
0 0.378418 0.921387 0.100586 0.133789
0 0.271484 0.079590 0.167969 0.118164
0 0.050293 0.288086 0.100586 0.097656
0 0.551758 0.065918 0.117188 0.100586
0 0.950684 0.838379 0.098633 0.088867
0 0.289551 0.746582 0.075195 0.073242
0 0.070801 0.679199 0.055664 0.086914
0 0.083008 0.594238 0.083984 0.065430
0 0.135254 0.752441 0.088867 0.059570
0 0.204102 0.738281 0.064453 0.054688
