0 0.042480 0.041992 0.073242 0.083984
0 0.057129 0.145508 0.061523 0.078125
0 0.123535 0.089844 0.057617 0.099609
0 0.166992 0.104492 0.044922 0.062500
0 0.204102 0.084473 0.050781 0.090820
0 0.260254 0.075195 0.069336 0.097656
0 0.656250 0.086426 0.138672 0.069336
0 0.516113 0.116699 0.061523 0.067383
0 0.020996 0.339355 0.041992 0.073242
0 0.021484 0.415039 0.042969 0.101562
0 0.107910 0.238770 0.094727 0.053711
0 0.175293 0.212891 0.069336 0.082031
0 0.290039 0.187988 0.056641 0.083008
0 0.243164 0.170898 0.050781 0.064453
0 0.222168 0.282227 0.049805 0.062500
0 0.251953 0.310059 0.054688 0.071289
0 0.297363 0.280762 0.061523 0.045898
0 0.405762 0.273926 0.153320 0.120117
0 0.358887 0.350098 0.063477 0.057617
0 0.406738 0.185059 0.053711 0.049805
0 0.443848 0.158203 0.051758 0.060547
0 0.484375 0.180176 0.037109 0.061523
0 0.461426 0.211914 0.100586 0.060547
0 0.560059 0.216797 0.061523 0.060547
0 0.620117 0.211914 0.064453 0.113281
0 0.636230 0.247559 0.096680 0.071289
0 0.022949 0.802246 0.045898 0.075195
0 0.031738 0.699219 0.057617 0.054688
0 0.220215 0.631348 0.053711 0.079102
0 0.245117 0.657227 0.050781 0.046875
0 0.253418 0.442871 0.077148 0.090820
0 0.365723 0.662598 0.075195 0.053711
0 0.437500 0.671387 0.074219 0.067383
0 0.583496 0.684570 0.057617 0.070312
0 0.444336 0.907715 0.066406 0.088867
0 0.249023 0.750000 0.119141 0.048828
0 0.181152 0.835938 0.047852 0.054688
0 0.350586 0.813965 0.068359 0.057617
0 0.501953 0.798828 0.070312 0.085938
0 0.531738 0.738770 0.073242 0.133789
0 0.667480 0.792969 0.094727 0.056641
0 0.651855 0.857910 0.149414 0.079102
0 0.680176 0.896973 0.100586 0.163086
0 0.528809 0.895508 0.075195 0.076172
0 0.552734 0.858887 0.070312 0.071289
0 0.881348 0.792480 0.063477 0.061523
0 0.878418 0.714355 0.102539 0.057617
0 0.917969 0.742188 0.099609 0.054688
0 0.707031 0.691406 0.085938 0.070312
0 0.627930 0.657227 0.044922 0.083984
0 0.656738 0.604492 0.083008 0.052734
0 0.842773 0.639160 0.101562 0.071289
0 0.789062 0.652344 0.054688 0.052734
0 0.976562 0.655762 0.046875 0.059570
0 0.730469 0.431641 0.082031 0.089844
0 0.784668 0.495117 0.102539 0.138672
0 0.589844 0.417969 0.107422 0.068359
0 0.496582 0.370117 0.073242 0.048828
0 0.864258 0.334961 0.087891 0.050781
0 0.862793 0.297852 0.049805 0.048828
0 0.972656 0.302246 0.054688 0.049805
0 0.935059 0.198730 0.061523 0.084961
0 0.025391 0.874023 0.050781 0.111328
0 0.815918 0.994141 0.043945 0.011719
0 0.743164 0.651855 0.060547 0.053711
0 0.571289 0.292969 0.035156 0.037109
