0 0.417480 0.054688 0.059570 0.080078
0 0.497559 0.021484 0.084961 0.042969
0 0.587402 0.024414 0.108398 0.048828
0 0.738770 0.050293 0.092773 0.092773
0 0.782227 0.126465 0.109375 0.061523
0 0.850098 0.035645 0.069336 0.071289
0 0.954102 0.118652 0.074219 0.088867
0 0.836426 0.189453 0.100586 0.058594
0 0.848633 0.232910 0.058594 0.047852
0 0.705078 0.282715 0.107422 0.065430
0 0.611816 0.175293 0.077148 0.083008
0 0.533691 0.271973 0.065430 0.088867
0 0.510742 0.192871 0.056641 0.047852
0 0.513184 0.133301 0.053711 0.065430
0 0.410645 0.212891 0.073242 0.068359
0 0.446289 0.309082 0.070312 0.077148
0 0.323730 0.045410 0.086914 0.077148
0 0.047363 0.145508 0.083008 0.107422
0 0.159180 0.141602 0.154297 0.074219
0 0.074707 0.228027 0.094727 0.053711
0 0.083984 0.349121 0.083984 0.063477
0 0.292969 0.376953 0.101562 0.070312
0 0.155273 0.416016 0.111328 0.080078
0 0.249512 0.441406 0.108398 0.066406
0 0.296387 0.481934 0.077148 0.063477
0 0.373535 0.598633 0.077148 0.076172
0 0.064453 0.741211 0.107422 0.080078
0 0.077148 0.799316 0.064453 0.055664
0 0.256836 0.768066 0.082031 0.077148
0 0.282715 0.689453 0.071289 0.068359
0 0.349609 0.694824 0.080078 0.083008
0 0.456055 0.669434 0.099609 0.053711
0 0.420410 0.750488 0.084961 0.073242
0 0.351562 0.775879 0.062500 0.075195
0 0.399902 0.808594 0.073242 0.070312
0 0.473633 0.809570 0.080078 0.076172
0 0.192383 0.854980 0.062500 0.075195
0 0.160645 0.901367 0.075195 0.082031
0 0.289062 0.972168 0.066406 0.055664
0 0.315918 0.914062 0.067383 0.044922
0 0.373047 0.958984 0.099609 0.044922
0 0.448730 0.921875 0.071289 0.072266
0 0.513184 0.905273 0.077148 0.072266
0 0.681152 0.916504 0.065430 0.073242
0 0.933105 0.959961 0.118164 0.080078
0 0.854004 0.522461 0.075195 0.058594
0 0.840332 0.577148 0.065430 0.048828
0 0.712891 0.530273 0.085938 0.066406
0 0.621582 0.569824 0.047852 0.081055
0 0.572754 0.586426 0.053711 0.055664
0 0.470703 0.488281 0.056641 0.082031
0 0.438477 0.427246 0.093750 0.053711
0 0.591309 0.407227 0.073242 0.052734
0 0.778320 0.367188 0.054688 0.050781
0 0.830078 0.375488 0.058594 0.059570
0 0.911133 0.409180 0.095703 0.068359
0 0.885742 0.794922 0.083984 0.062500
0 0.912109 0.666992 0.101562 0.066406
0 0.572754 0.864746 0.061523 0.063477
0 0.953613 0.731445 0.075195 0.130859
0 0.133789 0.498047 0.052734 0.068359
0 0.246582 0.397461 0.079102 0.062500
0 0.139160 0.934082 0.069336 0.045898
