0 0.025391 0.019043 0.050781 0.038086
0 0.089844 0.166992 0.066406 0.076172
0 0.171875 0.049805 0.054688 0.068359
0 0.274902 0.084961 0.049805 0.070312
0 0.535645 0.104492 0.083008 0.058594
0 0.306641 0.139160 0.054688 0.051758
0 0.351562 0.123047 0.056641 0.058594
0 0.524414 0.159668 0.085938 0.051758
0 0.518555 0.241699 0.091797 0.079102
0 0.697754 0.104492 0.108398 0.062500
0 0.670410 0.151855 0.077148 0.077148
0 0.875977 0.238770 0.076172 0.081055
0 0.921875 0.177246 0.101562 0.086914
0 0.337402 0.523438 0.112305 0.080078
0 0.478516 0.501465 0.068359 0.081055
0 0.648926 0.610840 0.069336 0.086914
0 0.732422 0.621094 0.068359 0.083984
0 0.836426 0.708984 0.094727 0.070312
0 0.931152 0.721191 0.075195 0.071289
0 0.954102 0.851562 0.066406 0.097656
0 0.534668 0.740234 0.077148 0.103516
0 0.410645 0.775391 0.071289 0.087891
0 0.388672 0.630371 0.085938 0.069336
0 0.783691 0.347168 0.071289 0.088867
0 0.719727 0.228516 0.060547 0.044922
0 0.938477 0.970215 0.056641 0.059570
0 0.595703 0.293945 0.048828 0.062500
0 0.928223 0.513184 0.043945 0.063477
0 0.878906 0.516113 0.042969 0.047852
0 0.567871 0.583984 0.040039 0.074219
0 0.574219 0.501465 0.058594 0.034180
0 0.455566 0.705078 0.073242 0.042969
0 0.373535 0.052246 0.041992 0.041992
0 0.858398 0.108398 0.041016 0.041016
0 0.720703 0.805664 0.062500 0.056641
