0 0.376465 0.090820 0.057617 0.107422
0 0.386230 0.274902 0.061523 0.081055
0 0.145996 0.484375 0.061523 0.078125
0 0.257324 0.299316 0.065430 0.100586
0 0.027344 0.375977 0.044922 0.097656
0 0.723633 0.680176 0.056641 0.086914
0 0.670410 0.672852 0.084961 0.089844
0 0.011230 0.260254 0.022461 0.100586
0 0.510742 0.420410 0.048828 0.081055
0 0.648438 0.767578 0.050781 0.085938
0 0.693848 0.056641 0.047852 0.107422
0 0.192871 0.318359 0.047852 0.101562
0 0.963379 0.419922 0.041992 0.091797
0 0.763672 0.429199 0.060547 0.092773
0 0.566406 0.947754 0.054688 0.083008
0 0.571777 0.672363 0.055664 0.079102
0 0.241699 0.721191 0.059570 0.077148
0 0.145996 0.884766 0.077148 0.072266
0 0.902832 0.619629 0.055664 0.084961
0 0.695312 0.289551 0.125000 0.116211
0 0.764648 0.832520 0.044922 0.073242
0 0.311523 0.284180 0.074219 0.083984
0 0.057129 0.290039 0.069336 0.072266
0 0.916016 0.947266 0.060547 0.101562
0 0.724609 0.165039 0.042969 0.074219
0 0.145508 0.666992 0.035156 0.068359
0 0.413574 0.689453 0.038086 0.082031
0 0.465332 0.615723 0.043945 0.063477
0 0.946289 0.442871 0.037109 0.081055
0 0.560547 0.159668 0.037109 0.069336
0 0.468262 0.722168 0.045898 0.067383
0 0.050781 0.749023 0.068359 0.052734
0 0.790527 0.683594 0.051758 0.123047
0 0.954590 0.060059 0.030273 0.081055
0 0.461914 0.475586 0.072266 0.058594
0 0.587891 0.454102 0.041016 0.058594
0 0.795898 0.072266 0.029297 0.097656
0 0.639160 0.362305 0.051758 0.058594
0 0.580566 0.037109 0.024414 0.074219
0 0.911133 0.497559 0.025391 0.059570
0 0.654785 0.170898 0.041992 0.060547
0 0.140137 0.841309 0.043945 0.069336
0 0.967773 0.684570 0.050781 0.044922
0 0.053711 0.778320 0.054688 0.052734
0 0.303711 0.414062 0.044922 0.066406
0 0.039062 0.528320 0.048828 0.070312
0 0.470215 0.846680 0.063477 0.066406
0 0.609375 0.022949 0.046875 0.043945
0 0.397461 0.763184 0.042969 0.069336
0 0.279297 0.022461 0.050781 0.044922
0 0.537598 0.752441 0.043945 0.057617
0 0.164062 0.020508 0.041016 0.041016
0 0.351562 0.796387 0.037109 0.061523
0 0.106934 0.742188 0.038086 0.052734
0 0.583496 0.597168 0.030273 0.073242
0 0.380859 0.020508 0.042969 0.041016
0 0.418457 0.809570 0.040039 0.056641
0 0.516602 0.727539 0.033203 0.066406
0 0.260254 0.588379 0.083008 0.041992
0 0.281250 0.729492 0.041016 0.041016
0 0.854004 0.736328 0.040039 0.062500
0 0.278320 0.875488 0.037109 0.041992
0 0.334961 0.426758 0.039062 0.066406
0 0.842773 0.883789 0.033203 0.050781
0 0.182129 0.556641 0.041992 0.066406
0 0.668457 0.945801 0.040039 0.036133
0 0.036133 0.486328 0.025391 0.050781
0 0.384766 0.805664 0.042969 0.070312
