0 0.898438 0.007812 0.085938 0.015625
0 0.990234 0.624023 0.019531 0.101562
0 0.958984 0.259277 0.082031 0.088867
0 0.836914 0.182617 0.093750 0.119141
0 0.706543 0.313477 0.069336 0.105469
0 0.629883 0.260254 0.085938 0.159180
0 0.800293 0.297363 0.040039 0.059570
0 0.770996 0.397949 0.065430 0.055664
0 0.847168 0.399414 0.055664 0.052734
0 0.517578 0.611328 0.103516 0.111328
0 0.362305 0.574707 0.068359 0.073242
0 0.190430 0.516113 0.125000 0.088867
0 0.127441 0.287109 0.127930 0.169922
0 0.246094 0.237793 0.078125 0.161133
0 0.386719 0.357910 0.085938 0.202148
0 0.025391 0.353027 0.050781 0.104492
0 0.075195 0.034180 0.146484 0.068359
0 0.137695 0.059570 0.132812 0.066406
0 0.379883 0.056152 0.064453 0.112305
0 0.343750 0.096191 0.111328 0.065430
0 0.743652 0.778809 0.069336 0.127930
0 0.566895 0.728027 0.071289 0.071289
0 0.341797 0.691895 0.091797 0.084961
0 0.209961 0.746094 0.070312 0.042969
0 0.136230 0.788574 0.073242 0.116211
0 0.028320 0.766602 0.056641 0.080078
0 0.397949 0.786133 0.061523 0.058594
0 0.403320 0.898926 0.074219 0.079102
0 0.205078 0.890625 0.144531 0.074219
0 0.019043 0.954102 0.038086 0.060547
0 0.020508 0.856934 0.041016 0.071289
0 0.542969 0.821777 0.085938 0.055664
0 0.587891 0.881836 0.042969 0.125000
0 0.758301 0.897949 0.120117 0.108398
0 0.885742 0.936035 0.125000 0.059570
0 0.717773 0.975586 0.130859 0.048828
0 0.908691 0.776367 0.098633 0.134766
0 0.869629 0.456055 0.065430 0.062500
0 0.984375 0.087402 0.031250 0.092773
0 0.261230 0.779297 0.157227 0.166016
