0 0.808594 0.731445 0.066406 0.087891
0 0.633789 0.771973 0.083984 0.069336
0 0.494141 0.147461 0.064453 0.089844
0 0.333008 0.024902 0.095703 0.049805
0 0.734863 0.073242 0.063477 0.076172
0 0.468262 0.585449 0.086914 0.059570
0 0.474121 0.437988 0.088867 0.067383
0 0.868164 0.526855 0.052734 0.108398
0 0.173340 0.023926 0.079102 0.043945
0 0.590820 0.102539 0.064453 0.076172
0 0.912109 0.822754 0.082031 0.045898
0 0.208496 0.983887 0.051758 0.032227
0 0.182129 0.193359 0.090820 0.039062
0 0.698242 0.376465 0.085938 0.051758
0 0.205566 0.089355 0.086914 0.059570
0 0.043457 0.310547 0.083008 0.058594
0 0.936523 0.779297 0.083984 0.044922
0 0.862793 0.613281 0.063477 0.054688
0 0.566406 0.440430 0.175781 0.044922
0 0.052246 0.350586 0.081055 0.060547
0 0.338867 0.601562 0.103516 0.056641
0 0.408203 0.055176 0.041016 0.102539
0 0.395508 0.813477 0.115234 0.062500
0 0.941406 0.320801 0.089844 0.063477
0 0.040039 0.114746 0.078125 0.049805
0 0.699707 0.023926 0.106445 0.047852
0 0.262207 0.090332 0.098633 0.040039
0 0.568359 0.278320 0.087891 0.060547
0 0.598633 0.686523 0.048828 0.048828
0 0.255859 0.765625 0.101562 0.064453
0 0.029785 0.468262 0.057617 0.049805
0 0.032715 0.587402 0.063477 0.047852
0 0.187988 0.492188 0.081055 0.041016
0 0.540039 0.748535 0.087891 0.043945
0 0.368652 0.663086 0.084961 0.058594
0 0.992676 0.578613 0.014648 0.032227
0 0.140137 0.979980 0.071289 0.036133
0 0.192383 0.716797 0.107422 0.050781
0 0.148438 0.220703 0.083984 0.050781
0 0.679199 0.657227 0.038086 0.050781
0 0.874023 0.706543 0.083984 0.041992
0 0.536621 0.863770 0.047852 0.032227
0 0.173340 0.603516 0.049805 0.039062
0 0.636719 0.817383 0.078125 0.027344
0 0.036621 0.365723 0.073242 0.073242
0 0.448242 0.124023 0.054688 0.046875
0 0.679199 0.928223 0.063477 0.034180
0 0.261719 0.487305 0.087891 0.058594
0 0.034180 0.962891 0.068359 0.039062
0 0.122070 0.019043 0.042969 0.038086
0 0.630859 0.990234 0.078125 0.019531
0 0.802246 0.278809 0.102539 0.051758
0 0.210938 0.375488 0.083984 0.040039
0 0.241211 0.233887 0.128906 0.049805
0 0.401367 0.278809 0.052734 0.098633
0 0.793457 0.675293 0.083008 0.028320
0 0.185059 0.660156 0.061523 0.031250
0 0.936035 0.940918 0.049805 0.047852
0 0.407715 0.734375 0.026367 0.066406
0 0.174805 0.460449 0.082031 0.041992
0 0.551270 0.534180 0.127930 0.037109
0 0.568848 0.595703 0.063477 0.044922
0 0.606445 0.237793 0.076172 0.063477
0 0.916016 0.184570 0.070312 0.050781
0 0.551758 0.484375 0.054688 0.031250
0 0.395996 0.845703 0.059570 0.019531
0 0.051270 0.181152 0.069336 0.065430
0 0.636426 0.070801 0.079102 0.050000
0 0.192871 0.595215 0.063477 0.040039
0 0.103516 0.709961 0.082031 0.041016
0 0.346680 0.915527 0.093750 0.045898
0 0.017578 0.074707 0.035156 0.057617
0 0.029297 0.678223 0.056641 0.045898
0 0.218750 0.630859 0.062500 0.062500
0 0.639160 0.546875 0.084961 0.044922
0 0.674316 0.103516 0.055664 0.039062
0 0.019531 0.520508 0.039062 0.046875
0 0.989746 0.963379 0.020508 0.043945
0 0.508789 0.979004 0.082031 0.041992
0 0.098145 0.232910 0.077148 0.069336
