0 0.996094 0.043457 0.007812 0.067383
0 0.284668 0.033691 0.069336 0.067383
0 0.976074 0.340820 0.047852 0.082031
0 0.523926 0.587402 0.112305 0.118164
0 0.782227 0.855469 0.099609 0.142578
0 0.904297 0.439941 0.089844 0.092773
0 0.358398 0.738281 0.072266 0.101562
0 0.962402 0.616699 0.075195 0.075195
0 0.854980 0.559082 0.059570 0.090820
0 0.410645 0.250488 0.083008 0.077148
0 0.953125 0.720703 0.093750 0.132812
0 0.324707 0.229492 0.075195 0.064453
0 0.971191 0.498535 0.057617 0.067383
0 0.343262 0.479492 0.092773 0.089844
0 0.403320 0.108398 0.091797 0.097656
0 0.505859 0.063477 0.132812 0.082031
