0 0.126953 0.126953 0.091797 0.056641
0 0.102051 0.089355 0.057617 0.059570
0 0.117188 0.034180 0.060547 0.062500
0 0.058594 0.215820 0.052734 0.097656
0 0.200195 0.113281 0.050781 0.109375
0 0.259277 0.140625 0.069336 0.089844
0 0.144531 0.449707 0.070312 0.088867
0 0.241699 0.350586 0.075195 0.062500
0 0.317383 0.386230 0.066406 0.059570
0 0.309570 0.266602 0.060547 0.062500
0 0.356445 0.296387 0.056641 0.057617
0 0.399414 0.223633 0.070312 0.070312
0 0.431152 0.450684 0.069336 0.071289
0 0.502930 0.358887 0.072266 0.065430
0 0.513184 0.294922 0.065430 0.064453
0 0.575195 0.318359 0.060547 0.095703
0 0.623535 0.280762 0.049805 0.057617
0 0.642578 0.222168 0.050781 0.075195
0 0.685547 0.218750 0.060547 0.070312
0 0.764648 0.298828 0.076172 0.074219
0 0.644043 0.440430 0.055664 0.056641
0 0.831055 0.204590 0.052734 0.071289
0 0.839355 0.126465 0.077148 0.086914
0 0.875488 0.030273 0.051758 0.058594
0 0.774902 0.061035 0.075195 0.053711
0 0.683594 0.058105 0.052734 0.063477
0 0.578613 0.027832 0.077148 0.055664
0 0.679199 0.013672 0.079102 0.027344
0 0.838379 0.519043 0.067383 0.065430
0 0.883789 0.557129 0.064453 0.043945
0 0.851074 0.633301 0.088867 0.071289
0 0.630371 0.636719 0.075195 0.060547
0 0.513672 0.574219 0.072266 0.062500
0 0.350586 0.558594 0.080078 0.078125
0 0.408203 0.609375 0.054688 0.113281
0 0.467773 0.621582 0.076172 0.065430
0 0.364746 0.686035 0.051758 0.045898
0 0.030273 0.637695 0.060547 0.054688
0 0.192871 0.662598 0.077148 0.065430
0 0.193359 0.717285 0.064453 0.071289
0 0.131836 0.706543 0.060547 0.063477
0 0.085938 0.732910 0.054688 0.059570
0 0.012695 0.894043 0.025391 0.059570
0 0.047852 0.879883 0.054688 0.054688
0 0.092773 0.824707 0.062500 0.059570
0 0.155273 0.822266 0.068359 0.066406
0 0.198242 0.870117 0.052734 0.050781
0 0.231934 0.943848 0.057617 0.053711
0 0.326172 0.818848 0.070312 0.086914
0 0.346191 0.901855 0.110352 0.073242
0 0.457520 0.889648 0.063477 0.068359
0 0.473145 0.841797 0.053711 0.050781
0 0.463379 0.779785 0.061523 0.059570
0 0.530273 0.812500 0.078125 0.060547
0 0.565430 0.799316 0.076172 0.092773
0 0.703613 0.923828 0.083008 0.062500
0 0.675781 0.859863 0.113281 0.075195
0 0.790527 0.902832 0.069336 0.079102
0 0.805176 0.842773 0.069336 0.058594
0 0.897461 0.782715 0.062500 0.057617
0 0.950195 0.199707 0.099609 0.086914
0 0.937988 0.042969 0.077148 0.076172
0 0.623535 0.966309 0.061523 0.049805
