0 0.816406 0.643555 0.123047 0.089844
0 0.720703 0.622070 0.082031 0.105469
0 0.853516 0.535645 0.087891 0.122070
0 0.853516 0.389648 0.103516 0.091797
0 0.192871 0.882324 0.077148 0.094727
0 0.545898 0.730469 0.187500 0.222656
0 0.358398 0.123047 0.091797 0.242188
0 0.826172 0.202148 0.089844 0.080078
0 0.192871 0.061035 0.125977 0.118164
0 0.463867 0.442871 0.214844 0.116211
0 0.732422 0.965820 0.089844 0.068359
0 0.677246 0.896973 0.104492 0.184570
0 0.731934 0.372070 0.157227 0.351562
0 0.918457 0.696777 0.086914 0.184570
0 0.079102 0.657227 0.125000 0.099609
0 0.889160 0.856445 0.120117 0.287109
0 0.958008 0.281738 0.083984 0.215820
0 0.024902 0.071777 0.047852 0.084961
0 0.815430 0.036133 0.097656 0.068359
0 0.084473 0.039551 0.155273 0.075195
0 0.401855 0.433105 0.075195 0.157227
0 0.212402 0.824219 0.120117 0.146484
0 0.029785 0.584473 0.057617 0.075195
0 0.866211 0.303711 0.076172 0.072266
0 0.709961 0.702637 0.064453 0.073242
0 0.342285 0.508301 0.106445 0.122070
0 0.724609 0.310547 0.087891 0.087891
0 0.746094 0.904785 0.125000 0.084961
