0 0.142090 0.100098 0.051758 0.079102
0 0.230469 0.107422 0.068359 0.082031
0 0.224609 0.181641 0.066406 0.105469
0 0.293457 0.155762 0.051758 0.124023
0 0.293457 0.276367 0.079102 0.078125
0 0.251465 0.236328 0.065430 0.050781
0 0.026367 0.732910 0.052734 0.061523
0 0.153320 0.706543 0.064453 0.088867
0 0.198242 0.743164 0.064453 0.130859
0 0.101562 0.584473 0.128906 0.061523
0 0.056152 0.515137 0.069336 0.086914
0 0.274902 0.517578 0.122070 0.105469
0 0.289062 0.781738 0.109375 0.127930
0 0.351562 0.773926 0.042969 0.059570
0 0.519531 0.745117 0.076172 0.078125
0 0.467773 0.666016 0.072266 0.089844
0 0.524902 0.660645 0.083008 0.116211
0 0.367676 0.597656 0.094727 0.089844
0 0.320312 0.614746 0.052734 0.063477
0 0.447266 0.558594 0.160156 0.089844
0 0.440430 0.475098 0.093750 0.065430
0 0.650879 0.586426 0.049805 0.057617
0 0.791016 0.690430 0.066406 0.070312
0 0.721191 0.817871 0.106445 0.075195
0 0.851562 0.680664 0.068359 0.082031
0 0.857910 0.583984 0.094727 0.091797
0 0.866211 0.459961 0.119141 0.142578
0 0.690430 0.358887 0.076172 0.063477
0 0.749512 0.312988 0.055664 0.065430
0 0.836914 0.317383 0.072266 0.082031
0 0.605957 0.300781 0.055664 0.060547
0 0.484863 0.262695 0.071289 0.068359
0 0.417969 0.218750 0.048828 0.052734
0 0.460938 0.190918 0.062500 0.049805
0 0.387695 0.113281 0.080078 0.064453
0 0.674805 0.124023 0.062500 0.068359
0 0.707031 0.199707 0.068359 0.083008
0 0.736816 0.187988 0.063477 0.059570
0 0.799805 0.113281 0.158203 0.070312
0 0.911133 0.129395 0.087891 0.092773
0 0.886719 0.057129 0.068359 0.073242
0 0.736328 0.050293 0.070312 0.090820
0 0.783203 0.072266 0.042969 0.042969
0 0.985840 0.247559 0.028320 0.129883
0 0.947754 0.642090 0.104492 0.131836
0 0.962402 0.735840 0.075195 0.083008
0 0.984375 0.786621 0.031250 0.098633
0 0.871582 0.197266 0.049805 0.056641
