0 0.038574 0.529785 0.077148 0.069336
0 0.088867 0.399414 0.070312 0.072266
0 0.281738 0.866699 0.057617 0.057617
0 0.164551 0.014160 0.067383 0.028320
0 0.232910 0.396973 0.088867 0.063477
0 0.329102 0.378906 0.070312 0.072266
0 0.342773 0.469727 0.080078 0.070312
0 0.273438 0.488281 0.066406 0.070312
0 0.251953 0.545410 0.095703 0.077148
0 0.412109 0.505859 0.052734 0.054688
0 0.081055 0.829590 0.074219 0.069336
0 0.035156 0.952637 0.064453 0.049805
0 0.239746 0.958496 0.069336 0.061523
0 0.304688 0.957031 0.072266 0.062500
0 0.329590 0.847168 0.090820 0.061523
0 0.341797 0.905273 0.072266 0.054688
0 0.465820 0.870605 0.087891 0.069336
0 0.743652 0.994141 0.053711 0.011719
0 0.647461 0.973633 0.074219 0.052734
0 0.705566 0.925781 0.104492 0.068359
0 0.931152 0.974121 0.084961 0.051758
0 0.931641 0.656738 0.072266 0.122070
0 0.639160 0.555176 0.079102 0.063477
0 0.583008 0.533691 0.205078 0.196289
0 0.970703 0.457520 0.058594 0.075195
0 0.960938 0.104004 0.078125 0.094727
0 0.648438 0.181152 0.068359 0.071289
0 0.595703 0.083984 0.062500 0.072266
0 0.569824 0.030273 0.069336 0.060547
0 0.460938 0.022461 0.070312 0.044922
0 0.746094 0.037109 0.099609 0.074219
0 0.871582 0.006836 0.081055 0.013672
0 0.957031 0.121582 0.062500 0.069336
0 0.456543 0.793457 0.057617 0.045898
0 0.327148 0.030762 0.070312 0.061523
