0 0.278320 0.421387 0.074219 0.071289
0 0.923828 0.037598 0.072266 0.073242
0 0.983887 0.738281 0.032227 0.068359
0 0.865234 0.632812 0.056641 0.099609
0 0.216309 0.497070 0.077148 0.070312
0 0.690430 0.080566 0.095703 0.083008
0 0.693848 0.712402 0.073242 0.055664
0 0.262695 0.915527 0.093750 0.061523
0 0.611328 0.468262 0.080078 0.084961
0 0.185547 0.624512 0.085938 0.092773
0 0.063965 0.344727 0.081055 0.064453
0 0.856445 0.399902 0.056641 0.075195
0 0.080078 0.394043 0.093750 0.055664
0 0.240723 0.631348 0.079102 0.069336
0 0.315918 0.067383 0.067383 0.085938
0 0.165039 0.532715 0.082031 0.047852
0 0.115234 0.667969 0.089844 0.076172
0 0.325195 0.731445 0.087891 0.042969
0 0.038574 0.735840 0.059570 0.049805
0 0.739258 0.588867 0.064453 0.052734
0 0.369629 0.106934 0.059570 0.057617
0 0.978516 0.237305 0.042969 0.062500
0 0.834473 0.054199 0.063477 0.036133
0 0.587402 0.772949 0.077148 0.061523
0 0.053223 0.500488 0.100586 0.069336
0 0.960938 0.157715 0.046875 0.067383
0 0.335449 0.830078 0.067383 0.058594
0 0.639648 0.390137 0.136719 0.069336
0 0.958984 0.678711 0.039062 0.068359
0 0.776855 0.679199 0.041992 0.055664
0 0.800293 0.743652 0.067383 0.040039
0 0.465820 0.464355 0.052734 0.051758
0 0.142090 0.614258 0.079102 0.070312
0 0.212402 0.160156 0.053711 0.041016
0 0.282715 0.801270 0.051758 0.051758
0 0.362793 0.969727 0.081055 0.042969
0 0.724121 0.527344 0.053711 0.068359
0 0.053223 0.594238 0.081055 0.038086
0 0.834473 0.817871 0.073242 0.045898
0 0.531738 0.180664 0.055664 0.042969
0 0.953125 0.020996 0.050781 0.041992
0 0.316895 0.764160 0.040039 0.063477
0 0.842285 0.510742 0.040039 0.046875
0 0.450195 0.456055 0.058594 0.072266
0 0.095703 0.494629 0.056641 0.038086
0 0.900391 0.395996 0.044922 0.065430
0 0.105957 0.905273 0.102539 0.042969
0 0.911621 0.119629 0.061523 0.045898
0 0.885742 0.550781 0.046875 0.074219
0 0.341309 0.170898 0.073242 0.070312
0 0.025879 0.541504 0.051758 0.049805
0 0.703613 0.802246 0.065430 0.043945
0 0.916992 0.988281 0.050781 0.023438
0 0.028320 0.918945 0.056641 0.044922
0 0.682617 0.265625 0.046875 0.068359
0 0.868652 0.620117 0.081055 0.050781
0 0.258789 0.598633 0.056641 0.031250
0 0.020508 0.962891 0.041016 0.050781
0 0.672363 0.374023 0.069336 0.052734
0 0.422363 0.739746 0.065430 0.047852
0 0.028809 0.847656 0.055664 0.033203
0 0.552734 0.364258 0.076172 0.064453
0 0.785645 0.332031 0.063477 0.064453
0 0.923340 0.687500 0.049805 0.039062
0 0.047852 0.990723 0.078125 0.018555
0 0.896973 0.531250 0.030273 0.037109
0 0.012695 0.617188 0.023438 0.052734
0 0.138184 0.490234 0.053711 0.035156
0 0.414551 0.449219 0.038086 0.052734
0 0.366211 0.437500 0.058594 0.037109
0 0.760254 0.317871 0.049805 0.071289
