0 0.391602 0.074219 0.078125 0.080078
0 0.567383 0.150879 0.072266 0.067383
0 0.515625 0.486328 0.097656 0.074219
0 0.227539 0.406738 0.130859 0.092773
0 0.806641 0.126953 0.076172 0.082031
0 0.633301 0.940918 0.098633 0.090820
0 0.052734 0.537598 0.105469 0.077148
0 0.134766 0.261230 0.070312 0.051758
0 0.703613 0.144531 0.032227 0.083984
0 0.816895 0.796875 0.083008 0.048828
0 0.530762 0.186035 0.071289 0.047852
0 0.956055 0.916504 0.072266 0.063477
0 0.421387 0.585938 0.079102 0.044922
0 0.635742 0.337891 0.064453 0.062500
0 0.559082 0.948730 0.069336 0.075195
0 0.396484 0.425781 0.076172 0.054688
0 0.501953 0.250488 0.058594 0.036133
0 0.149707 0.646240 0.115820 0.033691
0 0.101074 0.858398 0.104492 0.056641
0 0.117188 0.977539 0.050781 0.044922
0 0.868652 0.865234 0.061523 0.080078
0 0.250000 0.979980 0.095703 0.040039
0 0.321289 0.770996 0.142578 0.055664
0 0.901855 0.146973 0.065430 0.030273
0 0.857910 0.242188 0.055664 0.056641
0 0.898926 0.186035 0.065430 0.069336
0 0.816406 0.705566 0.054688 0.063477
0 0.006348 0.598145 0.012695 0.026367
0 0.255371 0.563965 0.112305 0.065430
0 0.415039 0.495605 0.048828 0.032227
0 0.583496 0.398926 0.024414 0.086914
0 0.574707 0.563965 0.077148 0.057617
0 0.567871 0.397461 0.028320 0.085938
0 0.837402 0.390625 0.088867 0.042969
0 0.041992 0.990723 0.083984 0.018555
0 0.415039 0.838379 0.070312 0.041992
0 0.745117 0.265625 0.066406 0.033203
0 0.416504 0.627441 0.079102 0.041992
0 0.013672 0.378906 0.027344 0.041016
0 0.167480 0.413086 0.063477 0.044922
0 0.726074 0.076660 0.053711 0.032227
0 0.731445 0.542969 0.058594 0.048828
0 0.930176 0.419434 0.073242 0.030273
0 0.948730 0.216309 0.045898 0.043945
0 0.540332 0.660254 0.097656 0.041406
0 0.195312 0.227051 0.074219 0.043945
0 0.452148 0.292969 0.048828 0.023438
0 0.642578 0.691406 0.089844 0.074219
0 0.971680 0.494629 0.056641 0.057617
0 0.124023 0.817383 0.062500 0.031250
0 0.916992 0.034180 0.037109 0.050781
0 0.221191 0.303711 0.045898 0.033203
0 0.511719 0.017578 0.060547 0.035156
0 0.666992 0.015625 0.048828 0.031250
0 0.771973 0.309570 0.028320 0.052734
0 0.699707 0.648438 0.053711 0.048828
0 0.732910 0.859863 0.053711 0.034180
0 0.156738 0.254395 0.059570 0.053711
0 0.110840 0.383301 0.065430 0.034180
0 0.229980 0.734375 0.055664 0.064453
0 0.631836 0.552734 0.060547 0.042969
0 0.514160 0.384766 0.049805 0.035156
0 0.349121 0.266602 0.043945 0.046875
0 0.806641 0.988770 0.033203 0.018555
0 0.500000 0.661621 0.078125 0.038086
0 0.427246 0.396973 0.090820 0.043945
