0 0.829590 0.536133 0.073242 0.083984
0 0.313477 0.919922 0.105469 0.062500
0 0.685547 0.849609 0.111328 0.082031
0 0.762207 0.548828 0.088867 0.087891
0 0.954102 0.455566 0.044922 0.071289
0 0.870605 0.949219 0.083008 0.054688
0 0.037598 0.050293 0.075195 0.084961
0 0.922852 0.772949 0.099609 0.063477
0 0.375977 0.204102 0.105469 0.099609
0 0.062500 0.253418 0.083984 0.071289
0 0.501953 0.194336 0.125000 0.095703
0 0.680176 0.883301 0.100586 0.047852
0 0.918945 0.040039 0.054688 0.080078
0 0.250488 0.840820 0.086914 0.056641
0 0.056641 0.520996 0.113281 0.059570
0 0.890137 0.177734 0.098633 0.138672
0 0.240234 0.586426 0.076172 0.063477
0 0.114746 0.905762 0.094727 0.043945
0 0.268555 0.508789 0.105469 0.083984
0 0.350098 0.027832 0.061523 0.051758
0 0.597168 0.825684 0.083008 0.071289
0 0.633301 0.275879 0.149414 0.088867
0 0.125488 0.560547 0.045898 0.042969
0 0.526855 0.751465 0.067383 0.047852
0 0.041504 0.581055 0.081055 0.107422
0 0.761719 0.637695 0.164062 0.044922
0 0.171387 0.304688 0.084961 0.056641
0 0.071289 0.980957 0.103516 0.036133
0 0.702637 0.339844 0.118164 0.050781
0 0.508789 0.988770 0.082031 0.022461
0 0.233398 0.906738 0.103516 0.065430
0 0.551270 0.896973 0.096680 0.061523
0 0.838379 0.172363 0.073242 0.073242
0 0.597168 0.221680 0.086914 0.041016
0 0.133789 0.662598 0.125000 0.045898
0 0.517578 0.092773 0.056641 0.042969
0 0.172852 0.285645 0.093750 0.057617
0 0.654785 0.946777 0.067383 0.061523
0 0.135742 0.027344 0.093750 0.054688
0 0.646973 0.015137 0.049805 0.030273
0 0.180664 0.575684 0.083984 0.065430
0 0.977539 0.352539 0.044922 0.044922
0 0.245117 0.756348 0.207031 0.041992
0 0.607910 0.962402 0.102539 0.040039
0 0.989258 0.074219 0.021484 0.029297
0 0.329102 0.680664 0.064453 0.041016
0 0.030762 0.892578 0.061523 0.041016
0 0.809082 0.257812 0.067383 0.082031
0 0.944336 0.652832 0.111328 0.032227
0 0.973145 0.547852 0.053711 0.060547
0 0.960449 0.626465 0.069336 0.030273
0 0.034180 0.960938 0.068359 0.035156
0 0.179199 0.990723 0.061523 0.018555
0 0.390625 0.929199 0.093750 0.086914
0 0.534668 0.909180 0.045898 0.031250
0 0.618164 0.986816 0.076172 0.026367
0 0.887207 0.992188 0.065430 0.015625
0 0.211914 0.916992 0.031250 0.029297
0 0.348633 0.774902 0.064453 0.051758
0 0.017578 0.645020 0.035156 0.040039
0 0.051270 0.543457 0.102539 0.053711
0 0.805176 0.626953 0.067383 0.062500
0 0.015625 0.232422 0.031250 0.044922
