0 0.033203 0.969727 0.066406 0.060547
0 0.037598 0.737305 0.075195 0.087891
0 0.119141 0.810547 0.085938 0.068359
0 0.132324 0.875977 0.081055 0.095703
0 0.216309 0.906738 0.069336 0.098633
0 0.242676 0.579102 0.106445 0.097656
0 0.185547 0.482422 0.078125 0.154297
0 0.068848 0.393555 0.102539 0.083984
0 0.171875 0.378906 0.080078 0.080078
0 0.315918 0.518066 0.065430 0.063477
0 0.524414 0.521973 0.082031 0.094727
0 0.559082 0.581543 0.084961 0.108398
0 0.313477 0.833984 0.066406 0.066406
0 0.616699 0.956055 0.075195 0.087891
0 0.395996 0.967773 0.061523 0.054688
0 0.868652 0.976562 0.077148 0.046875
0 0.978516 0.635254 0.042969 0.116211
0 0.713867 0.493164 0.158203 0.087891
0 0.770996 0.394531 0.108398 0.070312
0 0.816895 0.356934 0.157227 0.084961
0 0.750488 0.302734 0.120117 0.085938
0 0.607422 0.279297 0.085938 0.080078
0 0.320312 0.070312 0.068359 0.080078
0 0.029785 0.157715 0.059570 0.075195
0 0.574707 0.957520 0.047852 0.059570
