0 0.451172 0.042480 0.097656 0.084961
0 0.534180 0.849609 0.089844 0.099609
0 0.901855 0.215820 0.100586 0.126953
0 0.683594 0.903809 0.082031 0.092773
0 0.585938 0.693359 0.123047 0.078125
0 0.973633 0.519531 0.052734 0.099609
0 0.650879 0.466797 0.067383 0.080078
0 0.641113 0.029297 0.088867 0.058594
0 0.239746 0.821777 0.200195 0.155273
0 0.500488 0.569336 0.077148 0.089844
0 0.190918 0.594238 0.127930 0.110352
0 0.832031 0.397949 0.080078 0.067383
0 0.974609 0.388184 0.050781 0.102539
0 0.270508 0.510742 0.097656 0.078125
0 0.725586 0.750488 0.087891 0.067383
0 0.256836 0.380859 0.064453 0.091797
0 0.242188 0.206055 0.080078 0.107422
0 0.898438 0.769531 0.203125 0.080078
0 0.241699 0.698242 0.084961 0.181641
0 0.134277 0.468262 0.075195 0.086914
0 0.940918 0.699707 0.102539 0.110352
0 0.316895 0.091797 0.075195 0.099609
0 0.803223 0.614258 0.083008 0.160156
0 0.166016 0.031250 0.087891 0.062500
0 0.079102 0.393066 0.125000 0.067383
0 0.719727 0.612305 0.099609 0.089844
0 0.789551 0.100586 0.079102 0.162109
0 0.070801 0.793457 0.112305 0.083008
0 0.542969 0.347168 0.097656 0.084961
0 0.669434 0.264160 0.094727 0.120117
0 0.944336 0.023438 0.089844 0.046875
0 0.625488 0.557129 0.112305 0.075195
0 0.283203 0.149414 0.072266 0.080078
0 0.041992 0.702148 0.074219 0.099609
0 0.754395 0.335449 0.069336 0.102539
0 0.771973 0.800781 0.069336 0.068359
0 0.482422 0.344727 0.080078 0.070312
0 0.771973 0.710938 0.065430 0.062500
0 0.833008 0.899414 0.087891 0.169922
0 0.343262 0.212402 0.057617 0.049805
0 0.051758 0.334473 0.070312 0.090820
0 0.510742 0.279785 0.078125 0.094727
0 0.056641 0.930664 0.080078 0.091797
0 0.602051 0.323242 0.055664 0.072266
0 0.680664 0.813477 0.062500 0.062500
0 0.940430 0.854492 0.072266 0.119141
0 0.954590 0.449219 0.059570 0.044922
0 0.363281 0.803223 0.123047 0.096680
0 0.683105 0.209473 0.057617 0.049805
0 0.594727 0.744629 0.064453 0.049805
0 0.710938 0.327148 0.062500 0.064453
0 0.360840 0.080566 0.051758 0.067383
0 0.757324 0.048340 0.084961 0.067383
0 0.973633 0.891602 0.052734 0.080078
0 0.084473 0.304688 0.055664 0.060547
0 0.529297 0.147949 0.054688 0.102539
0 0.460449 0.284180 0.032227 0.089844
0 0.406738 0.636719 0.040039 0.080078
0 0.343262 0.632324 0.038086 0.084961
0 0.795410 0.582031 0.112305 0.085938
0 0.143066 0.713379 0.057617 0.083008
0 0.922363 0.684570 0.094727 0.064453
