0 0.250488 0.656250 0.090820 0.091797
0 0.034180 0.576660 0.068359 0.083008
0 0.715332 0.328613 0.100586 0.079102
0 0.061035 0.728027 0.122070 0.088867
0 0.939453 0.607910 0.121094 0.086914
0 0.560547 0.342773 0.087891 0.107422
0 0.694336 0.696289 0.087891 0.083984
0 0.796387 0.640625 0.086914 0.083984
0 0.159668 0.434570 0.083008 0.107422
0 0.085938 0.038574 0.107422 0.077148
0 0.782227 0.904297 0.080078 0.105469
0 0.616211 0.020508 0.099609 0.041016
0 0.715820 0.849121 0.123047 0.094727
0 0.580566 0.571777 0.083008 0.079102
0 0.863770 0.239746 0.083008 0.084961
0 0.970215 0.774902 0.059570 0.090820
0 0.958496 0.130371 0.083008 0.090820
0 0.090332 0.578613 0.096680 0.073242
0 0.702637 0.391113 0.110352 0.069336
0 0.617676 0.456543 0.088867 0.061523
0 0.508301 0.399414 0.159180 0.074219
0 0.492188 0.329590 0.078125 0.067383
0 0.522461 0.551758 0.085938 0.072266
