0 0.965820 0.257324 0.068359 0.073242
0 0.373047 0.408203 0.064453 0.097656
0 0.910645 0.090820 0.086914 0.062500
0 0.282715 0.248047 0.131836 0.068359
0 0.914062 0.160156 0.103516 0.048828
0 0.649902 0.300293 0.084961 0.049805
0 0.542480 0.390137 0.112305 0.061523
0 0.413574 0.116211 0.063477 0.085938
0 0.762207 0.934570 0.120117 0.041016
0 0.274414 0.784180 0.101562 0.052734
0 0.594238 0.375488 0.084961 0.063477
0 0.180615 0.879590 0.140527 0.194727
0 0.563477 0.855469 0.064453 0.052734
0 0.229980 0.857422 0.141602 0.052734
0 0.573730 0.052734 0.079102 0.042969
0 0.349609 0.211426 0.119141 0.047852
0 0.773926 0.165039 0.102539 0.068359
0 0.195117 0.094092 0.050391 0.080762
0 0.407715 0.678223 0.098633 0.047852
0 0.750977 0.892090 0.083984 0.038086
0 0.407227 0.803223 0.089844 0.040039
0 0.155273 0.298340 0.113281 0.049805
0 0.529785 0.662598 0.127930 0.077148
0 0.746094 0.826172 0.082031 0.039062
0 0.716309 0.320801 0.067383 0.041992
0 0.882812 0.123047 0.082031 0.039062
0 0.063965 0.538574 0.120117 0.040039
0 0.589844 0.205078 0.105469 0.044922
0 0.478027 0.340332 0.102539 0.036133
0 0.088379 0.236816 0.147461 0.077148
0 0.978516 0.163086 0.042969 0.033203
0 0.832520 0.637207 0.094727 0.040039
0 0.449219 0.288086 0.101562 0.031250
0 0.530273 0.602051 0.121094 0.061523
0 0.660156 0.455078 0.105469 0.111328
0 0.252441 0.616211 0.098633 0.048828
0 0.096680 0.747559 0.144531 0.045898
0 0.705078 0.855957 0.095703 0.030273
0 0.718262 0.965332 0.055664 0.051758
0 0.099121 0.668945 0.139648 0.035156
0 0.358398 0.632812 0.103516 0.031250
0 0.473145 0.963379 0.088867 0.032227
0 0.734375 0.986816 0.121094 0.026367
0 0.659180 0.750000 0.125000 0.123047
0 0.970703 0.575684 0.058594 0.047852
0 0.067871 0.952637 0.112305 0.032227
0 0.785156 0.602539 0.080078 0.031250
0 0.958984 0.043457 0.082031 0.016602
0 0.059570 0.756348 0.072266 0.057617
0 0.100586 0.127441 0.156250 0.041992
0 0.313965 0.589355 0.122070 0.022461
0 0.203613 0.048828 0.067383 0.023438
0 0.411133 0.882324 0.076172 0.036133
0 0.729492 0.251465 0.068359 0.041992
0 0.078125 0.918945 0.136719 0.044922
0 0.598633 0.899414 0.085938 0.027344
0 0.747070 0.191895 0.158203 0.081055
0 0.650391 0.932129 0.064453 0.038086
0 0.688477 0.678711 0.074219 0.039062
0 0.020020 0.158203 0.038086 0.023438
0 0.811523 0.864258 0.097656 0.031250
0 0.870605 0.848145 0.159180 0.036133
0 0.572754 0.922363 0.100586 0.049805
0 0.454590 0.922852 0.225586 0.044922
0 0.179688 0.891602 0.113281 0.033203
0 0.067383 0.889160 0.134766 0.047852
0 0.157715 0.523438 0.043945 0.046875
