0 0.052246 0.077148 0.104492 0.050781
0 0.273438 0.052734 0.064453 0.105469
0 0.511719 0.064941 0.138672 0.129883
0 0.337891 0.187500 0.068359 0.074219
0 0.539551 0.227539 0.051758 0.070312
0 0.637207 0.195312 0.047852 0.068359
0 0.827637 0.299805 0.110352 0.130859
0 0.765625 0.072266 0.052734 0.050781
0 0.028320 0.793945 0.056641 0.113281
0 0.045410 0.916992 0.090820 0.097656
0 0.138672 0.920898 0.072266 0.060547
0 0.233887 0.876953 0.137695 0.091797
0 0.189941 0.777344 0.073242 0.144531
0 0.089844 0.749512 0.076172 0.129883
0 0.163574 0.622559 0.108398 0.116211
0 0.052734 0.467285 0.105469 0.073242
0 0.296875 0.390625 0.089844 0.080078
0 0.446777 0.578613 0.120117 0.061523
0 0.589355 0.440918 0.106445 0.049805
0 0.771484 0.570801 0.119141 0.112305
0 0.822266 0.456055 0.089844 0.082031
0 0.738281 0.416016 0.056641 0.058594
0 0.584473 0.762207 0.094727 0.102539
0 0.499512 0.781738 0.063477 0.098633
0 0.476562 0.891113 0.058594 0.065430
0 0.420898 0.905762 0.070312 0.077148
0 0.355469 0.952637 0.052734 0.065430
0 0.644043 0.938477 0.047852 0.085938
0 0.698242 0.941406 0.097656 0.117188
0 0.789551 0.922852 0.075195 0.080078
0 0.621582 0.858887 0.077148 0.069336
0 0.828125 0.723633 0.087891 0.119141
0 0.670410 0.622559 0.051758 0.083008
0 0.660156 0.542480 0.078125 0.069336
0 0.597168 0.619629 0.057617 0.071289
0 0.032227 0.546875 0.064453 0.072266
0 0.496094 0.649902 0.050781 0.065430
