0 0.165039 0.964355 0.103516 0.071289
0 0.267090 0.771484 0.131836 0.091797
0 0.152344 0.796875 0.066406 0.078125
0 0.122559 0.711914 0.084961 0.060547
0 0.038574 0.678711 0.069336 0.091797
0 0.018555 0.484375 0.037109 0.072266
0 0.014160 0.397949 0.028320 0.061523
0 0.140625 0.434082 0.115234 0.063477
0 0.062500 0.505859 0.054688 0.035156
0 0.301758 0.617188 0.113281 0.193359
0 0.152832 0.570312 0.084961 0.064453
0 0.324707 0.415527 0.069336 0.114258
0 0.598145 0.501465 0.266602 0.088867
0 0.558594 0.586914 0.148438 0.072266
0 0.675781 0.593750 0.060547 0.093750
0 0.490723 0.758301 0.088867 0.088867
0 0.502441 0.972168 0.047852 0.055664
0 0.375000 0.972656 0.128906 0.054688
0 0.608887 0.761230 0.071289 0.094727
0 0.652832 0.849609 0.086914 0.072266
0 0.715820 0.792480 0.082031 0.061523
0 0.787598 0.813477 0.106445 0.150391
0 0.739258 0.689453 0.103516 0.082031
0 0.766602 0.586426 0.087891 0.159180
0 0.771484 0.970215 0.060547 0.059570
0 0.925293 0.860840 0.079102 0.229492
0 0.979980 0.736328 0.040039 0.185547
0 0.041992 0.283691 0.083984 0.057617
0 0.177246 0.318848 0.075195 0.049805
0 0.250977 0.332031 0.072266 0.123047
0 0.171875 0.169922 0.097656 0.115234
0 0.213379 0.097656 0.075195 0.062500
0 0.454102 0.171387 0.183594 0.165039
0 0.705566 0.217285 0.090820 0.067383
0 0.688965 0.340820 0.137695 0.095703
0 0.810059 0.339844 0.104492 0.091797
0 0.881348 0.269531 0.106445 0.132812
0 0.970703 0.320801 0.058594 0.079102
0 0.919922 0.458984 0.083984 0.087891
0 0.612793 0.080566 0.079102 0.143555
0 0.789551 0.122559 0.098633 0.112305
0 0.895996 0.043457 0.071289 0.086914
0 0.974609 0.094727 0.050781 0.074219
0 0.988770 0.007812 0.022461 0.015625
0 0.448730 0.009766 0.131836 0.019531
0 0.332031 0.029297 0.109375 0.058594
0 0.250000 0.011719 0.068359 0.023438
0 0.982910 0.944336 0.034180 0.111328
0 0.803223 0.449707 0.100586 0.112305
0 0.764160 0.034180 0.092773 0.068359
