0 0.594727 0.081543 0.070312 0.092773
0 0.282227 0.571289 0.080078 0.054688
0 0.120117 0.497559 0.054688 0.079102
0 0.761719 0.220215 0.048828 0.086914
0 0.145996 0.135254 0.112305 0.092773
0 0.556152 0.227539 0.057617 0.082031
0 0.409668 0.156738 0.057617 0.106445
0 0.855469 0.564941 0.056641 0.104492
0 0.184570 0.526855 0.058594 0.065430
0 0.365723 0.433594 0.043945 0.091797
0 0.211914 0.238770 0.039062 0.081055
0 0.302734 0.809570 0.042969 0.093750
0 0.155273 0.316406 0.042969 0.080078
0 0.672363 0.320312 0.038086 0.062500
0 0.063477 0.896973 0.072266 0.104492
0 0.739258 0.503906 0.054688 0.076172
0 0.954590 0.597656 0.065430 0.070312
0 0.608398 0.944336 0.029297 0.070312
0 0.027832 0.237305 0.055664 0.039062
0 0.386719 0.306152 0.056641 0.061523
0 0.625977 0.526367 0.064453 0.083984
0 0.732910 0.758301 0.034180 0.120117
0 0.186523 0.268555 0.076172 0.095703
0 0.448242 0.658203 0.039062 0.072266
0 0.304199 0.943359 0.059570 0.052734
0 0.388184 0.420898 0.053711 0.064453
0 0.756836 0.146973 0.056641 0.067383
0 0.862305 0.170898 0.087891 0.052734
0 0.688965 0.578613 0.069336 0.051758
0 0.040527 0.189941 0.055664 0.073242
0 0.717285 0.947754 0.028320 0.055664
0 0.507812 0.916992 0.062500 0.054688
0 0.373535 0.142090 0.051758 0.071289
0 0.643555 0.037598 0.031250 0.065430
0 0.358398 0.234863 0.037109 0.065430
0 0.981934 0.285156 0.036133 0.111328
0 0.080078 0.774414 0.060547 0.044922
0 0.538086 0.814453 0.042969 0.050781
0 0.497070 0.870605 0.064453 0.040039
0 0.838867 0.453125 0.027344 0.058594
0 0.717773 0.858398 0.054688 0.042969
0 0.292090 0.659668 0.052734 0.063477
0 0.165039 0.952637 0.044922 0.075195
0 0.097656 0.057617 0.041016 0.070312
0 0.380859 0.957520 0.052734 0.024414
0 0.523438 0.032227 0.027344 0.046875
0 0.814941 0.959961 0.043945 0.070312
0 0.308105 0.184082 0.051758 0.051758
0 0.957031 0.160645 0.056641 0.061523
0 0.020996 0.277344 0.041992 0.062500
0 0.044434 0.952637 0.065430 0.018555
0 0.852539 0.874023 0.089844 0.052734
0 0.499512 0.862305 0.028320 0.058594
0 0.050781 0.668945 0.101562 0.064453
0 0.918457 0.568359 0.047852 0.048828
0 0.962891 0.561523 0.031250 0.048828
0 0.074707 0.836426 0.038086 0.075195
0 0.826172 0.856445 0.044922 0.039062
0 0.595703 0.807129 0.060547 0.032227
0 0.710449 0.698242 0.081055 0.035156
0 0.983398 0.805664 0.029297 0.066406
0 0.899902 0.983887 0.055664 0.032227
