0 0.924805 0.948242 0.056641 0.085938
0 0.649414 0.664551 0.048828 0.084961
0 0.007324 0.387207 0.014648 0.098633
0 0.846191 0.369141 0.098633 0.076172
0 0.176270 0.804688 0.092773 0.072266
0 0.084961 0.777344 0.101562 0.060547
0 0.440918 0.073242 0.069336 0.058594
0 0.611816 0.165527 0.116211 0.022461
0 0.743164 0.774902 0.072266 0.073242
0 0.475098 0.803711 0.051758 0.058594
0 0.387695 0.260254 0.119141 0.041992
0 0.438477 0.946289 0.025391 0.072266
0 0.409180 0.341797 0.058594 0.068359
0 0.266602 0.857422 0.091797 0.031250
0 0.462891 0.554199 0.064453 0.061523
0 0.448730 0.476562 0.045898 0.072266
0 0.349609 0.820312 0.150391 0.080078
0 0.708984 0.381348 0.044922 0.081055
0 0.023926 0.473145 0.047852 0.043945
0 0.334473 0.182129 0.053711 0.077148
0 0.481934 0.795410 0.047852 0.055664
0 0.507812 0.768066 0.050781 0.036133
0 0.834473 0.154297 0.026367 0.050781
0 0.193848 0.248047 0.149414 0.115234
0 0.158203 0.429688 0.037109 0.048828
0 0.035156 0.902832 0.070312 0.051758
0 0.609863 0.522949 0.153320 0.055664
0 0.719727 0.324219 0.099609 0.091797
0 0.789551 0.107422 0.057617 0.023438
0 0.680664 0.790527 0.072266 0.043945
0 0.314453 0.121582 0.091797 0.032227
0 0.562012 0.760254 0.026367 0.059570
0 0.139648 0.136719 0.048828 0.058594
0 0.608887 0.118164 0.135742 0.035156
0 0.028809 0.146484 0.057617 0.042969
0 0.856445 0.222656 0.179688 0.072266
0 0.760254 0.739258 0.055664 0.035156
0 0.009277 0.962402 0.018555 0.055664
0 0.107910 0.981934 0.116211 0.036133
0 0.190430 0.552734 0.142578 0.076172
0 0.537109 0.011719 0.050781 0.021484
0 0.094238 0.859375 0.090820 0.037109
0 0.680664 0.610840 0.066406 0.034180
0 0.747559 0.094727 0.069336 0.027344
0 0.036621 0.977539 0.073242 0.027344
0 0.429688 0.944336 0.095703 0.091797
0 0.759766 0.924805 0.093750 0.029297
0 0.574707 0.871094 0.028320 0.058594
0 0.735352 0.955566 0.042969 0.084961
0 0.073730 0.134277 0.079102 0.083008
0 0.976074 0.312012 0.043945 0.036133
0 0.088867 0.817871 0.087891 0.018555
0 0.023926 0.651855 0.047852 0.032227
0 0.126953 0.448242 0.056641 0.046875
0 0.746094 0.794434 0.058594 0.043945
0 0.973145 0.443359 0.053711 0.039062
0 0.833984 0.729492 0.029297 0.035156
0 0.061035 0.406738 0.096680 0.043945
0 0.620117 0.016602 0.033203 0.033203
0 0.876953 0.050293 0.037109 0.032227
0 0.525879 0.508301 0.065430 0.043945
0 0.101562 0.770508 0.070312 0.058594
0 0.905762 0.536621 0.059570 0.043945
0 0.907715 0.295410 0.030273 0.047852
0 0.242188 0.182129 0.076172 0.053711
0 0.947266 0.069824 0.105469 0.040039
0 0.980469 0.069336 0.037109 0.058594
