0 0.054199 0.923340 0.071289 0.139648
0 0.238770 0.808105 0.094727 0.147461
0 0.269043 0.925781 0.086914 0.076172
0 0.171387 0.944824 0.077148 0.065430
0 0.424805 0.845703 0.097656 0.064453
0 0.600098 0.943848 0.077148 0.112305
0 0.623535 0.874023 0.120117 0.082031
0 0.781250 0.909668 0.085938 0.084961
0 0.592773 0.767578 0.101562 0.123047
0 0.497070 0.688477 0.103516 0.097656
0 0.625977 0.638672 0.160156 0.076172
0 0.732910 0.804688 0.098633 0.226562
0 0.799805 0.702148 0.062500 0.189453
0 0.876953 0.692383 0.058594 0.183594
0 0.942383 0.704590 0.062500 0.090820
0 0.570801 0.579590 0.081055 0.079102
0 0.472168 0.503906 0.063477 0.250000
0 0.576172 0.387695 0.107422 0.064453
0 0.122070 0.448242 0.091797 0.101562
0 0.022461 0.318359 0.044922 0.119141
0 0.079590 0.285156 0.102539 0.179688
0 0.146484 0.251953 0.076172 0.121094
0 0.163574 0.347168 0.075195 0.071289
0 0.288574 0.269043 0.124023 0.131836
0 0.107910 0.106934 0.083008 0.090820
0 0.183105 0.104492 0.069336 0.080078
0 0.233887 0.122559 0.094727 0.168945
0 0.430176 0.056152 0.102539 0.098633
0 0.028320 0.045898 0.056641 0.087891
0 0.507812 0.282715 0.148438 0.190430
0 0.615723 0.202637 0.122070 0.127930
0 0.688477 0.198730 0.064453 0.083008
0 0.662109 0.348633 0.123047 0.207031
0 0.770996 0.434570 0.071289 0.068359
0 0.782227 0.530273 0.164062 0.169922
0 0.924316 0.341309 0.092773 0.168945
0 0.916016 0.488770 0.105469 0.163086
0 0.983887 0.315918 0.032227 0.088867
0 0.947266 0.572754 0.105469 0.192383
0 0.865234 0.109863 0.142578 0.120117
0 0.741699 0.084961 0.055664 0.140625
0 0.791504 0.089355 0.061523 0.084961
0 0.549316 0.439453 0.071289 0.062500
0 0.520020 0.586914 0.053711 0.128906
0 0.156250 0.040039 0.064453 0.076172
0 0.083008 0.178711 0.076172 0.070312
