0 0.051270 0.071777 0.075195 0.086914
0 0.187500 0.057129 0.056641 0.061523
0 0.278809 0.038086 0.061523 0.076172
0 0.492188 0.025879 0.082031 0.051758
0 0.584961 0.043945 0.056641 0.087891
0 0.749023 0.021973 0.097656 0.043945
0 0.828125 0.050781 0.062500 0.101562
0 0.677734 0.134277 0.138672 0.071289
0 0.883301 0.140137 0.081055 0.055664
0 0.022949 0.163086 0.045898 0.058594
0 0.976074 0.735840 0.047852 0.053711
0 0.201172 0.212891 0.066406 0.056641
0 0.359375 0.215820 0.062500 0.050781
0 0.384766 0.148926 0.070312 0.057617
0 0.446289 0.123535 0.056641 0.065430
0 0.471680 0.151855 0.089844 0.069336
0 0.496094 0.330078 0.074219 0.054688
0 0.639160 0.271484 0.106445 0.068359
0 0.678711 0.318359 0.087891 0.046875
0 0.780762 0.325684 0.071289 0.083008
0 0.800781 0.216797 0.085938 0.052734
0 0.724121 0.229004 0.098633 0.073242
0 0.853027 0.097168 0.057617 0.084961
0 0.020020 0.361328 0.040039 0.052734
0 0.142090 0.375000 0.116211 0.072266
0 0.185547 0.307617 0.113281 0.070312
0 0.276367 0.340820 0.080078 0.041016
0 0.977539 0.793457 0.044922 0.065430
0 0.400879 0.426758 0.065430 0.056641
0 0.357422 0.448242 0.052734 0.044922
0 0.275391 0.475098 0.164062 0.069336
0 0.435547 0.474121 0.062500 0.036133
0 0.484375 0.536133 0.117188 0.058594
0 0.560547 0.509277 0.062500 0.043945
0 0.659668 0.491211 0.086914 0.058594
0 0.595215 0.563477 0.081055 0.046875
0 0.680176 0.584473 0.071289 0.053711
0 0.798828 0.596191 0.101562 0.065430
0 0.862793 0.466797 0.120117 0.056641
0 0.895508 0.531250 0.056641 0.054688
0 0.902344 0.569824 0.083984 0.051758
0 0.844238 0.654297 0.067383 0.046875
0 0.760254 0.664062 0.071289 0.052734
0 0.046875 0.591309 0.093750 0.055664
0 0.133789 0.628906 0.076172 0.062500
0 0.171387 0.579102 0.071289 0.058594
0 0.303711 0.526855 0.058594 0.043945
0 0.377441 0.614746 0.061523 0.071289
0 0.467773 0.603027 0.080078 0.055664
0 0.526855 0.664062 0.149414 0.074219
0 0.589844 0.606934 0.062500 0.032227
0 0.546875 0.722168 0.136719 0.122070
0 0.572266 0.803711 0.060547 0.113281
0 0.390625 0.742188 0.058594 0.091797
0 0.314941 0.805176 0.083008 0.077148
0 0.708496 0.894043 0.141602 0.059570
0 0.552246 0.890625 0.155273 0.054688
0 0.086426 0.791992 0.102539 0.066406
0 0.106934 0.750488 0.075195 0.073242
0 0.187988 0.798828 0.077148 0.066406
0 0.176270 0.890137 0.120117 0.065430
0 0.237305 0.961914 0.066406 0.076172
0 0.176270 0.975586 0.067383 0.048828
0 0.040039 0.966309 0.080078 0.067383
0 0.345703 0.910156 0.044922 0.060547
0 0.417969 0.917480 0.068359 0.061523
0 0.426270 0.980957 0.102539 0.038086
0 0.796387 0.959961 0.069336 0.080078
0 0.868652 0.865723 0.075195 0.053711
0 0.748047 0.787109 0.093750 0.062500
0 0.972656 0.699707 0.054688 0.047852
0 0.946777 0.664551 0.061523 0.063477
0 0.160645 0.688965 0.102539 0.057617
0 0.655762 0.942871 0.086914 0.045898
0 0.699219 0.974609 0.085938 0.050781
0 0.842773 0.728027 0.080078 0.057617
0 0.930664 0.574707 0.062500 0.051758
0 0.742188 0.098633 0.029297 0.035156
0 0.520508 0.064941 0.048828 0.057617
0 0.808105 0.856934 0.041992 0.034180
0 0.457031 0.762695 0.050781 0.046875
0 0.752441 0.617188 0.053711 0.035156
0 0.344727 0.183105 0.083984 0.063477
0 0.057617 0.215820 0.046875 0.050781
0 0.240234 0.577637 0.044922 0.047852
0 0.315430 0.564453 0.046875 0.046875
0 0.969727 0.349609 0.060547 0.080078
