0 0.044434 0.419434 0.088867 0.053711
0 0.730957 0.624023 0.092773 0.070312
0 0.607422 0.024414 0.078125 0.048828
0 0.700684 0.315918 0.098633 0.043945
0 0.445312 0.143555 0.089844 0.044922
0 0.535645 0.818848 0.045898 0.065430
0 0.298340 0.638184 0.104492 0.055664
0 0.616211 0.774902 0.035156 0.092773
0 0.911621 0.493652 0.061523 0.057617
0 0.196289 0.737793 0.085938 0.040039
0 0.440430 0.573242 0.087891 0.050781
0 0.525391 0.556152 0.062500 0.043945
0 0.224609 0.221680 0.080078 0.060547
0 0.296387 0.233398 0.088867 0.048828
0 0.080078 0.024902 0.083984 0.049805
0 0.957031 0.533691 0.037109 0.094727
0 0.130615 0.609521 0.110254 0.067285
0 0.018066 0.780273 0.036133 0.099609
0 0.375977 0.015625 0.097656 0.031250
0 0.513184 0.984863 0.098633 0.030273
0 0.111816 0.106934 0.043945 0.049805
0 0.054199 0.122559 0.084961 0.043945
0 0.104004 0.962891 0.120117 0.041016
0 0.432129 0.375488 0.079102 0.024414
0 0.596191 0.106934 0.094727 0.045898
0 0.754883 0.943359 0.074219 0.029297
0 0.152344 0.069824 0.134766 0.069336
0 0.721680 0.892578 0.082031 0.041016
0 0.715332 0.071289 0.055664 0.044922
0 0.214844 0.891113 0.060547 0.045898
0 0.544434 0.306641 0.092773 0.037109
0 0.568359 0.352539 0.054688 0.042969
0 0.697754 0.249023 0.040039 0.042969
0 0.472656 0.708496 0.058594 0.040039
0 0.619141 0.876465 0.101562 0.038086
0 0.488281 0.634766 0.070312 0.056641
0 0.276367 0.958984 0.087891 0.033203
0 0.086426 0.802246 0.069336 0.026367
0 0.722168 0.349609 0.040039 0.039062
0 0.412598 0.962891 0.088867 0.044922
0 0.983887 0.419434 0.032227 0.084961
0 0.471680 0.848633 0.050781 0.041016
0 0.234863 0.641602 0.106445 0.052734
0 0.182129 0.011230 0.125977 0.022461
0 0.977539 0.630371 0.044922 0.014648
0 0.156738 0.906738 0.096680 0.041992
0 0.113770 0.893066 0.030273 0.055664
0 0.166016 0.576172 0.085938 0.052734
0 0.378906 0.878418 0.134766 0.149414
0 0.139160 0.844238 0.061523 0.038086
0 0.452148 0.446777 0.056641 0.051758
0 0.794434 0.678711 0.040039 0.025391
0 0.983398 0.281738 0.029297 0.059570
0 0.929199 0.320312 0.047852 0.041016
0 0.309570 0.755859 0.068359 0.175781
0 0.564453 0.792969 0.050781 0.029297
0 0.856934 0.939453 0.063477 0.037109
0 0.214355 0.038574 0.045898 0.040039
0 0.544922 0.948730 0.052734 0.047852
0 0.237305 0.590332 0.083984 0.028320
0 0.104004 0.581055 0.122070 0.054688
0 0.920410 0.404785 0.043945 0.038086
0 0.901367 0.295410 0.082031 0.024414
