0 0.295898 0.419434 0.082031 0.145508
0 0.080566 0.699219 0.102539 0.117188
0 0.084473 0.062012 0.110352 0.079102
0 0.193359 0.541992 0.113281 0.150391
0 0.765625 0.888184 0.093750 0.165039
0 0.476074 0.539551 0.092773 0.104492
0 0.773438 0.724609 0.162109 0.140625
0 0.069824 0.323242 0.139648 0.111328
0 0.574219 0.725586 0.115234 0.107422
0 0.932129 0.957031 0.120117 0.085938
0 0.922363 0.844727 0.094727 0.089844
0 0.826660 0.968750 0.084961 0.062500
0 0.229492 0.109863 0.099609 0.135742
0 0.257812 0.215332 0.095703 0.165039
0 0.626953 0.322266 0.105469 0.150391
0 0.674805 0.561035 0.089844 0.122070
0 0.411133 0.119629 0.060547 0.096680
0 0.929199 0.545898 0.120117 0.171875
0 0.691895 0.200684 0.084961 0.172852
0 0.701660 0.377930 0.084961 0.142578
0 0.531250 0.161133 0.072266 0.089844
0 0.606445 0.108887 0.097656 0.137695
0 0.865723 0.120605 0.118164 0.172852
0 0.875977 0.202148 0.097656 0.099609
0 0.829590 0.060547 0.094727 0.117188
0 0.327148 0.750977 0.099609 0.177734
0 0.898438 0.509766 0.103516 0.115234
0 0.263184 0.863281 0.073242 0.101562
0 0.372070 0.873047 0.064453 0.082031
0 0.416016 0.508301 0.087891 0.067383
0 0.395996 0.386230 0.077148 0.102539
0 0.805664 0.758789 0.097656 0.126953
0 0.125488 0.570801 0.065430 0.120117
0 0.223145 0.630371 0.086914 0.067383
0 0.313477 0.630371 0.062500 0.102539
0 0.104004 0.196289 0.102539 0.072266
0 0.552246 0.811035 0.084961 0.077148
0 0.901855 0.438477 0.049805 0.087891
0 0.695801 0.916504 0.063477 0.118164
0 0.861816 0.297363 0.065430 0.075195
0 0.938477 0.235840 0.082031 0.122070
0 0.909668 0.034668 0.069336 0.065430
0 0.696777 0.119141 0.094727 0.169922
0 0.465820 0.160645 0.070312 0.131836
0 0.694336 0.020996 0.060547 0.041992
0 0.084961 0.562988 0.044922 0.137695
0 0.315918 0.059570 0.094727 0.119141
0 0.629395 0.032227 0.069336 0.060547
0 0.752930 0.534668 0.062500 0.069336
0 0.066895 0.234375 0.094727 0.044922
0 0.439453 0.042969 0.064453 0.082031
