0 0.031250 0.381348 0.062500 0.110352
0 0.230957 0.567871 0.094727 0.104492
0 0.189453 0.757812 0.123047 0.101562
0 0.128906 0.841309 0.109375 0.086914
0 0.295410 0.823242 0.110352 0.146484
0 0.426270 0.685059 0.116211 0.147461
0 0.547363 0.680664 0.112305 0.101562
0 0.530273 0.576660 0.074219 0.110352
0 0.884766 0.513184 0.117188 0.075195
0 0.703613 0.722656 0.155273 0.111328
0 0.693359 0.931641 0.083984 0.080078
0 0.907227 0.870117 0.142578 0.103516
0 0.403809 0.421875 0.083008 0.076172
0 0.568848 0.354004 0.114258 0.090820
0 0.581055 0.228516 0.107422 0.126953
0 0.765625 0.133301 0.091797 0.213867
0 0.929199 0.079102 0.137695 0.146484
0 0.297852 0.057617 0.068359 0.107422
0 0.430176 0.106445 0.077148 0.064453
0 0.098633 0.027832 0.132812 0.055664
0 0.065430 0.121582 0.103516 0.108398
0 0.149414 0.268555 0.093750 0.138672
0 0.401855 0.262695 0.081055 0.070312
0 0.722656 0.438477 0.125000 0.095703
0 0.877441 0.287109 0.073242 0.060547
0 0.965332 0.367676 0.055664 0.104492
0 0.959961 0.972656 0.052734 0.054688
