0 0.488281 0.097168 0.123047 0.094727
0 0.895996 0.549805 0.102539 0.089844
0 0.979980 0.648438 0.040039 0.087891
0 0.124512 0.818359 0.090820 0.087891
0 0.230957 0.024902 0.086914 0.049805
0 0.278320 0.088379 0.126953 0.102539
0 0.094727 0.574707 0.089844 0.065430
0 0.613281 0.144531 0.082031 0.070312
0 0.364258 0.666992 0.070312 0.064453
0 0.814941 0.397949 0.129883 0.067383
0 0.173340 0.624512 0.073242 0.065430
0 0.457031 0.655762 0.095703 0.067383
0 0.962402 0.400879 0.075195 0.077148
0 0.950684 0.923340 0.067383 0.047852
0 0.834473 0.511719 0.075195 0.054688
0 0.529297 0.289551 0.099609 0.094727
0 0.700684 0.139648 0.086914 0.080078
0 0.418457 0.759277 0.077148 0.065430
0 0.240723 0.341797 0.096680 0.089844
0 0.650879 0.887207 0.137695 0.110352
0 0.769531 0.805664 0.119141 0.078125
0 0.497070 0.401855 0.109375 0.094727
0 0.053223 0.945801 0.083008 0.077148
0 0.687012 0.504395 0.114258 0.069336
0 0.479492 0.228027 0.054688 0.047852
0 0.472656 0.976074 0.072266 0.047852
0 0.963867 0.804199 0.072266 0.049805
