0 0.434570 0.187988 0.119141 0.137695
0 0.287109 0.265625 0.115234 0.132812
0 0.281738 0.058105 0.110352 0.092773
0 0.354004 0.653809 0.045898 0.086914
0 0.403809 0.542969 0.075195 0.068359
0 0.903320 0.275391 0.123047 0.107422
0 0.620605 0.158203 0.122070 0.091797
0 0.955078 0.729492 0.083984 0.048828
0 0.188477 0.250488 0.097656 0.073242
0 0.894531 0.523926 0.052734 0.065430
0 0.199707 0.844727 0.094727 0.099609
0 0.220703 0.327637 0.062500 0.049805
0 0.976074 0.565430 0.047852 0.152344
0 0.125000 0.665527 0.072266 0.051758
0 0.822754 0.689941 0.063477 0.077148
0 0.277344 0.502930 0.087891 0.066406
0 0.214844 0.969727 0.115234 0.060547
0 0.844238 0.094727 0.075195 0.089844
0 0.899414 0.657227 0.080078 0.070312
0 0.973145 0.124512 0.047852 0.086914
0 0.018555 0.528809 0.037109 0.055664
