0 0.059570 0.511230 0.048828 0.084961
0 0.264160 0.141113 0.071289 0.073242
0 0.276855 0.745117 0.049805 0.080078
0 0.075684 0.088379 0.090820 0.073242
0 0.107910 0.530762 0.069336 0.086914
0 0.017090 0.597754 0.034180 0.068164
0 0.547852 0.060059 0.033203 0.096680
0 0.576172 0.215332 0.054688 0.075195
0 0.289062 0.271973 0.054688 0.102539
0 0.548340 0.627441 0.057617 0.071289
0 0.255371 0.314453 0.040039 0.072266
0 0.866699 0.582031 0.065430 0.085938
0 0.572754 0.130859 0.032227 0.082031
0 0.264160 0.660156 0.041992 0.074219
0 0.183105 0.130371 0.051758 0.104492
0 0.799316 0.778320 0.041992 0.093750
0 0.890625 0.906738 0.054688 0.071289
0 0.780762 0.154785 0.047852 0.079102
0 0.491699 0.613770 0.061523 0.065430
0 0.850586 0.961426 0.039062 0.059570
0 0.267578 0.528320 0.115234 0.062500
0 0.742188 0.320312 0.060547 0.060547
0 0.381836 0.857422 0.029297 0.052734
0 0.098145 0.852539 0.069336 0.062500
0 0.744629 0.865234 0.034180 0.080078
0 0.397461 0.958496 0.056641 0.040039
0 0.676465 0.197461 0.042969 0.115625
0 0.093262 0.037598 0.075195 0.049805
0 0.379883 0.360352 0.050781 0.060547
0 0.026855 0.842285 0.053711 0.047852
0 0.493652 0.955078 0.073242 0.044922
0 0.160156 0.261719 0.046875 0.039062
0 0.893066 0.859863 0.032227 0.073242
0 0.275391 0.582520 0.066406 0.061523
0 0.231934 0.914062 0.057617 0.044922
0 0.983887 0.584473 0.032227 0.073242
0 0.733887 0.135742 0.065430 0.087891
0 0.485352 0.498535 0.039062 0.073242
0 0.496582 0.850586 0.053711 0.046875
0 0.334473 0.953125 0.026367 0.050781
0 0.542969 0.517578 0.025391 0.070312
0 0.814941 0.079102 0.057617 0.091797
0 0.624023 0.616211 0.076172 0.041016
0 0.831055 0.127930 0.044922 0.097656
0 0.457031 0.265625 0.037109 0.070312
0 0.702637 0.937500 0.043945 0.031250
0 0.298340 0.639648 0.061523 0.056641
0 0.729980 0.354492 0.034180 0.058594
0 0.067871 0.466797 0.086914 0.046875
0 0.124512 0.016602 0.047852 0.033203
0 0.125977 0.513672 0.074219 0.068359
0 0.533203 0.429688 0.072266 0.074219
0 0.898926 0.441895 0.028320 0.055664
0 0.015137 0.652344 0.030273 0.058594
0 0.868164 0.203613 0.044922 0.096680
0 0.458984 0.876953 0.041016 0.074219
0 0.239746 0.212402 0.055664 0.036133
0 0.622070 0.777832 0.029297 0.047852
0 0.942871 0.982422 0.043945 0.035156
0 0.415039 0.874512 0.039062 0.040039
0 0.714355 0.697754 0.045898 0.057617
0 0.937988 0.022949 0.032227 0.045898
0 0.573242 0.470215 0.039062 0.069336
0 0.552734 0.302734 0.085938 0.085938
0 0.913574 0.526855 0.036133 0.051758
0 0.377441 0.906250 0.049805 0.023438
0 0.493652 0.455566 0.145508 0.096680
0 0.076660 0.862305 0.069336 0.050781
0 0.684570 0.754395 0.064453 0.059570
0 0.532227 0.571289 0.064453 0.052734
