0 0.384277 0.271973 0.110352 0.100586
0 0.716797 0.345703 0.099609 0.097656
0 0.633301 0.704590 0.092773 0.110352
0 0.720703 0.553223 0.052734 0.051758
0 0.093262 0.216797 0.067383 0.089844
0 0.660645 0.564453 0.067383 0.074219
0 0.735840 0.150879 0.077148 0.083008
0 0.459473 0.136719 0.059570 0.054688
0 0.911133 0.943848 0.066406 0.067383
0 0.475098 0.364746 0.051758 0.071289
0 0.943359 0.306152 0.062500 0.073242
0 0.304199 0.495605 0.075195 0.067383
0 0.910645 0.046875 0.047852 0.060547
0 0.844727 0.026855 0.064453 0.049805
0 0.685059 0.930664 0.084961 0.126953
0 0.043457 0.049316 0.077148 0.094727
0 0.044434 0.475586 0.084961 0.052734
0 0.033203 0.592285 0.062500 0.075195
0 0.437012 0.515625 0.065430 0.062500
0 0.479492 0.613281 0.099609 0.056641
0 0.144531 0.420410 0.060547 0.057617
0 0.137207 0.939453 0.100586 0.080078
0 0.359375 0.553223 0.089844 0.057617
0 0.720703 0.070312 0.072266 0.062500
0 0.966797 0.393555 0.050781 0.109375
0 0.865234 0.459961 0.035156 0.041016
0 0.331055 0.765137 0.060547 0.049805
0 0.279785 0.255859 0.049805 0.060547
0 0.215332 0.377930 0.043945 0.042969
