0 0.894531 0.289551 0.095703 0.069336
0 0.943359 0.165527 0.113281 0.088867
0 0.742676 0.706543 0.073242 0.051758
0 0.951172 0.821777 0.097656 0.084961
0 0.943359 0.361816 0.087891 0.084961
0 0.878418 0.970703 0.083008 0.052734
0 0.782227 0.963379 0.058594 0.053711
0 0.879395 0.670898 0.055664 0.078125
0 0.997070 0.840820 0.005859 0.072266
0 0.975098 0.913574 0.047852 0.057617
0 0.732422 0.959473 0.058594 0.055664
0 0.927246 0.433594 0.086914 0.037109
0 0.850586 0.643555 0.062500 0.072266
0 0.961914 0.653809 0.046875 0.057617
0 0.936035 0.041992 0.092773 0.080078
0 0.973633 0.048340 0.052734 0.086914
0 0.997070 0.051758 0.005859 0.099609
0 0.904785 0.700684 0.065430 0.067383
0 0.885742 0.934570 0.082031 0.050781
