0 0.600586 0.623535 0.087891 0.122070
0 0.964844 0.288086 0.070312 0.054688
0 0.367188 0.286133 0.089844 0.097656
0 0.363281 0.582031 0.107422 0.105469
0 0.862305 0.929199 0.089844 0.120117
0 0.443359 0.590820 0.078125 0.126953
0 0.716309 0.235840 0.120117 0.092773
0 0.426758 0.128418 0.115234 0.092773
0 0.591797 0.323242 0.105469 0.117188
0 0.078125 0.067383 0.105469 0.089844
0 0.974609 0.552246 0.050781 0.129883
0 0.691895 0.904297 0.129883 0.105469
0 0.360840 0.929688 0.077148 0.105469
0 0.303711 0.197754 0.099609 0.047852
0 0.556641 0.057129 0.089844 0.114258
0 0.539551 0.922363 0.104492 0.120117
0 0.500977 0.439453 0.097656 0.150391
0 0.520996 0.627930 0.065430 0.121094
0 0.054688 0.641113 0.080078 0.092773
0 0.069336 0.939941 0.134766 0.120117
0 0.028320 0.526367 0.056641 0.072266
0 0.038086 0.724609 0.072266 0.080078
