0 0.081055 0.037598 0.095703 0.075195
0 0.202148 0.812500 0.111328 0.064453
0 0.486328 0.083496 0.087891 0.075195
0 0.201172 0.652832 0.101562 0.045898
0 0.687500 0.711426 0.109375 0.061523
0 0.684570 0.473145 0.093750 0.043945
0 0.326172 0.277832 0.099609 0.065430
0 0.468262 0.700684 0.096680 0.090820
0 0.058594 0.706055 0.109375 0.044922
0 0.359863 0.418945 0.081055 0.054688
0 0.674805 0.180664 0.136719 0.066406
0 0.855957 0.325684 0.110352 0.065430
0 0.503418 0.331055 0.120117 0.048828
0 0.631348 0.028809 0.084961 0.055664
0 0.346191 0.968262 0.112305 0.057617
0 0.431152 0.530762 0.094727 0.036133
0 0.949219 0.692871 0.101562 0.061523
0 0.687988 0.372559 0.129883 0.086914
0 0.988281 0.174316 0.023438 0.040039
0 0.957520 0.354004 0.081055 0.053711
0 0.624512 0.368652 0.112305 0.053711
0 0.907227 0.152344 0.083984 0.048828
0 0.378418 0.696777 0.084961 0.040039
0 0.498047 0.199219 0.082031 0.037109
0 0.510742 0.446777 0.070312 0.049805
0 0.834473 0.721680 0.094727 0.033203
0 0.224609 0.111328 0.089844 0.037109
0 0.763184 0.965820 0.106445 0.054688
0 0.124512 0.169922 0.127930 0.050781
0 0.402832 0.761719 0.088867 0.041016
0 0.367188 0.785645 0.140625 0.047852
0 0.341797 0.467773 0.091797 0.044922
0 0.865234 0.404297 0.083984 0.046875
0 0.523438 0.681641 0.140625 0.037109
0 0.878906 0.777344 0.103516 0.054688
0 0.487305 0.017090 0.066406 0.034180
0 0.180664 0.519531 0.109375 0.035156
0 0.908203 0.442383 0.115234 0.037109
0 0.777832 0.869629 0.077148 0.041992
0 0.971680 0.544922 0.056641 0.027344
0 0.054688 0.768066 0.109375 0.032227
0 0.777344 0.037598 0.123047 0.073242
0 0.779785 0.373535 0.084961 0.049805
0 0.796387 0.160156 0.094727 0.062500
0 0.039062 0.067871 0.078125 0.061523
0 0.561523 0.127441 0.070312 0.055664
0 0.392090 0.652832 0.079102 0.038086
0 0.259766 0.445801 0.080078 0.040039
0 0.102539 0.543457 0.132812 0.032227
0 0.283203 0.287109 0.072266 0.046875
0 0.349609 0.854004 0.082031 0.053711
0 0.871094 0.162109 0.113281 0.060547
0 0.048828 0.106445 0.097656 0.035156
0 0.336426 0.160645 0.108398 0.034180
0 0.281250 0.495117 0.046875 0.039062
0 0.757812 0.566406 0.101562 0.039062
0 0.715332 0.789551 0.100586 0.024414
0 0.960449 0.747070 0.079102 0.029297
0 0.458984 0.974121 0.142578 0.041992
0 0.712891 0.124023 0.074219 0.048828
0 0.644531 0.100586 0.087891 0.050781
0 0.311523 0.708008 0.103516 0.019531
0 0.933105 0.496582 0.084961 0.026367
0 0.093262 0.882324 0.174805 0.030273
0 0.957520 0.046875 0.084961 0.074219
0 0.248047 0.256836 0.089844 0.029297
0 0.642578 0.658691 0.111328 0.040039
0 0.584473 0.831543 0.137695 0.038086
0 0.109863 0.342285 0.094727 0.053711
0 0.218262 0.395508 0.069336 0.044922
0 0.048828 0.046875 0.097656 0.070312
0 0.182617 0.375977 0.126953 0.029297
0 0.592285 0.761719 0.057617 0.019531
0 0.626953 0.434082 0.115234 0.030273
0 0.194824 0.430664 0.063477 0.039062
0 0.306641 0.736816 0.062500 0.040039
0 0.157227 0.742676 0.152344 0.041992
0 0.326660 0.141602 0.094727 0.033203
0 0.023438 0.626953 0.044922 0.039062
0 0.759766 0.101562 0.117188 0.039062
0 0.506348 0.062988 0.047852 0.028320
0 0.869141 0.192383 0.050781 0.033203
0 0.021484 0.467773 0.041016 0.029297
0 0.850098 0.657715 0.122070 0.051758
0 0.812500 0.767090 0.097656 0.043945
0 0.045410 0.739258 0.086914 0.021484
0 0.360840 0.250977 0.098633 0.025391
0 0.882812 0.516113 0.033203 0.045898
0 0.028809 0.184570 0.057617 0.042969
0 0.249512 0.414551 0.059570 0.028320
0 0.017090 0.835938 0.034180 0.017578
0 0.371094 0.941895 0.142578 0.047852
0 0.877930 0.372070 0.072266 0.031250
0 0.018066 0.480469 0.034180 0.029297
0 0.802246 0.126953 0.098633 0.021484
0 0.596191 0.037598 0.122070 0.071289
0 0.048340 0.146484 0.096680 0.054688
0 0.051270 0.128906 0.083008 0.025391
0 0.180664 0.101074 0.105469 0.049805
0 0.220215 0.752930 0.055664 0.039062
0 0.018066 0.794434 0.036133 0.026367
0 0.526367 0.983398 0.085938 0.033203
0 0.780762 0.511719 0.086914 0.023438
0 0.926758 0.729492 0.068359 0.058594
0 0.934082 0.513184 0.065430 0.028320
0 0.816406 0.354980 0.082031 0.059570
0 0.077148 0.180176 0.089844 0.045898
0 0.229980 0.796875 0.073242 0.027344
