0 0.522949 0.945801 0.149414 0.100586
0 0.697266 0.032227 0.058594 0.054688
0 0.735352 0.321777 0.107422 0.192383
0 0.843262 0.366211 0.055664 0.083984
0 0.567383 0.470215 0.074219 0.073242
0 0.845215 0.290039 0.129883 0.107422
0 0.321289 0.212891 0.074219 0.070312
0 0.414551 0.975098 0.077148 0.049805
0 0.296387 0.299316 0.083008 0.127930
0 0.237793 0.096680 0.137695 0.093750
0 0.832520 0.078125 0.114258 0.156250
0 0.676758 0.208008 0.097656 0.107422
0 0.692871 0.652832 0.237305 0.112305
0 0.228027 0.584961 0.135742 0.113281
0 0.191895 0.553223 0.081055 0.256836
0 0.106445 0.626465 0.115234 0.067383
0 0.562012 0.151367 0.166992 0.302734
