0 0.580566 0.926270 0.047852 0.084961
0 0.021973 0.226074 0.043945 0.106445
0 0.067383 0.586914 0.066406 0.097656
0 0.282715 0.307129 0.073242 0.086914
0 0.875000 0.041992 0.054688 0.083984
0 0.754883 0.256836 0.048828 0.109375
0 0.198730 0.937500 0.071289 0.078125
0 0.313477 0.098145 0.048828 0.092773
0 0.010254 0.497070 0.020508 0.058594
0 0.864746 0.826660 0.069336 0.081055
0 0.284180 0.707031 0.097656 0.062500
0 0.778809 0.949707 0.051758 0.094727
0 0.787598 0.410645 0.041992 0.098633
0 0.269531 0.579102 0.048828 0.083984
0 0.110352 0.432617 0.037109 0.087891
0 0.069336 0.250488 0.033203 0.112305
0 0.641602 0.044922 0.039062 0.089844
0 0.589844 0.488770 0.050781 0.112305
0 0.714844 0.487305 0.082031 0.125000
0 0.345215 0.835449 0.061523 0.100586
0 0.158691 0.082031 0.041992 0.095703
0 0.318359 0.936035 0.050781 0.102539
0 0.494629 0.929688 0.043945 0.068359
0 0.358398 0.270020 0.050781 0.075195
0 0.346680 0.071777 0.046875 0.094727
0 0.427246 0.529297 0.036133 0.109375
0 0.500488 0.376465 0.036133 0.102539
0 0.511719 0.475586 0.050781 0.087891
0 0.903320 0.138184 0.050781 0.090820
0 0.605469 0.878906 0.054688 0.076172
0 0.116211 0.276367 0.039062 0.099609
0 0.922363 0.387695 0.032227 0.087891
0 0.198730 0.879395 0.065430 0.067383
0 0.483887 0.049805 0.024414 0.099609
0 0.865234 0.209473 0.070312 0.104492
0 0.011719 0.579590 0.023438 0.098633
0 0.844727 0.382812 0.037109 0.062500
0 0.491699 0.718750 0.026367 0.085938
0 0.042969 0.451660 0.054688 0.114258
0 0.707031 0.673828 0.054688 0.066406
0 0.173828 0.609863 0.107422 0.102539
0 0.771973 0.057129 0.030273 0.084961
0 0.166504 0.227539 0.061523 0.136719
0 0.320801 0.906738 0.061523 0.071289
0 0.306152 0.413086 0.032227 0.083984
0 0.805176 0.054199 0.026367 0.100586
0 0.736328 0.025879 0.025391 0.051758
0 0.291016 0.447754 0.041016 0.065430
0 0.074707 0.023926 0.038086 0.047852
0 0.874512 0.357422 0.032227 0.078125
0 0.406738 0.966309 0.030273 0.067383
0 0.927734 0.342285 0.054688 0.069336
0 0.088379 0.973633 0.040039 0.052734
0 0.208984 0.020996 0.029297 0.041992
0 0.113281 0.131836 0.048828 0.076172
0 0.131836 0.888184 0.025391 0.065430
0 0.526855 0.681641 0.051758 0.078125
0 0.985840 0.083008 0.028320 0.083984
0 0.985840 0.727051 0.028320 0.086914
0 0.967285 0.964355 0.026367 0.065430
0 0.567383 0.688477 0.085938 0.052734
0 0.729004 0.724609 0.024414 0.074219
0 0.562012 0.509277 0.053711 0.157227
0 0.470215 0.332520 0.038086 0.098633
0 0.266113 0.221680 0.038086 0.105469
0 0.026367 0.978516 0.052734 0.037109
0 0.211914 0.542969 0.025391 0.068359
0 0.683105 0.017578 0.065430 0.035156
0 0.444824 0.118164 0.032227 0.087891
0 0.889648 0.951660 0.027344 0.055664
0 0.154297 0.639160 0.058594 0.086914
0 0.852051 0.620117 0.053711 0.083984
0 0.048828 0.022461 0.031250 0.044922
0 0.391602 0.600098 0.037109 0.079102
0 0.499023 0.016602 0.031250 0.033203
0 0.392090 0.652832 0.036133 0.088867
0 0.728027 0.770020 0.022461 0.055664
0 0.414062 0.321777 0.044922 0.079102
0 0.479980 0.097168 0.063477 0.040039
