0 0.030762 0.979492 0.061523 0.041016
0 0.153809 0.860352 0.063477 0.068359
0 0.210449 0.890625 0.077148 0.072266
0 0.215820 0.962402 0.087891 0.075195
0 0.325195 0.835449 0.082031 0.063477
0 0.366211 0.902344 0.064453 0.087891
0 0.488281 0.932129 0.080078 0.071289
0 0.522461 0.884766 0.068359 0.066406
0 0.625000 0.929688 0.083984 0.082031
0 0.621094 0.982910 0.082031 0.034180
0 0.956543 0.970703 0.077148 0.058594
0 0.972168 0.896484 0.055664 0.062500
0 0.982910 0.818359 0.034180 0.058594
0 0.848145 0.700195 0.065430 0.095703
0 0.607910 0.698242 0.069336 0.068359
0 0.678223 0.647461 0.075195 0.074219
0 0.834473 0.585938 0.086914 0.076172
0 0.880859 0.617188 0.058594 0.095703
0 0.877441 0.503418 0.049805 0.073242
0 0.750977 0.494141 0.082031 0.076172
0 0.660156 0.481934 0.064453 0.059570
0 0.582031 0.497070 0.068359 0.068359
0 0.525391 0.573242 0.076172 0.072266
0 0.671875 0.378906 0.068359 0.062500
0 0.579102 0.302246 0.070312 0.077148
0 0.752930 0.234375 0.072266 0.056641
0 0.439941 0.178223 0.067383 0.059570
0 0.500000 0.175293 0.060547 0.055664
0 0.488281 0.110352 0.080078 0.070312
0 0.595215 0.076660 0.051758 0.059570
0 0.705566 0.115723 0.067383 0.057617
0 0.837402 0.021973 0.069336 0.043945
0 0.947266 0.039551 0.082031 0.079102
0 0.271484 0.016113 0.068359 0.032227
0 0.381836 0.059082 0.072266 0.094727
0 0.270996 0.168457 0.059570 0.075195
0 0.204102 0.597656 0.099609 0.091797
0 0.161621 0.391602 0.053711 0.066406
0 0.135254 0.295898 0.053711 0.060547
0 0.074219 0.291504 0.064453 0.051758
0 0.067871 0.351562 0.075195 0.082031
0 0.036621 0.442383 0.063477 0.066406
0 0.026367 0.521973 0.052734 0.051758
0 0.026855 0.157227 0.053711 0.064453
0 0.087891 0.079590 0.066406 0.063477
0 0.254883 0.451660 0.068359 0.065430
0 0.127441 0.129395 0.061523 0.059570
0 0.849121 0.528320 0.061523 0.066406
0 0.863770 0.978516 0.067383 0.042969
0 0.474121 0.980469 0.077148 0.039062
0 0.100098 0.422852 0.063477 0.050781
0 0.695312 0.510742 0.048828 0.052734
0 0.571289 0.054688 0.052734 0.074219
