0 0.750488 0.346191 0.192383 0.147461
0 0.635742 0.723145 0.107422 0.083008
0 0.232910 0.403320 0.102539 0.078125
0 0.230957 0.309570 0.122070 0.095703
0 0.183105 0.573242 0.112305 0.107422
0 0.884277 0.809570 0.110352 0.095703
0 0.516113 0.413086 0.147461 0.167969
0 0.070801 0.548340 0.118164 0.083008
0 0.444824 0.294434 0.110352 0.100586
0 0.509766 0.959961 0.099609 0.080078
0 0.392090 0.424316 0.090820 0.120117
0 0.425781 0.625977 0.117188 0.126953
0 0.685547 0.854492 0.152344 0.119141
0 0.490723 0.539551 0.118164 0.114258
0 0.828613 0.079590 0.137695 0.084961
0 0.054688 0.664551 0.099609 0.079102
0 0.063477 0.751953 0.126953 0.109375
0 0.093262 0.126953 0.096680 0.175781
0 0.919922 0.448242 0.089844 0.062500
0 0.687988 0.626953 0.147461 0.109375
0 0.063477 0.312012 0.097656 0.104492
0 0.768555 0.667969 0.132812 0.072266
0 0.944824 0.997070 0.094727 0.005859
0 0.420898 0.695312 0.082031 0.062500
0 0.107910 0.488281 0.137695 0.091797
0 0.949707 0.145508 0.100586 0.062500
