0 0.513184 0.737305 0.081055 0.078125
0 0.480957 0.430664 0.098633 0.060547
0 0.852539 0.358398 0.130859 0.074219
0 0.324707 0.676270 0.127930 0.096680
0 0.559082 0.284180 0.098633 0.085938
0 0.362305 0.024902 0.111328 0.049805
0 0.864746 0.047363 0.120117 0.092773
0 0.336914 0.612793 0.076172 0.075195
0 0.928711 0.345215 0.093750 0.051758
0 0.224609 0.092285 0.113281 0.057617
0 0.434570 0.367676 0.126953 0.077148
0 0.529297 0.028320 0.099609 0.054688
0 0.255371 0.170898 0.090820 0.052734
0 0.211426 0.054688 0.127930 0.076172
0 0.981934 0.223633 0.036133 0.095703
0 0.359375 0.232910 0.103516 0.047852
0 0.062988 0.702148 0.090820 0.044922
0 0.565918 0.208496 0.043945 0.145508
0 0.833008 0.633301 0.121094 0.116211
0 0.669434 0.951660 0.096680 0.045898
0 0.100098 0.085449 0.124023 0.059570
0 0.336914 0.144531 0.095703 0.054688
0 0.338867 0.171387 0.111328 0.041992
0 0.476074 0.906738 0.100586 0.155273
0 0.907227 0.496094 0.080078 0.054688
0 0.253418 0.708496 0.086914 0.049805
0 0.208008 0.430176 0.119141 0.038086
0 0.627930 0.646973 0.158203 0.065430
0 0.760742 0.103516 0.066406 0.066406
0 0.636230 0.019043 0.088867 0.036133
0 0.458008 0.178223 0.074219 0.034180
0 0.732422 0.060059 0.142578 0.030273
0 0.032715 0.267090 0.065430 0.034180
0 0.134766 0.941406 0.111328 0.091797
0 0.197754 0.631348 0.090820 0.067383
0 0.203613 0.726562 0.135742 0.052734
0 0.357422 0.750000 0.128906 0.044922
0 0.910645 0.854980 0.170898 0.047852
0 0.940918 0.677734 0.043945 0.130859
0 0.192871 0.826660 0.077148 0.036133
0 0.019531 0.539551 0.039062 0.069336
0 0.102051 0.466797 0.075195 0.041016
0 0.843750 0.470703 0.050781 0.027344
0 0.382812 0.144043 0.070312 0.051758
0 0.031738 0.769043 0.057617 0.024414
0 0.354492 0.974121 0.132812 0.051758
0 0.481445 0.241699 0.054688 0.116211
0 0.573242 0.033203 0.050781 0.066406
0 0.188965 0.206055 0.090820 0.220703
0 0.906250 0.659180 0.039062 0.044922
0 0.891602 0.193359 0.109375 0.078125
0 0.132324 0.981934 0.071289 0.036133
0 0.026855 0.975586 0.053711 0.015625
0 0.059082 0.915527 0.069336 0.038086
0 0.379395 0.786133 0.053711 0.021484
0 0.214355 0.212891 0.063477 0.060547
0 0.151367 0.352051 0.173828 0.124023
0 0.746582 0.037109 0.102539 0.062500
0 0.132812 0.226562 0.074219 0.046875
0 0.150879 0.777832 0.051758 0.053711
0 0.141602 0.884766 0.066406 0.041016
