0 0.288086 0.302734 0.093750 0.058594
0 0.506348 0.262695 0.086914 0.072266
0 0.596680 0.195312 0.091797 0.074219
0 0.672852 0.147461 0.066406 0.085938
0 0.468262 0.105957 0.073242 0.055664
0 0.278320 0.183594 0.156250 0.052734
0 0.273438 0.066895 0.085938 0.055664
0 0.158203 0.108887 0.144531 0.069336
0 0.064453 0.290039 0.068359 0.117188
0 0.184570 0.379883 0.105469 0.095703
0 0.319336 0.497070 0.205078 0.119141
0 0.575195 0.660156 0.078125 0.087891
0 0.392578 0.701660 0.085938 0.110352
0 0.315430 0.681152 0.068359 0.069336
0 0.018555 0.309570 0.037109 0.044922
0 0.611816 0.781250 0.092773 0.070312
0 0.851562 0.826172 0.115234 0.115234
0 0.982910 0.935059 0.034180 0.077148
0 0.932617 0.953125 0.076172 0.070312
0 0.873535 0.971191 0.086914 0.057617
0 0.316895 0.844727 0.083008 0.062500
0 0.299805 0.926758 0.126953 0.080078
0 0.141602 0.771973 0.091797 0.065430
0 0.042969 0.796875 0.085938 0.056641
0 0.048340 0.874512 0.096680 0.069336
0 0.055664 0.947266 0.111328 0.048828
0 0.976562 0.512695 0.046875 0.119141
0 0.981445 0.116699 0.037109 0.051758
0 0.944336 0.027344 0.111328 0.054688
0 0.759766 0.368652 0.058594 0.059570
