0 0.666504 0.870117 0.170898 0.107422
0 0.533203 0.823730 0.156250 0.088867
0 0.465820 0.526367 0.103516 0.066406
0 0.546875 0.755371 0.160156 0.090820
0 0.645996 0.938477 0.084961 0.085938
0 0.515137 0.960449 0.235352 0.079102
0 0.149414 0.735352 0.210938 0.078125
0 0.438965 0.225586 0.135742 0.078125
0 0.848633 0.832031 0.101562 0.070312
0 0.348145 0.088867 0.139648 0.062500
0 0.226074 0.801758 0.192383 0.068359
0 0.062500 0.140625 0.125000 0.072266
0 0.449707 0.989746 0.202148 0.020508
0 0.521973 0.876953 0.131836 0.095703
0 0.709473 0.587402 0.149414 0.143555
0 0.878906 0.969727 0.171875 0.060547
0 0.505859 0.040527 0.142578 0.081055
0 0.134766 0.519043 0.185547 0.071289
0 0.183105 0.303711 0.215820 0.140625
0 0.850586 0.094238 0.103516 0.129883
0 0.654297 0.454102 0.142578 0.080078
0 0.758789 0.873535 0.150391 0.086914
0 0.199707 0.453613 0.229492 0.106445
0 0.476562 0.841309 0.076172 0.053711
0 0.404297 0.856934 0.167969 0.069336
0 0.418457 0.883789 0.100586 0.087891
0 0.421875 0.717285 0.207031 0.102539
0 0.347168 0.733887 0.166992 0.069336
0 0.522949 0.677734 0.180664 0.095703
0 0.841309 0.750488 0.081055 0.051758
0 0.035645 0.567871 0.071289 0.059570
0 0.158203 0.329590 0.216797 0.127930
0 0.672363 0.258789 0.057617 0.082031
0 0.670410 0.492188 0.112305 0.064453
