0 0.398438 0.677246 0.054688 0.073242
0 0.493164 0.335449 0.050781 0.083008
0 0.035645 0.445312 0.071289 0.091797
0 0.842285 0.477539 0.055664 0.099609
0 0.498047 0.075195 0.050781 0.083984
0 0.722168 0.218262 0.059570 0.100586
0 0.296875 0.826660 0.058594 0.073242
0 0.250977 0.553711 0.056641 0.099609
0 0.374512 0.249023 0.036133 0.091797
0 0.832520 0.526367 0.036133 0.074219
0 0.290039 0.287598 0.027344 0.092773
0 0.457031 0.258789 0.044922 0.070312
0 0.867676 0.932617 0.034180 0.074219
0 0.822266 0.149902 0.029297 0.094727
0 0.330566 0.145508 0.043945 0.085938
0 0.497070 0.830078 0.025391 0.101562
0 0.333496 0.560547 0.034180 0.105469
0 0.651270 0.266846 0.041211 0.086426
0 0.922363 0.727539 0.024414 0.066406
0 0.964844 0.240234 0.035156 0.111328
0 0.394531 0.119629 0.029297 0.084961
0 0.790527 0.241211 0.028320 0.087891
0 0.281250 0.453125 0.062500 0.058594
0 0.946289 0.169434 0.037109 0.088867
0 0.236328 0.089844 0.033203 0.087891
0 0.247070 0.653320 0.033203 0.083984
0 0.379883 0.803223 0.037109 0.073242
0 0.900391 0.335449 0.062500 0.071289
0 0.770508 0.258789 0.029297 0.091797
0 0.093262 0.629395 0.030273 0.073242
0 0.633789 0.923340 0.041016 0.083008
0 0.145508 0.167969 0.062500 0.062500
0 0.685547 0.048828 0.060547 0.048828
0 0.667480 0.752930 0.061523 0.042969
0 0.061523 0.827637 0.044922 0.077148
0 0.476074 0.991699 0.057617 0.016602
0 0.381348 0.503906 0.038086 0.068359
0 0.513672 0.928223 0.054688 0.059570
0 0.254395 0.018555 0.043945 0.033203
0 0.800293 0.398438 0.038086 0.058594
0 0.382324 0.543457 0.032227 0.069336
0 0.339355 0.499512 0.047852 0.038086
0 0.298340 0.017090 0.032227 0.034180
0 0.516113 0.563477 0.051758 0.050781
0 0.274902 0.609375 0.036133 0.070312
0 0.865723 0.691406 0.041992 0.078125
0 0.571777 0.902344 0.069336 0.064453
0 0.985352 0.047363 0.029297 0.059570
0 0.922852 0.042480 0.044922 0.059570
