0 0.574219 0.723145 0.056641 0.098633
0 0.386719 0.313965 0.070312 0.084961
0 0.412598 0.452148 0.065430 0.083984
0 0.108398 0.509277 0.070312 0.079102
0 0.039062 0.227539 0.076172 0.078125
0 0.541504 0.118164 0.069336 0.097656
0 0.465332 0.201660 0.043945 0.102539
0 0.461426 0.464844 0.081055 0.099609
0 0.664551 0.197754 0.047852 0.088867
0 0.750000 0.438477 0.044922 0.076172
0 0.752441 0.729492 0.079102 0.111328
0 0.526367 0.482422 0.074219 0.080078
0 0.512207 0.196289 0.045898 0.082031
0 0.544922 0.750000 0.052734 0.093750
0 0.246582 0.096191 0.098633 0.122070
0 0.365723 0.709961 0.079102 0.072266
0 0.079590 0.214355 0.045898 0.090820
0 0.443848 0.797852 0.057617 0.101562
0 0.155273 0.742676 0.072266 0.071289
0 0.298828 0.958984 0.060547 0.082031
0 0.424805 0.152832 0.048828 0.104492
0 0.902344 0.183105 0.064453 0.081055
0 0.585938 0.484863 0.058594 0.075195
0 0.068848 0.775391 0.083008 0.093750
0 0.946777 0.506836 0.030273 0.103516
0 0.761230 0.255371 0.043945 0.083008
0 0.881836 0.394531 0.056641 0.089844
0 0.735840 0.619141 0.065430 0.062500
0 0.614258 0.581543 0.058594 0.065430
0 0.266113 0.800293 0.075195 0.057617
0 0.850586 0.837402 0.083984 0.051758
0 0.135254 0.163086 0.069336 0.068359
0 0.850098 0.430664 0.041992 0.087891
0 0.500000 0.818359 0.078125 0.064453
0 0.096191 0.067383 0.038086 0.132812
0 0.955566 0.147949 0.026367 0.110352
0 0.264648 0.971680 0.042969 0.056641
0 0.245605 0.190918 0.041992 0.092773
0 0.361328 0.559570 0.054688 0.058594
0 0.801758 0.719238 0.050781 0.118164
0 0.419922 0.974609 0.058594 0.046875
0 0.480469 0.886230 0.076172 0.041992
0 0.666504 0.741211 0.047852 0.117188
0 0.979492 0.231934 0.031250 0.065430
0 0.144531 0.927734 0.072266 0.052734
0 0.756836 0.836914 0.027344 0.080078
0 0.458984 0.716309 0.076172 0.059570
0 0.979492 0.508301 0.037109 0.059570
0 0.212402 0.564941 0.049805 0.069336
0 0.732910 0.017090 0.041992 0.034180
0 0.015137 0.402344 0.030273 0.074219
0 0.032227 0.626953 0.064453 0.027344
0 0.658203 0.397461 0.046875 0.123047
0 0.310059 0.771973 0.071289 0.043945
0 0.354980 0.825684 0.057617 0.065430
0 0.121582 0.979980 0.045898 0.040039
0 0.010254 0.447266 0.020508 0.087891
0 0.628418 0.476562 0.036133 0.054688
0 0.664551 0.942871 0.053711 0.030273
0 0.164062 0.886719 0.107422 0.039062
0 0.624512 0.029297 0.032227 0.058594
0 0.183105 0.117188 0.059570 0.029297
0 0.671875 0.690430 0.062500 0.101562
0 0.027832 0.807129 0.055664 0.028320
0 0.055664 0.495605 0.062500 0.092773
0 0.244141 0.144531 0.076172 0.113281
0 0.026367 0.555664 0.052734 0.044922
0 0.061035 0.846191 0.120117 0.055664
0 0.584961 0.095215 0.023438 0.131836
0 0.686523 0.470215 0.072266 0.083008
0 0.716309 0.051270 0.043945 0.053711
0 0.051270 0.445801 0.030273 0.061523
0 0.661621 0.984863 0.036133 0.030273
0 0.524902 0.794434 0.077148 0.041992
0 0.198730 0.822754 0.051758 0.045898
0 0.202637 0.726074 0.081055 0.098633
0 0.025879 0.542969 0.051758 0.070312
0 0.157715 0.210449 0.036133 0.063477
0 0.011719 0.913086 0.023438 0.021484
0 0.599121 0.070312 0.034180 0.091797
0 0.899414 0.845703 0.031250 0.041016
