0 0.458008 0.420898 0.111328 0.132812
0 0.367188 0.232422 0.125000 0.095703
0 0.699707 0.020996 0.094727 0.041992
0 0.965820 0.327637 0.068359 0.086914
0 0.445312 0.320801 0.156250 0.098633
0 0.199219 0.341309 0.125000 0.133789
0 0.795410 0.811523 0.165039 0.080078
0 0.948242 0.415527 0.097656 0.106445
0 0.166992 0.776855 0.169922 0.120117
0 0.835449 0.402344 0.071289 0.089844
0 0.825684 0.018555 0.057617 0.037109
0 0.222168 0.541504 0.120117 0.094727
0 0.636719 0.843262 0.134766 0.118164
0 0.969727 0.821777 0.060547 0.098633
0 0.714844 0.519531 0.099609 0.085938
0 0.696289 0.280762 0.216797 0.141602
0 0.249512 0.460938 0.204102 0.117188
0 0.713867 0.917969 0.085938 0.132812
0 0.791504 0.525879 0.086914 0.127930
0 0.695801 0.632324 0.176758 0.110352
0 0.769531 0.679688 0.085938 0.134766
0 0.285156 0.061523 0.070312 0.078125
0 0.054199 0.473145 0.108398 0.317383
0 0.065430 0.548828 0.126953 0.074219
