0 0.346191 0.938477 0.077148 0.074219
0 0.325684 0.881836 0.100586 0.082031
0 0.395996 0.941406 0.059570 0.089844
0 0.208984 0.850586 0.083984 0.111328
0 0.584473 0.899414 0.120117 0.074219
0 0.662598 0.888184 0.040039 0.083008
0 0.615234 0.932129 0.052734 0.059570
0 0.812988 0.907715 0.131836 0.081055
0 0.031738 0.853516 0.063477 0.072266
0 0.041504 0.551270 0.059570 0.086914
0 0.176758 0.610840 0.113281 0.094727
0 0.220215 0.541504 0.077148 0.073242
0 0.270020 0.618164 0.088867 0.095703
0 0.295410 0.691406 0.071289 0.078125
0 0.359375 0.570312 0.068359 0.064453
0 0.257812 0.412598 0.076172 0.083008
0 0.186523 0.331055 0.105469 0.091797
0 0.547852 0.584473 0.123047 0.137695
0 0.630859 0.668457 0.103516 0.114258
0 0.739258 0.698730 0.074219 0.135742
0 0.792969 0.761230 0.062500 0.053711
0 0.853027 0.668457 0.098633 0.088867
0 0.907715 0.625000 0.077148 0.068359
0 0.786133 0.569824 0.082031 0.094727
0 0.744629 0.395996 0.079102 0.110352
0 0.610352 0.839844 0.083984 0.060547
0 0.044434 0.953613 0.079102 0.081055
0 0.378906 0.856934 0.087891 0.092773
0 0.833984 0.872070 0.132812 0.056641
0 0.313477 0.559082 0.050781 0.059570
0 0.035156 0.428711 0.044922 0.048828
