0 0.343262 0.184570 0.112305 0.115234
0 0.430176 0.300781 0.104492 0.101562
0 0.922852 0.342285 0.107422 0.120117
0 0.214355 0.602051 0.104492 0.084961
0 0.553223 0.298340 0.127930 0.112305
0 0.028320 0.432129 0.056641 0.075195
0 0.479492 0.827637 0.107422 0.067383
0 0.689941 0.073242 0.143555 0.128906
0 0.778320 0.395996 0.144531 0.174805
0 0.690430 0.861816 0.107422 0.094727
0 0.372070 0.634277 0.089844 0.065430
0 0.099609 0.517090 0.060547 0.069336
0 0.937012 0.134277 0.114258 0.129883
0 0.213379 0.189453 0.102539 0.125000
0 0.775879 0.132324 0.096680 0.131836
0 0.934570 0.502930 0.109375 0.097656
0 0.297852 0.422363 0.115234 0.120117
0 0.944336 0.614258 0.105469 0.115234
0 0.270996 0.539551 0.083008 0.069336
0 0.194824 0.674805 0.075195 0.054688
0 0.194336 0.924316 0.058594 0.079102
0 0.954590 0.215820 0.090820 0.097656
0 0.135742 0.954590 0.076172 0.090820
0 0.153320 0.333984 0.078125 0.126953
0 0.478027 0.037109 0.127930 0.070312
0 0.336914 0.034668 0.089844 0.065430
