0 0.035156 0.353516 0.041016 0.052734
0 0.047852 0.434082 0.041016 0.057617
0 0.131836 0.382324 0.066406 0.030273
0 0.087891 0.298340 0.070312 0.041992
0 0.095215 0.243164 0.051758 0.039062
0 0.031738 0.238281 0.038086 0.070312
0 0.271973 0.247559 0.059570 0.106445
0 0.273926 0.189453 0.040039 0.044922
0 0.320801 0.172852 0.040039 0.089844
0 0.391602 0.193848 0.044922 0.094727
0 0.337891 0.395020 0.099609 0.090820
0 0.240234 0.401855 0.035156 0.040039
0 0.383301 0.368164 0.038086 0.039062
0 0.474609 0.366699 0.080078 0.071289
0 0.499023 0.250488 0.054688 0.053711
0 0.601074 0.438477 0.032227 0.037109
0 0.623535 0.385742 0.067383 0.029297
0 0.667969 0.282715 0.119141 0.040039
0 0.552246 0.158203 0.043945 0.052734
0 0.641602 0.194824 0.115234 0.102539
0 0.663086 0.212891 0.048828 0.085938
0 0.826172 0.229004 0.068359 0.067383
0 0.865234 0.268555 0.054688 0.035156
0 0.868652 0.106934 0.073242 0.065430
0 0.878906 0.345703 0.066406 0.042969
0 0.958496 0.279785 0.083008 0.120117
0 0.883301 0.922852 0.041992 0.072266
0 0.733887 0.675781 0.032227 0.044922
0 0.675293 0.819824 0.043945 0.057617
0 0.646973 0.775879 0.071289 0.057617
0 0.666992 0.748535 0.066406 0.036133
0 0.520996 0.626953 0.053711 0.064453
0 0.603027 0.915039 0.055664 0.068359
0 0.499512 0.979980 0.065430 0.040039
0 0.477539 0.884766 0.050781 0.035156
0 0.431641 0.768066 0.054688 0.034180
0 0.340332 0.881348 0.045898 0.055664
0 0.354004 0.788574 0.051758 0.065430
0 0.384766 0.665039 0.058594 0.066406
0 0.345703 0.660156 0.062500 0.076172
0 0.286621 0.706543 0.045898 0.083008
0 0.215820 0.725586 0.041016 0.035156
0 0.186523 0.738281 0.037109 0.044922
0 0.208008 0.836426 0.072266 0.028320
0 0.159180 0.877930 0.048828 0.039062
0 0.123047 0.860352 0.052734 0.052734
0 0.282715 0.961914 0.053711 0.048828
0 0.291504 0.924805 0.036133 0.037109
0 0.059082 0.729004 0.024414 0.040039
0 0.056152 0.878418 0.053711 0.038086
