0 0.239258 0.938477 0.117188 0.066406
0 0.044922 0.572266 0.089844 0.105469
0 0.494629 0.687012 0.098633 0.059570
0 0.460449 0.958008 0.102539 0.074219
0 0.565918 0.156250 0.084961 0.060547
0 0.663574 0.231445 0.098633 0.072266
0 0.507324 0.251465 0.090820 0.049805
0 0.187500 0.142090 0.085938 0.061523
0 0.229004 0.645508 0.084961 0.060547
0 0.655273 0.030273 0.072266 0.060547
0 0.293457 0.162598 0.075195 0.059570
0 0.555664 0.369629 0.080078 0.049805
0 0.287109 0.092773 0.091797 0.085938
0 0.082031 0.034668 0.082031 0.067383
0 0.547363 0.432617 0.084961 0.042969
0 0.454590 0.042480 0.098633 0.043945
0 0.980469 0.224121 0.039062 0.057617
0 0.696777 0.352051 0.077148 0.065430
0 0.939453 0.733398 0.111328 0.068359
0 0.216309 0.335938 0.108398 0.062500
0 0.401855 0.421387 0.100586 0.061523
0 0.936523 0.957520 0.076172 0.073242
0 0.966797 0.014648 0.066406 0.029297
0 0.152832 0.957520 0.108398 0.051758
0 0.979980 0.349609 0.040039 0.060547
0 0.107422 0.684570 0.085938 0.066406
0 0.721680 0.776855 0.083984 0.038086
0 0.098633 0.919922 0.097656 0.046875
0 0.611816 0.688965 0.069336 0.047852
0 0.425781 0.710449 0.087891 0.081055
0 0.130371 0.483398 0.108398 0.062500
0 0.867676 0.389648 0.155273 0.078125
0 0.354980 0.815430 0.165039 0.046875
0 0.368164 0.339844 0.039062 0.085938
0 0.643555 0.939941 0.066406 0.077148
0 0.650879 0.452637 0.067383 0.036133
0 0.156738 0.081543 0.127930 0.036133
0 0.750977 0.240723 0.113281 0.135742
0 0.090820 0.371582 0.089844 0.040039
0 0.706055 0.072266 0.056641 0.056641
0 0.296875 0.622070 0.101562 0.062500
0 0.977539 0.388184 0.044922 0.045898
0 0.175781 0.697266 0.113281 0.068359
0 0.765137 0.320801 0.120117 0.063477
0 0.084766 0.246631 0.108984 0.032324
0 0.514160 0.862305 0.122070 0.044922
0 0.961914 0.831543 0.076172 0.045898
0 0.089355 0.411621 0.094727 0.034180
0 0.370117 0.728516 0.048828 0.042969
0 0.828125 0.026367 0.167969 0.052734
0 0.382324 0.635742 0.092773 0.050781
0 0.492188 0.355469 0.054688 0.031250
0 0.524902 0.773926 0.110352 0.032227
0 0.823242 0.757324 0.142578 0.059570
0 0.218262 0.857422 0.151367 0.033203
0 0.496094 0.013672 0.048828 0.025391
0 0.748047 0.672363 0.060547 0.020508
0 0.957031 0.289062 0.085938 0.054688
0 0.789062 0.235840 0.083984 0.047852
0 0.392578 0.656250 0.083984 0.048828
0 0.326172 0.768066 0.042969 0.028320
0 0.944824 0.540039 0.038086 0.046875
0 0.392578 0.042969 0.091797 0.082031
0 0.800781 0.727539 0.087891 0.042969
0 0.020996 0.157227 0.041992 0.041016
0 0.844727 0.673828 0.097656 0.066406
0 0.908691 0.660156 0.077148 0.031250
0 0.454102 0.020508 0.078125 0.041016
0 0.124512 0.331543 0.174805 0.086914
0 0.101562 0.449707 0.136719 0.051758
0 0.024902 0.781738 0.049805 0.034180
0 0.041504 0.808105 0.079102 0.020508
0 0.014648 0.424316 0.029297 0.038086
0 0.582520 0.488770 0.061523 0.041992
0 0.874512 0.719727 0.067383 0.076172
