0 0.828125 0.599609 0.142578 0.095703
0 0.340820 0.053711 0.117188 0.107422
0 0.044434 0.088379 0.065430 0.083008
0 0.760742 0.509277 0.091797 0.065430
0 0.366699 0.339844 0.084961 0.125000
0 0.119141 0.477051 0.160156 0.055664
0 0.714844 0.911133 0.054688 0.142578
0 0.039551 0.198242 0.079102 0.126953
0 0.120605 0.965820 0.127930 0.068359
0 0.472168 0.068359 0.129883 0.136719
0 0.282227 0.718262 0.259766 0.096680
0 0.113281 0.096191 0.078125 0.057617
0 0.242188 0.441895 0.150391 0.069336
0 0.892090 0.837402 0.161133 0.223633
0 0.231934 0.195801 0.180664 0.096680
0 0.812012 0.178711 0.059570 0.062500
0 0.355469 0.218262 0.062500 0.118164
0 0.686523 0.384277 0.134766 0.098633
0 0.706055 0.291992 0.162109 0.154297
0 0.495605 0.022461 0.086914 0.044922
0 0.594727 0.114258 0.070312 0.080078
0 0.783203 0.878418 0.078125 0.067383
0 0.402344 0.875488 0.089844 0.202148
0 0.651855 0.583496 0.129883 0.077148
0 0.653320 0.938477 0.072266 0.082031
0 0.118652 0.287109 0.112305 0.115234
0 0.702148 0.049805 0.105469 0.099609
0 0.166992 0.296875 0.095703 0.185547
0 0.530762 0.269531 0.073242 0.179688
0 0.219727 0.803223 0.099609 0.073242
0 0.159668 0.041992 0.075195 0.060547
0 0.711914 0.024414 0.173828 0.048828
0 0.123047 0.162109 0.062500 0.070312
0 0.312988 0.905762 0.067383 0.077148
0 0.504395 0.878418 0.084961 0.243164
0 0.143066 0.199707 0.092773 0.094727
0 0.600098 0.891113 0.114258 0.208008
0 0.562988 0.037109 0.077148 0.074219
0 0.963379 0.148438 0.073242 0.126953
0 0.150879 0.379395 0.237305 0.120117
0 0.602051 0.199219 0.059570 0.115234
0 0.658203 0.078125 0.117188 0.052734
0 0.820801 0.969727 0.102539 0.060547
0 0.396973 0.653320 0.075195 0.123047
0 0.022461 0.974609 0.044922 0.050781
0 0.564453 0.248047 0.070312 0.107422
0 0.630859 0.526855 0.072266 0.075195
0 0.487305 0.097168 0.089844 0.194336
0 0.332031 0.964844 0.064453 0.070312
0 0.974609 0.825684 0.046875 0.145508
0 0.956055 0.458008 0.062500 0.097656
0 0.753418 0.314453 0.083008 0.144531
0 0.083008 0.139160 0.072266 0.049805
0 0.190918 0.945801 0.211914 0.086914
0 0.161133 0.914551 0.072266 0.049805
0 0.709473 0.965820 0.049805 0.068359
0 0.662109 0.984863 0.050781 0.030273
0 0.512207 0.685059 0.049805 0.047852
0 0.460938 0.940918 0.052734 0.118164
0 0.281250 0.853027 0.062500 0.092773
0 0.922363 0.793945 0.100586 0.148438
0 0.795410 0.808594 0.057617 0.072266
0 0.843262 0.876953 0.166992 0.134766
0 0.169434 0.630859 0.059570 0.117188
0 0.235352 0.603027 0.062500 0.182617
0 0.294434 0.611816 0.094727 0.065430
0 0.268555 0.666016 0.052734 0.062500
0 0.359863 0.689453 0.094727 0.150391
0 0.658203 0.617188 0.162109 0.125000
0 0.965820 0.588379 0.068359 0.122070
0 0.379395 0.645996 0.049805 0.057617
0 0.403320 0.493652 0.117188 0.182617
0 0.545410 0.489258 0.137695 0.115234
0 0.483398 0.464355 0.142578 0.104492
0 0.504395 0.458008 0.069336 0.052734
0 0.957031 0.243164 0.085938 0.072266
