0 0.089355 0.815918 0.100586 0.059570
0 0.059082 0.191895 0.114258 0.083008
0 0.061523 0.905273 0.123047 0.066406
0 0.044922 0.753418 0.089844 0.043945
0 0.700684 0.868652 0.122070 0.065430
0 0.665039 0.579590 0.072266 0.061523
0 0.563965 0.272949 0.116211 0.059570
0 0.399414 0.109863 0.082031 0.086914
0 0.143066 0.582031 0.102539 0.056641
0 0.450195 0.384766 0.085938 0.044922
0 0.112793 0.434570 0.106445 0.078125
0 0.763184 0.860352 0.088867 0.068359
0 0.794922 0.044922 0.119141 0.042969
0 0.919922 0.564941 0.097656 0.081055
0 0.870117 0.020508 0.080078 0.041016
0 0.185059 0.304688 0.104492 0.039062
0 0.949219 0.456543 0.062500 0.061523
0 0.950195 0.515625 0.072266 0.052734
0 0.492676 0.271973 0.084961 0.043945
0 0.628418 0.114746 0.102539 0.094727
0 0.073242 0.295410 0.121094 0.034180
0 0.393555 0.425781 0.125000 0.056641
0 0.267578 0.660156 0.117188 0.052734
0 0.261719 0.276855 0.097656 0.041992
0 0.666016 0.477539 0.064453 0.082031
0 0.480469 0.487305 0.138672 0.074219
0 0.958496 0.980957 0.055664 0.038086
0 0.252930 0.956543 0.111328 0.047852
0 0.979004 0.267578 0.041992 0.037109
0 0.650391 0.019043 0.080078 0.038086
0 0.479980 0.317871 0.073242 0.032227
0 0.660156 0.737305 0.060547 0.031250
0 0.525391 0.811523 0.062500 0.037109
0 0.905273 0.198242 0.062500 0.058594
0 0.704590 0.635254 0.077148 0.024414
0 0.406250 0.527832 0.074219 0.036133
0 0.932129 0.881836 0.092773 0.052734
0 0.137695 0.364258 0.068359 0.027344
0 0.041992 0.571777 0.083984 0.053711
0 0.573730 0.653809 0.104492 0.057617
0 0.468750 0.575684 0.126953 0.045898
0 0.957031 0.298340 0.085938 0.067383
0 0.070801 0.966309 0.083008 0.030273
0 0.975586 0.797852 0.048828 0.021484
0 0.265625 0.522461 0.056641 0.044922
0 0.879883 0.255371 0.076172 0.053711
0 0.756348 0.730957 0.043945 0.041992
0 0.410645 0.483887 0.065430 0.040039
0 0.739746 0.538086 0.135742 0.058594
0 0.633301 0.614258 0.081055 0.015625
0 0.445801 0.713867 0.106445 0.041016
0 0.277832 0.330078 0.084961 0.033203
0 0.571289 0.912109 0.101562 0.048828
0 0.329590 0.542969 0.057617 0.033203
0 0.301758 0.190918 0.054688 0.057617
0 0.037598 0.841309 0.075195 0.032227
0 0.361328 0.597168 0.185547 0.047852
0 0.209961 0.120117 0.113281 0.113281
0 0.139160 0.038086 0.043945 0.058594
0 0.385059 0.307959 0.120312 0.057324
0 0.815430 0.572754 0.103516 0.043945
0 0.062988 0.705566 0.065430 0.047852
0 0.758301 0.582520 0.090820 0.051758
0 0.092773 0.661621 0.089844 0.047852
0 0.906738 0.925781 0.110352 0.046875
0 0.833496 0.900879 0.059570 0.041992
0 0.525879 0.924805 0.079102 0.041016
