0 0.055176 0.094238 0.092773 0.149414
0 0.407227 0.217773 0.064453 0.068359
0 0.014648 0.507324 0.029297 0.045898
0 0.193359 0.455078 0.148438 0.072266
0 0.026855 0.445312 0.053711 0.058594
0 0.954102 0.912109 0.091797 0.117188
0 0.528809 0.290527 0.036133 0.069336
0 0.623535 0.895508 0.110352 0.179688
0 0.383789 0.419434 0.119141 0.071289
0 0.811523 0.799805 0.281250 0.140625
0 0.907715 0.592285 0.184570 0.116211
0 0.602051 0.326172 0.047852 0.064453
0 0.031738 0.382324 0.057617 0.063477
0 0.385254 0.632324 0.133789 0.100586
0 0.937500 0.019043 0.097656 0.038086
0 0.654297 0.350098 0.044922 0.114258
0 0.716797 0.351562 0.144531 0.066406
0 0.877441 0.435059 0.166992 0.108398
0 0.473633 0.463867 0.058594 0.085938
0 0.179688 0.498047 0.167969 0.078125
0 0.198730 0.601562 0.090820 0.068359
0 0.155273 0.629395 0.126953 0.075195
0 0.092285 0.687500 0.077148 0.085938
0 0.123047 0.769043 0.132812 0.073242
0 0.033691 0.816895 0.067383 0.122070
0 0.086426 0.845703 0.053711 0.089844
