0 0.017090 0.224609 0.034180 0.072266
0 0.024902 0.157227 0.049805 0.076172
0 0.028809 0.079102 0.057617 0.091797
0 0.152832 0.126953 0.071289 0.062500
0 0.235840 0.298828 0.055664 0.080078
0 0.105469 0.277832 0.070312 0.059570
0 0.883789 0.910645 0.087891 0.088867
0 0.788574 0.846680 0.069336 0.062500
0 0.715820 0.868652 0.060547 0.081055
0 0.559082 0.844238 0.075195 0.053711
0 0.638184 0.840332 0.065430 0.049805
0 0.641113 0.772949 0.083008 0.071289
0 0.605469 0.708496 0.062500 0.053711
0 0.665527 0.710449 0.065430 0.061523
0 0.613281 0.603027 0.091797 0.071289
0 0.670898 0.548828 0.074219 0.083984
0 0.454102 0.598145 0.058594 0.081055
0 0.333984 0.783691 0.058594 0.053711
0 0.371582 0.843750 0.114258 0.087891
0 0.828613 0.536133 0.083008 0.082031
0 0.944824 0.283691 0.065430 0.071289
0 0.960938 0.156738 0.062500 0.092773
0 0.720215 0.169434 0.073242 0.067383
0 0.846191 0.026855 0.081055 0.053711
0 0.035645 0.981934 0.071289 0.036133
