0 0.880859 0.535156 0.056641 0.130859
0 0.441895 0.947754 0.073242 0.094727
0 0.916016 0.798828 0.099609 0.078125
0 0.721680 0.633301 0.062500 0.086914
0 0.558594 0.333008 0.058594 0.072266
0 0.677246 0.653320 0.077148 0.107422
0 0.924316 0.044922 0.038086 0.087891
0 0.456055 0.108398 0.046875 0.089844
0 0.431641 0.388184 0.085938 0.065430
0 0.771484 0.621582 0.052734 0.065430
0 0.306152 0.059082 0.104492 0.118164
0 0.584961 0.570801 0.050781 0.073242
0 0.060059 0.350098 0.073242 0.069336
0 0.750000 0.941895 0.095703 0.102539
0 0.180176 0.484863 0.081055 0.063477
0 0.496094 0.364258 0.089844 0.076172
0 0.079102 0.200684 0.087891 0.069336
0 0.898438 0.354980 0.033203 0.086914
0 0.981934 0.067871 0.036133 0.120117
0 0.518066 0.034180 0.045898 0.068359
0 0.418945 0.160156 0.068359 0.076172
0 0.835449 0.154297 0.055664 0.085938
0 0.178223 0.087402 0.071289 0.075195
0 0.833008 0.111328 0.042969 0.074219
0 0.958008 0.757812 0.050781 0.062500
0 0.584473 0.143555 0.073242 0.109375
0 0.747070 0.154785 0.046875 0.092773
0 0.661621 0.167969 0.067383 0.070312
0 0.064941 0.641602 0.069336 0.046875
0 0.849609 0.785156 0.062500 0.050781
0 0.199707 0.536133 0.053711 0.070312
0 0.806152 0.396484 0.053711 0.062500
0 0.650879 0.078613 0.067383 0.051758
0 0.022461 0.121582 0.044922 0.063477
0 0.607422 0.778320 0.039062 0.062500
0 0.400391 0.430176 0.060547 0.053711
0 0.030273 0.478516 0.058594 0.072266
0 0.525391 0.758789 0.056641 0.060547
0 0.526855 0.185547 0.071289 0.056641
0 0.234863 0.490234 0.059570 0.066406
0 0.942383 0.654785 0.056641 0.094727
0 0.179199 0.863281 0.073242 0.042969
0 0.061035 0.669434 0.047852 0.067383
0 0.336426 0.716797 0.049805 0.050781
0 0.677246 0.721191 0.118164 0.147461
0 0.221191 0.840332 0.065430 0.043945
0 0.799805 0.023926 0.046875 0.047852
0 0.750977 0.541504 0.035156 0.051758
0 0.657715 0.123047 0.049805 0.070312
0 0.405762 0.961426 0.090820 0.065430
0 0.855469 0.444824 0.031250 0.069336
0 0.375000 0.458984 0.060547 0.048828
0 0.111816 0.955566 0.047852 0.032227
0 0.207520 0.982422 0.040039 0.035156
0 0.035156 0.770996 0.070312 0.038086
0 0.263672 0.144043 0.074219 0.057617
0 0.758301 0.090820 0.081055 0.064453
0 0.025879 0.047852 0.051758 0.058594
0 0.514160 0.217285 0.047852 0.059570
0 0.341797 0.708008 0.044922 0.052734
0 0.023926 0.103516 0.047852 0.085938
0 0.215332 0.096191 0.053711 0.067383
0 0.732422 0.242188 0.041016 0.056641
0 0.291504 0.855957 0.038086 0.059570
0 0.573242 0.728516 0.058594 0.046875
0 0.502441 0.694824 0.038086 0.088867
0 0.800781 0.145020 0.056641 0.063477
0 0.790527 0.775879 0.047852 0.043945
0 0.208984 0.756836 0.080078 0.064453
0 0.070801 0.389160 0.067383 0.077148
0 0.758301 0.984375 0.041992 0.031250
0 0.410156 0.714844 0.066406 0.041016
0 0.250977 0.768555 0.087891 0.060547
0 0.784668 0.737793 0.047852 0.047852
0 0.725098 0.731934 0.036133 0.041992
0 0.479004 0.028809 0.036133 0.055664
0 0.031738 0.722656 0.063477 0.031250
0 0.410156 0.491211 0.064453 0.039062
0 0.378418 0.966309 0.045898 0.067383
0 0.414551 0.582031 0.047852 0.035156
0 0.072754 0.750000 0.090820 0.044922
0 0.636719 0.711426 0.048828 0.047852
0 0.615723 0.667480 0.040039 0.051758
0 0.355957 0.567383 0.049805 0.041016
