0 0.025879 0.140137 0.051758 0.043945
0 0.109375 0.044922 0.035156 0.060547
0 0.137207 0.163086 0.047852 0.052734
0 0.099121 0.166016 0.047852 0.046875
0 0.149902 0.875000 0.053711 0.060547
0 0.113770 0.845215 0.059570 0.032227
0 0.130859 0.736816 0.060547 0.030273
0 0.220215 0.716309 0.061523 0.041992
0 0.239258 0.758301 0.052734 0.057617
0 0.231445 0.784668 0.050781 0.040039
0 0.230469 0.668457 0.041016 0.041992
0 0.323242 0.724609 0.042969 0.039062
0 0.195801 0.556641 0.055664 0.056641
0 0.276367 0.611816 0.039062 0.049805
0 0.295410 0.551270 0.051758 0.043945
0 0.230469 0.100586 0.052734 0.039062
0 0.298828 0.025391 0.042969 0.044922
0 0.378906 0.036621 0.056641 0.051758
0 0.405762 0.200195 0.040039 0.035156
0 0.321777 0.216797 0.038086 0.054688
0 0.476562 0.267578 0.042969 0.039062
0 0.621094 0.187012 0.056641 0.055664
0 0.568359 0.117676 0.052734 0.059570
0 0.506348 0.078125 0.034180 0.046875
0 0.534180 0.041504 0.044922 0.073242
0 0.609863 0.047363 0.038086 0.084961
0 0.646484 0.041504 0.062500 0.061523
0 0.640137 0.038086 0.063477 0.041016
0 0.728516 0.193848 0.052734 0.065430
0 0.741699 0.247559 0.047852 0.047852
0 0.593750 0.310059 0.044922 0.036133
0 0.582520 0.555176 0.061523 0.092773
0 0.625977 0.596191 0.046875 0.075195
0 0.467285 0.543457 0.041992 0.051758
0 0.508789 0.614258 0.039062 0.031250
0 0.572754 0.723145 0.038086 0.034180
0 0.455078 0.780762 0.066406 0.032227
0 0.432617 0.809570 0.060547 0.052734
0 0.333984 0.884277 0.050781 0.045898
0 0.583496 0.822754 0.024414 0.036133
0 0.744141 0.673340 0.050781 0.053711
0 0.817383 0.152832 0.044922 0.045898
0 0.783691 0.228027 0.057617 0.063477
0 0.875000 0.235840 0.037109 0.034180
0 0.950684 0.099609 0.079102 0.035156
0 0.932129 0.153320 0.055664 0.050781
0 0.983887 0.164551 0.032227 0.059570
0 0.965820 0.203125 0.041016 0.046875
0 0.936035 0.763672 0.043945 0.035156
0 0.877930 0.607910 0.046875 0.063477
0 0.942383 0.657715 0.048828 0.047852
0 0.792480 0.844727 0.077148 0.037109
