0 0.519043 0.816406 0.059570 0.082031
0 0.543457 0.358398 0.092773 0.107422
0 0.557617 0.522949 0.085938 0.073242
0 0.742676 0.034180 0.094727 0.066406
0 0.103516 0.124023 0.085938 0.091797
0 0.895508 0.766113 0.101562 0.083008
0 0.927734 0.365723 0.080078 0.092773
0 0.504395 0.074219 0.065430 0.107422
0 0.712402 0.115234 0.108398 0.093750
0 0.236328 0.222168 0.070312 0.129883
0 0.056641 0.136719 0.076172 0.072266
0 0.763672 0.818359 0.113281 0.066406
0 0.284668 0.500000 0.092773 0.056641
0 0.198242 0.576660 0.121094 0.057617
0 0.500488 0.194824 0.069336 0.094727
0 0.310059 0.384277 0.096680 0.077148
0 0.869629 0.192383 0.084961 0.054688
0 0.157227 0.046875 0.113281 0.085938
0 0.984863 0.410156 0.030273 0.109375
0 0.727539 0.634277 0.085938 0.038086
0 0.719727 0.190918 0.115234 0.063477
0 0.673340 0.769531 0.071289 0.076172
0 0.871094 0.787109 0.095703 0.058594
0 0.725586 0.481934 0.105469 0.061523
0 0.867676 0.955566 0.045898 0.088867
0 0.771484 0.733887 0.056641 0.069336
0 0.438477 0.069336 0.070312 0.093750
0 0.634277 0.868652 0.071289 0.049805
0 0.706055 0.575684 0.156250 0.061523
0 0.494141 0.393066 0.115234 0.057617
0 0.413574 0.886719 0.084961 0.027344
0 0.932129 0.873535 0.028320 0.051758
0 0.229980 0.533203 0.122070 0.050781
0 0.450684 0.192383 0.094727 0.068359
0 0.962402 0.085938 0.075195 0.101562
0 0.779785 0.133789 0.069336 0.085938
0 0.172852 0.496094 0.085938 0.039062
0 0.422852 0.592773 0.099609 0.056641
0 0.236328 0.043457 0.097656 0.071289
0 0.838867 0.132812 0.062500 0.039062
0 0.080078 0.938477 0.109375 0.058594
0 0.171875 0.968262 0.113281 0.063477
0 0.599609 0.919922 0.087891 0.037109
0 0.508789 0.911133 0.048828 0.050781
0 0.519531 0.647461 0.072266 0.046875
0 0.591797 0.608887 0.134766 0.051758
0 0.408691 0.138184 0.125977 0.069336
0 0.439941 0.366699 0.129883 0.120117
