0 0.655762 0.692383 0.077148 0.089844
0 0.409668 0.944336 0.104492 0.089844
0 0.873047 0.409180 0.087891 0.080078
0 0.576172 0.681152 0.107422 0.067383
0 0.827148 0.321777 0.064453 0.075195
0 0.374512 0.827148 0.090820 0.125000
0 0.505859 0.623047 0.187500 0.082031
0 0.935547 0.233398 0.087891 0.126953
0 0.068359 0.428223 0.123047 0.096680
0 0.814453 0.185547 0.140625 0.152344
0 0.718262 0.102051 0.118164 0.165039
0 0.054688 0.526855 0.064453 0.084961
0 0.499512 0.312012 0.090820 0.190430
0 0.125977 0.120605 0.126953 0.102539
0 0.695801 0.423340 0.237305 0.102539
0 0.698242 0.845703 0.158203 0.132812
0 0.070801 0.768066 0.108398 0.083008
0 0.220703 0.489258 0.082031 0.134766
0 0.325684 0.091797 0.118164 0.179688
0 0.202148 0.176758 0.080078 0.125000
0 0.273438 0.364258 0.222656 0.160156
0 0.925781 0.824707 0.097656 0.110352
0 0.118652 0.867188 0.067383 0.089844
0 0.469238 0.797363 0.153320 0.155273
0 0.073242 0.690918 0.097656 0.083008
0 0.420410 0.071777 0.192383 0.139648
0 0.763184 0.787109 0.057617 0.064453
0 0.979980 0.784668 0.040039 0.069336
0 0.869629 0.725586 0.110352 0.097656
0 0.433594 0.486328 0.089844 0.097656
0 0.939453 0.088379 0.115234 0.122070
0 0.390625 0.289551 0.078125 0.079102
0 0.660645 0.174805 0.131836 0.169922
0 0.629395 0.543457 0.104492 0.077148
0 0.723145 0.580566 0.192383 0.067383
0 0.708008 0.785645 0.072266 0.092773
0 0.930664 0.687988 0.052734 0.067383
0 0.272949 0.537598 0.073242 0.135742
0 0.934570 0.508301 0.050781 0.051758
0 0.046875 0.812012 0.070312 0.100586
0 0.028320 0.239258 0.052734 0.195312
0 0.149902 0.215820 0.075195 0.107422
0 0.375488 0.459961 0.077148 0.125000
0 0.193359 0.860840 0.126953 0.067383
0 0.016602 0.953613 0.033203 0.067383
0 0.890625 0.783203 0.062500 0.078125
0 0.644531 0.622070 0.099609 0.050781
0 0.120605 0.562012 0.092773 0.069336
0 0.743652 0.046875 0.057617 0.089844
0 0.571289 0.019043 0.095703 0.038086
0 0.689453 0.359375 0.080078 0.109375
0 0.601074 0.188477 0.057617 0.087891
0 0.509277 0.885254 0.043945 0.041992
0 0.669434 0.765625 0.059570 0.046875
