0 0.263184 0.113281 0.127930 0.052734
0 0.074707 0.260742 0.110352 0.056641
0 0.815918 0.819824 0.172852 0.110352
0 0.084473 0.392578 0.120117 0.070312
0 0.031250 0.724609 0.062500 0.144531
0 0.495605 0.598145 0.147461 0.092773
0 0.143066 0.726562 0.067383 0.089844
0 0.394531 0.579590 0.125000 0.100586
0 0.163574 0.389648 0.077148 0.060547
0 0.458496 0.926758 0.176758 0.126953
0 0.255859 0.804688 0.152344 0.134766
0 0.253418 0.545898 0.127930 0.087891
0 0.826660 0.058594 0.084961 0.117188
0 0.667480 0.780762 0.092773 0.057617
0 0.222168 0.239746 0.184570 0.059570
0 0.411133 0.108398 0.142578 0.123047
0 0.027344 0.041016 0.054688 0.082031
0 0.717285 0.687012 0.120117 0.094727
0 0.429688 0.018555 0.150391 0.037109
0 0.775879 0.640625 0.112305 0.142578
0 0.157227 0.879883 0.072266 0.140625
0 0.238281 0.045898 0.144531 0.091797
0 0.826172 0.488281 0.107422 0.097656
0 0.808105 0.389648 0.086914 0.060547
0 0.763672 0.163086 0.232422 0.070312
0 0.915039 0.955566 0.169922 0.084961
0 0.298340 0.153320 0.083008 0.046875
0 0.944824 0.165039 0.110352 0.072266
0 0.853027 0.199219 0.092773 0.115234
0 0.295410 0.924316 0.102539 0.084961
0 0.327148 0.494629 0.275391 0.129883
0 0.943359 0.479492 0.113281 0.060547
0 0.889160 0.393066 0.129883 0.067383
0 0.865723 0.587402 0.092773 0.040039
0 0.920410 0.633301 0.147461 0.067383
0 0.068359 0.948730 0.107422 0.102539
0 0.374512 0.396973 0.385742 0.155273
0 0.905762 0.692871 0.083008 0.067383
0 0.068848 0.092773 0.067383 0.060547
0 0.318359 0.749512 0.162109 0.045898
0 0.060547 0.000977 0.062500 0.001953
0 0.952148 0.332031 0.089844 0.074219
0 0.809570 0.448242 0.109375 0.072266
0 0.100586 0.044922 0.072266 0.089844
0 0.947266 0.759277 0.099609 0.065430
0 0.972168 0.556152 0.055664 0.057617
0 0.218262 0.853027 0.086914 0.077148
0 0.339355 0.351074 0.100586 0.047852
0 0.810547 0.162109 0.132812 0.054688
0 0.729492 0.701660 0.105469 0.075195
0 0.861816 0.710938 0.065430 0.078125
0 0.972168 0.653320 0.055664 0.091797
0 0.764648 0.965820 0.109375 0.068359
0 0.911133 0.906738 0.177734 0.075195
0 0.972656 0.398438 0.054688 0.160156
0 0.286133 0.948242 0.062500 0.052734
0 0.268066 0.776855 0.077148 0.075195
0 0.254395 0.253418 0.145508 0.077148
0 0.424316 0.342285 0.129883 0.059570
0 0.522949 0.344727 0.092773 0.035156
0 0.288086 0.537109 0.082031 0.050781
0 0.269531 0.474609 0.125000 0.109375
0 0.440918 0.042969 0.131836 0.052734
