0 0.753418 0.394531 0.166992 0.085938
0 0.305664 0.764160 0.097656 0.129883
0 0.827148 0.640625 0.125000 0.082031
0 0.565918 0.410645 0.112305 0.127930
0 0.498047 0.170898 0.097656 0.078125
0 0.187012 0.248535 0.094727 0.077148
0 0.209961 0.723145 0.125000 0.092773
0 0.067383 0.385254 0.072266 0.077148
0 0.457031 0.304688 0.085938 0.070312
0 0.082031 0.144531 0.099609 0.099609
0 0.908203 0.270508 0.078125 0.087891
0 0.716797 0.252930 0.080078 0.062500
0 0.477051 0.824707 0.135742 0.120117
0 0.274414 0.077148 0.144531 0.154297
0 0.385742 0.280762 0.062500 0.077148
0 0.624512 0.648438 0.190430 0.187500
0 0.879395 0.842285 0.145508 0.165039
0 0.784668 0.127930 0.174805 0.107422
0 0.235352 0.954102 0.080078 0.091797
0 0.251953 0.416992 0.179688 0.185547
0 0.074219 0.875977 0.089844 0.152344
0 0.032227 0.736328 0.064453 0.072266
0 0.582031 0.770508 0.169922 0.152344
0 0.944336 0.690430 0.080078 0.107422
0 0.602051 0.878418 0.139648 0.067383
0 0.709473 0.939453 0.120117 0.070312
0 0.044922 0.219727 0.089844 0.134766
0 0.645996 0.504883 0.092773 0.089844
0 0.768555 0.043457 0.154297 0.084961
0 0.148438 0.860840 0.082031 0.131836
0 0.488281 0.964355 0.068359 0.065430
0 0.936035 0.559570 0.122070 0.099609
0 0.514648 0.915527 0.089844 0.067383
0 0.633301 0.958496 0.086914 0.083008
0 0.460938 0.224609 0.062500 0.050781
0 0.166016 0.354492 0.107422 0.070312
0 0.833008 0.960938 0.097656 0.078125
0 0.149902 0.804199 0.084961 0.075195
0 0.850586 0.729492 0.087891 0.089844
0 0.126953 0.058594 0.095703 0.117188
0 0.052246 0.942383 0.059570 0.080078
0 0.481934 0.725586 0.049805 0.052734
0 0.973633 0.144531 0.052734 0.115234
0 0.230957 0.834473 0.092773 0.094727
0 0.405762 0.968262 0.083008 0.063477
0 0.953125 0.909180 0.078125 0.134766
0 0.559570 0.967285 0.060547 0.065430
0 0.384766 0.771973 0.054688 0.075195
0 0.934570 0.552246 0.070312 0.145508
0 0.971191 0.441895 0.057617 0.069336
0 0.906250 0.323242 0.062500 0.046875
0 0.976074 0.050781 0.047852 0.072266
