0 0.045898 0.218750 0.080078 0.111328
0 0.185547 0.295898 0.160156 0.123047
0 0.387695 0.179688 0.119141 0.087891
0 0.474609 0.107910 0.103516 0.067383
0 0.237305 0.045410 0.189453 0.081055
0 0.167480 0.496582 0.067383 0.147461
0 0.298828 0.515137 0.097656 0.104492
0 0.471680 0.710938 0.113281 0.072266
0 0.412109 0.858398 0.089844 0.089844
0 0.019043 0.974609 0.038086 0.050781
0 0.982422 0.871582 0.035156 0.094727
0 0.848145 0.757324 0.079102 0.096680
0 0.632812 0.452148 0.148438 0.121094
0 0.803223 0.425293 0.092773 0.086914
0 0.960449 0.334961 0.079102 0.109375
0 0.802734 0.293457 0.101562 0.096680
0 0.478516 0.309082 0.097656 0.102539
0 0.901855 0.110840 0.067383 0.100586
0 0.942871 0.161621 0.059570 0.086914
0 0.847656 0.108887 0.058594 0.104492
0 0.869141 0.029297 0.099609 0.058594
0 0.680664 0.240723 0.101562 0.077148
0 0.871094 0.434570 0.095703 0.076172
0 0.984375 0.436523 0.031250 0.080078
0 0.108887 0.182617 0.049805 0.052734
