0 0.213867 0.067871 0.072266 0.067383
0 0.112793 0.118652 0.077148 0.063477
0 0.151855 0.177734 0.077148 0.070312
0 0.083496 0.305664 0.092773 0.097656
0 0.042480 0.412598 0.084961 0.104492
0 0.143555 0.451660 0.056641 0.055664
0 0.253418 0.435547 0.065430 0.060547
0 0.446289 0.372559 0.060547 0.063477
0 0.419434 0.427734 0.075195 0.060547
0 0.490723 0.502930 0.112305 0.062500
0 0.554199 0.451660 0.067383 0.059570
0 0.612793 0.412598 0.083008 0.090820
0 0.681152 0.419922 0.063477 0.068359
0 0.729004 0.422852 0.053711 0.066406
0 0.790039 0.396484 0.056641 0.066406
0 0.834961 0.419922 0.066406 0.070312
0 0.878418 0.415039 0.051758 0.060547
0 0.266113 0.584473 0.094727 0.061523
0 0.342285 0.562500 0.088867 0.062500
0 0.537598 0.641602 0.067383 0.066406
0 0.058594 0.822754 0.093750 0.086914
0 0.032227 0.886719 0.060547 0.060547
0 0.045898 0.969727 0.078125 0.060547
0 0.178711 0.956543 0.070312 0.071289
0 0.240234 0.803223 0.072266 0.081055
0 0.343750 0.761230 0.089844 0.092773
0 0.454590 0.859863 0.063477 0.073242
0 0.515137 0.859375 0.075195 0.070312
0 0.413086 0.869141 0.042969 0.064453
0 0.691895 0.763184 0.067383 0.063477
0 0.540527 0.940918 0.104492 0.084961
0 0.644531 0.946777 0.072266 0.065430
0 0.926758 0.982422 0.083984 0.035156
0 0.964355 0.791016 0.071289 0.076172
0 0.980469 0.605469 0.039062 0.078125
0 0.748535 0.584473 0.083008 0.067383
0 0.657227 0.604980 0.064453 0.057617
0 0.798828 0.521484 0.076172 0.070312
0 0.858398 0.527344 0.058594 0.068359
0 0.978516 0.526855 0.042969 0.063477
0 0.903809 0.201172 0.065430 0.054688
0 0.664062 0.171875 0.076172 0.058594
0 0.450195 0.166992 0.078125 0.062500
0 0.462402 0.100586 0.081055 0.070312
0 0.518555 0.070312 0.070312 0.076172
0 0.679199 0.107422 0.088867 0.064453
0 0.901855 0.079590 0.065430 0.063477
0 0.553711 0.033203 0.082031 0.066406
0 0.589355 0.016602 0.065430 0.033203
0 0.653809 0.016113 0.053711 0.032227
0 0.034180 0.306641 0.048828 0.050781
0 0.542969 0.993164 0.031250 0.013672
0 0.401855 0.984863 0.098633 0.028320
0 0.328125 0.986816 0.052734 0.026367
0 0.958008 0.108887 0.042969 0.047852
0 0.093262 0.445801 0.041992 0.067383
0 0.545898 0.857422 0.050781 0.046875
0 0.219727 0.586914 0.037109 0.056641
