0 0.074219 0.055176 0.148438 0.096680
0 0.806152 0.784180 0.247070 0.085938
0 0.849121 0.388672 0.133789 0.080078
0 0.960449 0.925781 0.079102 0.082031
0 0.425293 0.506836 0.147461 0.070312
0 0.158691 0.187500 0.137695 0.072266
0 0.518555 0.812988 0.236328 0.106445
0 0.143066 0.080566 0.118164 0.063477
0 0.754395 0.710938 0.278320 0.082031
0 0.093750 0.530762 0.187500 0.108398
0 0.386230 0.432129 0.155273 0.092773
0 0.129395 0.748535 0.196289 0.098633
0 0.904297 0.578125 0.191406 0.128906
0 0.308594 0.346680 0.109375 0.072266
0 0.938477 0.193359 0.123047 0.072266
0 0.503418 0.720215 0.272461 0.090820
0 0.690430 0.198730 0.216797 0.137695
0 0.490723 0.079590 0.133789 0.086914
0 0.842285 0.313965 0.120117 0.073242
0 0.145020 0.794922 0.268555 0.089844
0 0.045410 0.687012 0.090820 0.098633
0 0.861328 0.292969 0.103516 0.078125
0 0.969238 0.332520 0.061523 0.104492
0 0.240234 0.668945 0.111328 0.078125
0 0.239258 0.544434 0.130859 0.100586
0 0.105957 0.361328 0.211914 0.085938
0 0.169434 0.453613 0.149414 0.057617
0 0.148438 0.302246 0.103516 0.079102
0 0.039551 0.295410 0.079102 0.075195
0 0.053223 0.434082 0.104492 0.067383
0 0.052734 0.192871 0.105469 0.106445
0 0.109375 0.242188 0.087891 0.070312
0 0.070801 0.128418 0.141602 0.063477
0 0.399902 0.150391 0.098633 0.041016
0 0.847656 0.705078 0.166016 0.117188
