0 0.924805 0.788574 0.107422 0.100586
0 0.038574 0.389648 0.077148 0.089844
0 0.651855 0.977051 0.149414 0.043945
0 0.023438 0.287598 0.046875 0.086914
0 0.844727 0.509277 0.169922 0.129883
0 0.499023 0.635742 0.250000 0.150391
0 0.729492 0.697266 0.220703 0.099609
0 0.444824 0.841309 0.129883 0.092773
0 0.309570 0.838379 0.179688 0.137695
0 0.194824 0.181641 0.108398 0.082031
0 0.271973 0.305664 0.094727 0.107422
0 0.194824 0.517578 0.147461 0.136719
0 0.708008 0.136230 0.222656 0.233398
0 0.135742 0.474609 0.095703 0.126953
0 0.196777 0.841797 0.094727 0.105469
0 0.117188 0.039551 0.134766 0.075195
0 0.747070 0.209961 0.160156 0.062500
0 0.153809 0.281250 0.133789 0.138672
0 0.345703 0.030762 0.078125 0.057617
0 0.863281 0.070801 0.189453 0.135742
0 0.702637 0.062988 0.155273 0.122070
