0 0.153320 0.167480 0.080078 0.079102
0 0.206055 0.120117 0.076172 0.070312
0 0.224609 0.193848 0.074219 0.069336
0 0.298828 0.248535 0.103516 0.067383
0 0.436523 0.292969 0.080078 0.089844
0 0.223145 0.379395 0.077148 0.065430
0 0.285156 0.400879 0.083984 0.077148
0 0.293945 0.490234 0.085938 0.076172
0 0.405273 0.486328 0.085938 0.093750
0 0.133789 0.604980 0.095703 0.096680
0 0.028809 0.586426 0.057617 0.135742
0 0.281250 0.673828 0.085938 0.099609
0 0.568848 0.555664 0.088867 0.082031
0 0.502441 0.588867 0.075195 0.109375
0 0.560547 0.646973 0.089844 0.106445
0 0.416016 0.706055 0.066406 0.078125
0 0.331055 0.787109 0.080078 0.091797
0 0.200684 0.821289 0.067383 0.070312
0 0.035156 0.896973 0.068359 0.069336
0 0.946777 0.859375 0.063477 0.072266
0 0.712402 0.895020 0.067383 0.067383
0 0.898926 0.704102 0.116211 0.087891
0 0.529297 0.741211 0.068359 0.097656
0 0.740723 0.651855 0.077148 0.081055
0 0.773438 0.583984 0.074219 0.087891
0 0.846680 0.647461 0.078125 0.074219
0 0.777832 0.374023 0.081055 0.091797
0 0.901855 0.430664 0.061523 0.068359
0 0.938965 0.498047 0.063477 0.058594
0 0.851562 0.436523 0.068359 0.054688
0 0.940430 0.324707 0.082031 0.073242
0 0.650879 0.299316 0.092773 0.077148
0 0.661133 0.170410 0.076172 0.075195
0 0.723145 0.152832 0.071289 0.090820
0 0.654297 0.377930 0.080078 0.068359
0 0.365234 0.022461 0.085938 0.044922
0 0.944336 0.025879 0.074219 0.049805
0 0.949219 0.982910 0.076172 0.034180
0 0.026367 0.676270 0.052734 0.063477
0 0.475098 0.543457 0.079102 0.063477
0 0.602539 0.800781 0.064453 0.058594
0 0.274414 0.115234 0.035156 0.033203
0 0.215820 0.449219 0.044922 0.037109
0 0.645508 0.015137 0.062500 0.030273
0 0.631348 0.034180 0.081055 0.064453
0 0.584473 0.010254 0.030273 0.020508
0 0.741699 0.093750 0.065430 0.035156
0 0.730469 0.052246 0.048828 0.041992
0 0.814453 0.016602 0.039062 0.033203
0 0.990234 0.199219 0.019531 0.083984
0 0.592285 0.988770 0.059570 0.020508
0 0.534668 0.956055 0.040039 0.048828
0 0.773438 0.756348 0.046875 0.057617
0 0.346680 0.450684 0.068359 0.057617
0 0.021973 0.008789 0.043945 0.017578
