0 0.046387 0.810059 0.079102 0.086914
0 0.054199 0.736816 0.079102 0.102539
0 0.105957 0.700684 0.067383 0.079102
0 0.138184 0.735840 0.104492 0.073242
0 0.152344 0.802246 0.085938 0.090820
0 0.247559 0.862793 0.073242 0.073242
0 0.277832 0.779785 0.073242 0.071289
0 0.369141 0.809570 0.142578 0.134766
0 0.340820 0.856445 0.068359 0.074219
0 0.420898 0.792969 0.080078 0.085938
0 0.356934 0.912109 0.083008 0.056641
0 0.492676 0.889160 0.084961 0.104492
0 0.525879 0.780762 0.055664 0.092773
0 0.601074 0.699707 0.065430 0.061523
0 0.688965 0.690430 0.096680 0.058594
0 0.781250 0.688965 0.089844 0.071289
0 0.641602 0.819824 0.103516 0.114258
0 0.614746 0.903320 0.081055 0.087891
0 0.776367 0.842285 0.107422 0.077148
0 0.824707 0.769531 0.073242 0.044922
0 0.906250 0.878418 0.117188 0.088867
0 0.913574 0.747559 0.059570 0.065430
0 0.895996 0.948730 0.041992 0.047852
0 0.735352 0.437988 0.085938 0.114258
0 0.886230 0.469727 0.141602 0.089844
0 0.923340 0.416016 0.047852 0.044922
0 0.902344 0.255371 0.097656 0.116211
0 0.683594 0.160156 0.070312 0.140625
0 0.557617 0.258301 0.142578 0.182617
0 0.510254 0.266113 0.083008 0.102539
0 0.589844 0.335449 0.123047 0.083008
0 0.411133 0.370605 0.115234 0.149414
0 0.357422 0.397461 0.046875 0.058594
0 0.376465 0.481445 0.118164 0.121094
0 0.479492 0.485840 0.113281 0.104492
0 0.183105 0.457031 0.083008 0.080078
0 0.104980 0.409668 0.073242 0.065430
0 0.136230 0.369629 0.041992 0.059570
0 0.229004 0.380371 0.090820 0.045898
0 0.236328 0.326660 0.091797 0.057617
0 0.123535 0.307129 0.067383 0.077148
0 0.041016 0.308105 0.070312 0.055664
0 0.023926 0.361816 0.047852 0.051758
0 0.264160 0.179199 0.079102 0.071289
0 0.283691 0.245605 0.067383 0.061523
0 0.413086 0.196777 0.070312 0.067383
0 0.314941 0.667480 0.049805 0.063477
0 0.199707 0.198730 0.041992 0.043945
0 0.971191 0.802734 0.057617 0.060547
0 0.037598 0.864746 0.075195 0.104492
0 0.533203 0.703125 0.029297 0.039062
0 0.492188 0.782227 0.048828 0.074219
0 0.500488 0.396973 0.137695 0.069336
