0 0.808105 0.465820 0.202148 0.113281
0 0.735840 0.274902 0.147461 0.075195
0 0.559570 0.650879 0.109375 0.092773
0 0.114258 0.603027 0.164062 0.200195
0 0.629395 0.069824 0.110352 0.094727
0 0.938477 0.788086 0.123047 0.126953
0 0.488281 0.256836 0.126953 0.064453
0 0.044922 0.321777 0.089844 0.110352
0 0.076172 0.920898 0.107422 0.158203
0 0.383301 0.728516 0.141602 0.162109
0 0.036133 0.049805 0.072266 0.099609
0 0.534668 0.120605 0.155273 0.092773
0 0.400391 0.475586 0.152344 0.132812
0 0.602051 0.783203 0.110352 0.142578
0 0.016113 0.519531 0.032227 0.125000
0 0.712402 0.036133 0.120117 0.072266
0 0.764648 0.156250 0.160156 0.062500
0 0.166992 0.387207 0.109375 0.120117
0 0.022949 0.902344 0.045898 0.195312
0 0.057129 0.730469 0.075195 0.132812
0 0.067383 0.673340 0.134766 0.127930
0 0.500977 0.195801 0.107422 0.067383
0 0.764648 0.097168 0.154297 0.084961
0 0.430664 0.860840 0.132812 0.077148
0 0.421875 0.574707 0.105469 0.225586
0 0.093262 0.383301 0.108398 0.083008
0 0.049805 0.118164 0.099609 0.117188
0 0.538086 0.792969 0.152344 0.136719
0 0.484863 0.846680 0.135742 0.169922
0 0.568359 0.880371 0.076172 0.090820
0 0.557129 0.958496 0.120117 0.083008
0 0.936035 0.890625 0.127930 0.126953
0 0.889648 0.954590 0.115234 0.090820
0 0.953613 0.589844 0.092773 0.091797
0 0.571777 0.183594 0.139648 0.072266
