0 0.603516 0.045898 0.042969 0.058594
0 0.753418 0.075195 0.118164 0.058594
0 0.895996 0.068848 0.108398 0.051758
0 0.965820 0.018066 0.068359 0.036133
0 0.136230 0.030762 0.090820 0.053711
0 0.159180 0.117188 0.074219 0.107422
0 0.031250 0.017090 0.062500 0.034180
0 0.476562 0.166016 0.072266 0.046875
0 0.623535 0.140625 0.057617 0.054688
0 0.708984 0.186523 0.042969 0.035156
0 0.660156 0.328125 0.064453 0.093750
0 0.695801 0.321777 0.051758 0.098633
0 0.847656 0.239746 0.068359 0.057617
0 0.880859 0.305664 0.078125 0.044922
0 0.873047 0.387207 0.054688 0.047852
0 0.967773 0.451660 0.060547 0.098633
0 0.884766 0.523926 0.068359 0.100586
0 0.820801 0.481934 0.055664 0.073242
0 0.878906 0.753906 0.056641 0.130859
0 0.807129 0.800293 0.057617 0.104492
0 0.709961 0.789551 0.062500 0.059570
0 0.279297 0.693848 0.111328 0.045898
0 0.206055 0.808594 0.062500 0.087891
0 0.195312 0.915527 0.101562 0.088867
0 0.066895 0.899414 0.120117 0.042969
0 0.105469 0.756836 0.089844 0.091797
0 0.319336 0.572266 0.113281 0.072266
0 0.435059 0.585938 0.065430 0.072266
0 0.665527 0.541992 0.065430 0.078125
0 0.512695 0.547852 0.062500 0.076172
0 0.084473 0.583984 0.071289 0.054688
0 0.107910 0.630371 0.059570 0.045898
0 0.219727 0.604980 0.076172 0.059570
0 0.032227 0.566895 0.064453 0.053711
0 0.231934 0.473633 0.075195 0.062500
0 0.212891 0.394531 0.078125 0.064453
0 0.363770 0.399414 0.067383 0.068359
0 0.547363 0.322266 0.075195 0.064453
0 0.473633 0.382324 0.056641 0.073242
0 0.401367 0.345703 0.052734 0.041016
0 0.652832 0.454590 0.104492 0.100586
0 0.727051 0.451660 0.065430 0.051758
0 0.331543 0.489258 0.059570 0.068359
0 0.434082 0.469727 0.104492 0.054688
0 0.526855 0.456543 0.071289 0.063477
0 0.050293 0.192871 0.100586 0.067383
0 0.395020 0.178223 0.081055 0.061523
0 0.419922 0.226562 0.058594 0.060547
0 0.505371 0.235840 0.055664 0.057617
0 0.354980 0.256348 0.079102 0.053711
0 0.288574 0.347168 0.063477 0.077148
0 0.227051 0.254395 0.084961 0.059570
0 0.102539 0.263184 0.066406 0.051758
0 0.124512 0.380859 0.069336 0.085938
0 0.050781 0.426270 0.101562 0.096680
0 0.033203 0.364746 0.066406 0.067383
0 0.026855 0.281738 0.053711 0.086914
0 0.817871 0.974609 0.034180 0.050781
0 0.945801 0.357422 0.069336 0.042969
