0 0.610840 0.050781 0.096680 0.091797
0 0.974609 0.881836 0.050781 0.105469
0 0.226074 0.970215 0.069336 0.059570
0 0.347656 0.493164 0.130859 0.054688
0 0.078613 0.878906 0.086914 0.082031
0 0.849609 0.044922 0.070312 0.087891
0 0.201172 0.236816 0.087891 0.055664
0 0.593750 0.561035 0.076172 0.073242
0 0.918457 0.372559 0.065430 0.073242
0 0.666992 0.336426 0.128906 0.057617
0 0.678711 0.684082 0.046875 0.092773
0 0.906250 0.121582 0.078125 0.059570
0 0.602051 0.539551 0.051758 0.094727
0 0.277832 0.138184 0.096680 0.102539
0 0.333496 0.219238 0.094727 0.055664
0 0.242188 0.311523 0.103516 0.052734
0 0.670410 0.811035 0.055664 0.079102
0 0.497559 0.191895 0.028320 0.090820
0 0.556152 0.219238 0.075195 0.055664
0 0.064453 0.799316 0.058594 0.055664
0 0.018555 0.238281 0.037109 0.056641
0 0.696777 0.202148 0.118164 0.087891
0 0.180176 0.129395 0.088867 0.086914
0 0.889160 0.636719 0.073242 0.042969
0 0.723145 0.437012 0.053711 0.077148
0 0.561523 0.972656 0.052734 0.054688
0 0.799316 0.724121 0.075195 0.041992
0 0.539062 0.584473 0.062500 0.061523
0 0.961914 0.529297 0.076172 0.033203
0 0.706055 0.581543 0.042969 0.063477
0 0.474609 0.377930 0.074219 0.046875
0 0.059082 0.201172 0.088867 0.066406
0 0.668457 0.145996 0.108398 0.084961
0 0.884277 0.926270 0.071289 0.026367
0 0.416992 0.854004 0.072266 0.034180
0 0.660156 0.985840 0.070312 0.028320
0 0.399902 0.782227 0.081055 0.039062
0 0.821777 0.979980 0.051758 0.040039
0 0.440430 0.922852 0.025391 0.064453
0 0.051270 0.598145 0.075195 0.049805
0 0.347168 0.113770 0.047852 0.036133
0 0.956055 0.024414 0.046875 0.048828
0 0.482422 0.971191 0.042969 0.051758
0 0.052734 0.146484 0.066406 0.033203
0 0.050293 0.290527 0.055664 0.061523
0 0.361328 0.295898 0.093750 0.046875
0 0.853027 0.977051 0.047852 0.032227
0 0.214355 0.114258 0.069336 0.072266
0 0.760254 0.975586 0.057617 0.035156
0 0.955566 0.309082 0.079102 0.043945
0 0.236328 0.834961 0.068359 0.035156
0 0.530273 0.288574 0.101562 0.028320
0 0.231445 0.755371 0.080078 0.026367
0 0.431641 0.719238 0.189453 0.057617
0 0.047852 0.897461 0.046875 0.068359
0 0.796875 0.939453 0.078125 0.035156
0 0.264648 0.727539 0.089844 0.048828
0 0.975586 0.717773 0.048828 0.046875
0 0.891602 0.280273 0.068359 0.042969
0 0.127930 0.114258 0.062500 0.042969
0 0.320312 0.687500 0.062500 0.029297
0 0.225586 0.913086 0.068359 0.064453
0 0.396484 0.931641 0.058594 0.035156
0 0.006348 0.051758 0.012695 0.013672
0 0.885254 0.420410 0.030273 0.069336
0 0.531738 0.741699 0.063477 0.047852
0 0.643066 0.307617 0.092773 0.060547
0 0.439453 0.622559 0.109375 0.041992
0 0.431152 0.660156 0.047852 0.046875
