0 0.575684 0.105957 0.084961 0.073242
0 0.680664 0.575684 0.132812 0.083008
0 0.392578 0.598145 0.070312 0.077148
0 0.484863 0.790527 0.120117 0.127930
0 0.460938 0.419922 0.089844 0.060547
0 0.494629 0.087402 0.075195 0.069336
0 0.808105 0.870605 0.139648 0.081055
0 0.459473 0.520508 0.114258 0.087891
0 0.526855 0.355469 0.155273 0.097656
0 0.269531 0.605469 0.095703 0.072266
0 0.499512 0.863281 0.110352 0.078125
0 0.952637 0.256836 0.094727 0.087891
0 0.650879 0.670898 0.118164 0.078125
0 0.440918 0.966797 0.053711 0.044922
0 0.683105 0.058594 0.157227 0.103516
0 0.256348 0.145996 0.092773 0.071289
0 0.925293 0.871094 0.131836 0.082031
0 0.332520 0.831543 0.096680 0.061523
0 0.977051 0.108398 0.045898 0.072266
0 0.944824 0.025879 0.110352 0.047852
0 0.971191 0.481934 0.057617 0.084961
