0 0.051270 0.025879 0.102539 0.051758
0 0.172852 0.069336 0.056641 0.064453
0 0.787109 0.031250 0.154297 0.062500
0 0.762207 0.062500 0.131836 0.062500
0 0.941406 0.021973 0.103516 0.043945
0 0.028320 0.509766 0.056641 0.068359
0 0.044922 0.476562 0.089844 0.089844
0 0.116211 0.469727 0.060547 0.058594
0 0.034180 0.825195 0.068359 0.062500
0 0.068848 0.739258 0.102539 0.076172
0 0.038574 0.898926 0.061523 0.071289
0 0.259766 0.963867 0.080078 0.062500
0 0.126465 0.845215 0.057617 0.047852
0 0.187988 0.866699 0.055664 0.045898
0 0.261719 0.888184 0.054688 0.045898
0 0.400879 0.937988 0.096680 0.079102
0 0.232422 0.810547 0.058594 0.066406
0 0.287109 0.782227 0.072266 0.062500
0 0.324707 0.833496 0.065430 0.047852
0 0.430664 0.805176 0.085938 0.065430
0 0.563965 0.843750 0.098633 0.062500
0 0.499512 0.966797 0.088867 0.060547
0 0.636230 0.972168 0.083008 0.055664
0 0.807617 0.973633 0.070312 0.052734
0 0.756836 0.877930 0.078125 0.054688
0 0.925293 0.890625 0.135742 0.066406
0 0.769531 0.758789 0.191406 0.132812
0 0.537598 0.651855 0.077148 0.061523
0 0.448242 0.597168 0.095703 0.061523
0 0.367188 0.647461 0.076172 0.068359
0 0.464844 0.732910 0.054688 0.075195
0 0.839355 0.627441 0.137695 0.071289
0 0.968262 0.733398 0.063477 0.144531
0 0.810059 0.557617 0.071289 0.052734
0 0.606445 0.561035 0.142578 0.049805
0 0.399414 0.350098 0.134766 0.086914
0 0.446289 0.274414 0.121094 0.083984
0 0.501465 0.467285 0.098633 0.043945
0 0.669922 0.300293 0.150391 0.069336
0 0.799316 0.280762 0.129883 0.116211
0 0.928711 0.331543 0.142578 0.071289
0 0.753418 0.360840 0.127930 0.073242
0 0.808594 0.410645 0.091797 0.045898
0 0.876953 0.150879 0.107422 0.077148
0 0.540527 0.529785 0.083008 0.036133
0 0.865723 0.457031 0.083008 0.046875
0 0.608398 0.871582 0.085938 0.043945
0 0.585449 0.934082 0.075195 0.041992
0 0.513184 0.433594 0.065430 0.056641
0 0.485352 0.395508 0.058594 0.064453
0 0.523438 0.352051 0.099609 0.075195
0 0.274414 0.839355 0.042969 0.047852
0 0.138672 0.914062 0.041016 0.046875
0 0.162598 0.942383 0.055664 0.050781
0 0.967773 0.408203 0.064453 0.044922
0 0.643555 0.374023 0.095703 0.060547
