0 0.181641 0.964355 0.089844 0.065430
0 0.258301 0.976074 0.077148 0.047852
0 0.271484 0.911621 0.113281 0.104492
0 0.258789 0.829102 0.105469 0.078125
0 0.356934 0.782715 0.118164 0.081055
0 0.095215 0.801758 0.190430 0.218750
0 0.017578 0.648438 0.035156 0.130859
0 0.041016 0.589844 0.078125 0.107422
0 0.212891 0.553711 0.103516 0.070312
0 0.035645 0.168457 0.063477 0.141602
0 0.181641 0.239746 0.066406 0.065430
0 0.450195 0.041992 0.054688 0.060547
0 0.390625 0.067871 0.074219 0.081055
0 0.373047 0.141602 0.072266 0.074219
0 0.574219 0.139648 0.093750 0.097656
0 0.524414 0.264160 0.066406 0.083008
0 0.604004 0.249023 0.073242 0.125000
0 0.249023 0.267578 0.068359 0.054688
0 0.212402 0.357422 0.069336 0.162109
0 0.298340 0.377441 0.106445 0.118164
0 0.436523 0.727051 0.076172 0.139648
0 0.491211 0.664062 0.068359 0.072266
0 0.687988 0.620605 0.063477 0.083008
0 0.775391 0.481934 0.080078 0.061523
0 0.784180 0.585449 0.085938 0.127930
0 0.886230 0.528320 0.104492 0.072266
0 0.808105 0.747070 0.071289 0.080078
0 0.909668 0.744141 0.098633 0.105469
0 0.973145 0.651367 0.053711 0.078125
0 0.875000 0.940918 0.105469 0.112305
0 0.506348 0.954590 0.063477 0.067383
0 0.472656 0.974609 0.083984 0.050781
0 0.588867 0.906738 0.078125 0.073242
0 0.644531 0.906738 0.070312 0.061523
0 0.676758 0.976074 0.072266 0.047852
0 0.607422 0.970215 0.085938 0.059570
0 0.810547 0.170410 0.078125 0.094727
0 0.859375 0.198242 0.062500 0.074219
0 0.799316 0.987305 0.081055 0.025391
0 0.245605 0.899902 0.079102 0.083008
0 0.977539 0.448242 0.044922 0.046875
0 0.125977 0.973633 0.064453 0.052734
0 0.095215 0.018555 0.036133 0.033203
0 0.012207 0.029785 0.024414 0.059570
0 0.584473 0.276367 0.065430 0.085938
