0 0.243652 0.649414 0.086914 0.080078
0 0.137207 0.558594 0.083008 0.066406
0 0.453125 0.798340 0.087891 0.083008
0 0.739258 0.955566 0.080078 0.083008
0 0.554688 0.353516 0.060547 0.083984
0 0.330566 0.913574 0.067383 0.067383
0 0.230469 0.953613 0.117188 0.092773
0 0.838379 0.618164 0.077148 0.087891
0 0.069824 0.759277 0.094727 0.059570
0 0.505859 0.914551 0.087891 0.065430
0 0.874512 0.792969 0.069336 0.117188
0 0.458984 0.439941 0.070312 0.059570
0 0.254395 0.178223 0.075195 0.067383
0 0.333008 0.604980 0.060547 0.073242
0 0.296875 0.367188 0.060547 0.056641
0 0.527344 0.609375 0.115234 0.089844
0 0.132812 0.126953 0.066406 0.095703
0 0.808594 0.717285 0.097656 0.110352
0 0.821777 0.291016 0.065430 0.132812
0 0.952637 0.748047 0.061523 0.078125
0 0.714844 0.891113 0.070312 0.067383
0 0.134277 0.275879 0.094727 0.102539
0 0.958496 0.880859 0.083008 0.062500
0 0.443848 0.100586 0.084961 0.142578
0 0.518555 0.046875 0.052734 0.089844
0 0.735840 0.044434 0.047852 0.075195
0 0.812012 0.184570 0.069336 0.160156
0 0.877930 0.148438 0.072266 0.126953
0 0.876465 0.234863 0.069336 0.090820
0 0.807129 0.523438 0.084961 0.107422
0 0.700684 0.562012 0.057617 0.090820
0 0.496582 0.665039 0.077148 0.082031
0 0.181641 0.889160 0.078125 0.071289
0 0.546387 0.298828 0.059570 0.111328
0 0.506836 0.270020 0.050781 0.139648
