0 0.966797 0.211914 0.052734 0.083984
0 0.319336 0.088379 0.066406 0.081055
0 0.721680 0.212891 0.041016 0.093750
0 0.098633 0.862305 0.099609 0.101562
0 0.455078 0.918945 0.062500 0.060547
0 0.030762 0.141602 0.061523 0.083984
0 0.289551 0.810547 0.057617 0.062500
0 0.361328 0.032227 0.025391 0.064453
0 0.864746 0.093262 0.034180 0.098633
0 0.259766 0.149414 0.058594 0.105469
0 0.073242 0.380371 0.115234 0.081055
0 0.211914 0.188477 0.031250 0.101562
0 0.445312 0.780273 0.076172 0.048828
0 0.069336 0.614258 0.062500 0.107422
0 0.010742 0.587402 0.021484 0.067383
0 0.841797 0.214844 0.074219 0.107422
0 0.181152 0.336914 0.061523 0.056641
0 0.413086 0.186523 0.058594 0.066406
0 0.832520 0.857422 0.083008 0.072266
0 0.019531 0.771484 0.029297 0.050781
0 0.966309 0.861816 0.032227 0.075195
0 0.798340 0.875977 0.047852 0.111328
0 0.527344 0.404785 0.052734 0.067383
0 0.028320 0.022949 0.041016 0.045898
0 0.191406 0.982422 0.074219 0.035156
0 0.192871 0.013672 0.059570 0.027344
0 0.991211 0.076660 0.017578 0.057617
0 0.433594 0.165039 0.039062 0.095703
0 0.593262 0.938965 0.108398 0.077148
0 0.844727 0.359863 0.064453 0.102539
0 0.804199 0.430176 0.040039 0.079102
0 0.900391 0.638672 0.056641 0.080078
0 0.509277 0.764648 0.059570 0.054688
0 0.062500 0.314941 0.025391 0.073242
0 0.389648 0.505859 0.041016 0.076172
0 0.475586 0.464844 0.044922 0.031250
0 0.986816 0.856934 0.026367 0.075195
0 0.280762 0.318359 0.110352 0.054688
0 0.488770 0.346680 0.047852 0.083984
0 0.015625 0.197266 0.031250 0.068359
0 0.514160 0.844238 0.055664 0.036133
0 0.831055 0.783203 0.050781 0.066406
0 0.505859 0.857422 0.050781 0.031250
0 0.187500 0.827148 0.085938 0.087891
0 0.519043 0.981445 0.063477 0.037109
0 0.862793 0.741211 0.059570 0.072266
0 0.550781 0.746582 0.027344 0.088867
0 0.903320 0.716797 0.050781 0.066406
0 0.889648 0.258789 0.041016 0.078125
0 0.145996 0.733398 0.053711 0.056641
0 0.474121 0.297363 0.053711 0.059570
0 0.019531 0.025391 0.037109 0.048828
0 0.617188 0.113281 0.078125 0.042969
0 0.688477 0.902832 0.074219 0.049805
0 0.457031 0.176758 0.031250 0.085938
0 0.108887 0.985840 0.041992 0.028320
0 0.666504 0.607910 0.081055 0.049805
0 0.459473 0.906738 0.061523 0.049805
0 0.752441 0.024414 0.043945 0.046875
0 0.640625 0.989746 0.035156 0.020508
0 0.173828 0.942871 0.046875 0.065430
0 0.835449 0.923340 0.061523 0.090820
0 0.781250 0.381348 0.062500 0.057617
0 0.646973 0.564941 0.077148 0.110352
0 0.908203 0.581543 0.044922 0.045898
0 0.216309 0.933594 0.110352 0.115234
0 0.701660 0.027832 0.084961 0.055664
0 0.332520 0.955078 0.051758 0.041016
0 0.687500 0.067871 0.064453 0.055664
0 0.585938 0.347656 0.042969 0.056641
0 0.747070 0.789062 0.023438 0.078125
0 0.388672 0.275391 0.107422 0.074219
0 0.822266 0.680176 0.058594 0.049805
0 0.034668 0.878418 0.028320 0.073242
0 0.027832 0.315430 0.043945 0.031250
0 0.258838 0.438525 0.056738 0.048926
0 0.614746 0.694336 0.069336 0.046875
0 0.286621 0.577148 0.057617 0.054688
0 0.166016 0.700195 0.076172 0.056641
0 0.087402 0.717773 0.059570 0.054688
0 0.606445 0.614258 0.095703 0.060547
0 0.202148 0.810547 0.080078 0.109375
0 0.404297 0.007812 0.101562 0.015625
0 0.490234 0.155762 0.056641 0.061523
