0 0.866699 0.027344 0.106445 0.054688
0 0.972656 0.411621 0.054688 0.069336
0 0.895508 0.421875 0.060547 0.126953
0 0.954590 0.647461 0.090820 0.091797
0 0.762207 0.373535 0.104492 0.063477
0 0.726074 0.455078 0.067383 0.083984
0 0.700684 0.540527 0.065430 0.120117
0 0.762695 0.557129 0.052734 0.127930
0 0.837402 0.663086 0.063477 0.064453
0 0.610840 0.513184 0.059570 0.131836
0 0.544434 0.397461 0.106445 0.060547
0 0.501953 0.338867 0.058594 0.082031
0 0.544922 0.131836 0.082031 0.046875
0 0.614746 0.044922 0.157227 0.054688
0 0.696777 0.218750 0.102539 0.205078
0 0.329102 0.508789 0.070312 0.085938
0 0.460449 0.542969 0.120117 0.080078
0 0.428711 0.564453 0.107422 0.083984
0 0.320801 0.695801 0.125977 0.098633
0 0.449219 0.767090 0.080078 0.083008
0 0.557617 0.849609 0.136719 0.132812
0 0.547852 0.833984 0.058594 0.054688
0 0.671875 0.883789 0.134766 0.109375
0 0.838867 0.801758 0.089844 0.074219
0 0.867676 0.869141 0.108398 0.062500
0 0.948730 0.946777 0.088867 0.106445
0 0.971680 0.802246 0.056641 0.122070
0 0.483398 0.957520 0.054688 0.084961
0 0.666504 0.973633 0.120117 0.052734
0 0.837402 0.958008 0.084961 0.083984
0 0.349121 0.939453 0.086914 0.060547
0 0.282227 0.900879 0.062500 0.045898
0 0.336914 0.852051 0.132812 0.055664
0 0.343262 0.800781 0.073242 0.068359
0 0.190918 0.831055 0.090820 0.044922
0 0.103027 0.882812 0.092773 0.060547
0 0.030273 0.881836 0.060547 0.062500
0 0.076660 0.702148 0.073242 0.119141
0 0.177734 0.601562 0.066406 0.066406
0 0.216797 0.363770 0.060547 0.094727
0 0.132812 0.272461 0.156250 0.076172
0 0.193848 0.200684 0.112305 0.051758
0 0.169434 0.159180 0.098633 0.050781
0 0.210449 0.078613 0.157227 0.069336
0 0.505859 0.210938 0.167969 0.154297
0 0.027344 0.286133 0.054688 0.126953
0 0.088867 0.039551 0.076172 0.079102
0 0.335938 0.033203 0.097656 0.066406
0 0.938477 0.305664 0.083984 0.058594
0 0.064453 0.475098 0.128906 0.040039
0 0.323730 0.547852 0.049805 0.060547
0 0.116211 0.649414 0.097656 0.105469
0 0.186035 0.978516 0.059570 0.042969
0 0.468262 0.199707 0.057617 0.057617
0 0.441895 0.075195 0.043945 0.052734
0 0.938477 0.337402 0.062500 0.040039
