0 0.236816 0.364258 0.129883 0.134766
0 0.042480 0.097168 0.084961 0.100586
0 0.508301 0.780762 0.077148 0.153320
0 0.859375 0.818359 0.160156 0.136719
0 0.819336 0.159668 0.136719 0.075195
0 0.685547 0.553223 0.187500 0.102539
0 0.465820 0.190918 0.087891 0.067383
0 0.456055 0.590820 0.132812 0.158203
0 0.389160 0.368652 0.084961 0.057617
0 0.903320 0.057129 0.187500 0.094727
0 0.365723 0.686035 0.122070 0.112305
0 0.423340 0.299316 0.131836 0.065430
0 0.072266 0.639648 0.144531 0.099609
0 0.570801 0.190430 0.086914 0.072266
0 0.339355 0.550781 0.104492 0.091797
0 0.929688 0.465332 0.134766 0.102539
0 0.124512 0.532227 0.139648 0.060547
0 0.053711 0.550781 0.107422 0.117188
0 0.044922 0.729492 0.089844 0.205078
0 0.927246 0.159668 0.139648 0.059570
0 0.023438 0.041016 0.046875 0.054688
0 0.024414 0.938477 0.048828 0.119141
0 0.938477 0.697266 0.123047 0.099609
0 0.070801 0.816895 0.131836 0.155273
0 0.016113 0.579590 0.032227 0.110352
0 0.474609 0.339355 0.070312 0.075195
0 0.868164 0.979492 0.142578 0.041016
0 0.614746 0.963379 0.084961 0.067383
0 0.374512 0.976074 0.075195 0.047852
0 0.058105 0.715820 0.067383 0.107422
0 0.049316 0.880371 0.083008 0.075195
0 0.940918 0.606934 0.118164 0.065430
0 0.973633 0.519531 0.052734 0.044922
0 0.909668 0.070801 0.180664 0.083008
0 0.063965 0.011230 0.125977 0.022461
