0 0.552246 0.521484 0.057617 0.097656
0 0.559082 0.805664 0.057617 0.111328
0 0.174316 0.493652 0.063477 0.102539
0 0.020508 0.553223 0.041016 0.090820
0 0.207031 0.690430 0.078125 0.087891
0 0.917969 0.166992 0.058594 0.126953
0 0.838379 0.214844 0.053711 0.097656
0 0.483887 0.556152 0.065430 0.067383
0 0.809082 0.524902 0.043945 0.096680
0 0.102539 0.335938 0.076172 0.070312
0 0.959961 0.665527 0.076172 0.071289
0 0.119629 0.967773 0.041992 0.064453
0 0.232910 0.091309 0.067383 0.069336
0 0.103516 0.627441 0.072266 0.055664
0 0.430176 0.884277 0.047852 0.073242
0 0.551758 0.344238 0.064453 0.075195
0 0.739746 0.133789 0.073242 0.080078
0 0.862305 0.592773 0.072266 0.058594
0 0.871094 0.957031 0.091797 0.058594
0 0.225586 0.292969 0.060547 0.093750
0 0.493164 0.276367 0.080078 0.070312
0 0.219238 0.798828 0.124023 0.060547
0 0.609375 0.243164 0.039062 0.113281
0 0.673828 0.875000 0.046875 0.099609
0 0.603027 0.306152 0.065430 0.061523
0 0.641602 0.517578 0.056641 0.070312
0 0.669434 0.824707 0.067383 0.061523
0 0.327637 0.193848 0.045898 0.131836
0 0.048340 0.326172 0.065430 0.074219
0 0.922852 0.414062 0.083984 0.109375
0 0.798828 0.872070 0.056641 0.070312
0 0.019531 0.761230 0.039062 0.051758
0 0.757812 0.917480 0.062500 0.092773
0 0.296387 0.091797 0.073242 0.062500
0 0.416504 0.243652 0.073242 0.083008
0 0.655273 0.189453 0.035156 0.085938
0 0.854980 0.886719 0.088867 0.082031
0 0.139648 0.592285 0.074219 0.043945
0 0.359375 0.987793 0.074219 0.024414
0 0.567383 0.018555 0.095703 0.037109
0 0.711914 0.944336 0.080078 0.048828
0 0.932129 0.744141 0.067383 0.099609
0 0.140137 0.707520 0.073242 0.038086
0 0.373535 0.222168 0.073242 0.075195
0 0.670898 0.578613 0.070312 0.057617
0 0.259766 0.367676 0.031250 0.084961
0 0.217285 0.910645 0.079102 0.043945
0 0.843750 0.968262 0.058594 0.063477
0 0.925781 0.268066 0.041016 0.071289
0 0.565430 0.117676 0.052734 0.065430
0 0.165527 0.101562 0.065430 0.048828
0 0.920898 0.497559 0.089844 0.092773
0 0.762695 0.748047 0.046875 0.068359
0 0.412598 0.737793 0.053711 0.047852
0 0.904297 0.531250 0.033203 0.093750
0 0.630371 0.724121 0.061523 0.038086
0 0.675781 0.770996 0.062500 0.051758
0 0.883301 0.400879 0.034180 0.112305
0 0.272461 0.560547 0.068359 0.029297
0 0.689453 0.655762 0.052734 0.047852
0 0.588867 0.726074 0.044922 0.032227
0 0.965820 0.925781 0.058594 0.029297
0 0.065430 0.961426 0.078125 0.028320
0 0.463867 0.674316 0.089844 0.040039
0 0.528809 0.030762 0.047852 0.043945
0 0.725586 0.200684 0.089844 0.151367
0 0.922852 0.872559 0.041016 0.040039
0 0.226562 0.355957 0.029297 0.081055
0 0.330078 0.546875 0.042969 0.054688
0 0.479492 0.353027 0.060547 0.063477
0 0.542480 0.936523 0.094727 0.046875
0 0.595215 0.983887 0.063477 0.032227
0 0.858887 0.428711 0.034180 0.080078
0 0.797363 0.013623 0.030273 0.027246
0 0.733398 0.236328 0.054688 0.091797
0 0.778809 0.542480 0.030273 0.047852
0 0.553711 0.682129 0.058594 0.040039
0 0.625977 0.406250 0.042969 0.056641
0 0.261719 0.173828 0.056641 0.064453
0 0.639648 0.656738 0.042969 0.059570
0 0.634766 0.889648 0.064453 0.066406
0 0.014160 0.443359 0.028320 0.046875
0 0.241211 0.223633 0.072266 0.126953
