0 0.043457 0.300781 0.086914 0.080078
0 0.143555 0.214355 0.107422 0.081055
0 0.083008 0.073242 0.072266 0.125000
0 0.363281 0.204590 0.111328 0.081055
0 0.415527 0.135742 0.061523 0.044922
0 0.654297 0.124023 0.083984 0.060547
0 0.717285 0.119629 0.069336 0.053711
0 0.105957 0.431152 0.211914 0.079102
0 0.063965 0.491211 0.104492 0.052734
0 0.084961 0.745605 0.089844 0.151367
0 0.284180 0.725098 0.185547 0.125977
0 0.187500 0.560059 0.121094 0.077148
0 0.479004 0.537598 0.075195 0.225586
0 0.419922 0.589355 0.060547 0.184570
0 0.614258 0.581543 0.080078 0.069336
0 0.660156 0.024414 0.078125 0.048828
0 0.588379 0.270508 0.151367 0.140625
0 0.616211 0.332520 0.078125 0.047852
0 0.649414 0.366699 0.234375 0.124023
0 0.647949 0.964355 0.112305 0.071289
0 0.578613 0.958496 0.083008 0.083008
0 0.356934 0.970703 0.071289 0.058594
0 0.245117 0.921875 0.111328 0.156250
0 0.439941 0.964355 0.151367 0.071289
0 0.075195 0.918457 0.150391 0.061523
0 0.142578 0.971191 0.056641 0.057617
0 0.951660 0.873535 0.096680 0.170898
0 0.797852 0.776367 0.085938 0.146484
0 0.840332 0.928223 0.075195 0.131836
0 0.883301 0.708984 0.084961 0.177734
0 0.977539 0.585449 0.044922 0.133789
0 0.980957 0.493164 0.038086 0.080078
0 0.911133 0.505371 0.089844 0.047852
0 0.780273 0.483887 0.093750 0.116211
0 0.825195 0.359863 0.076172 0.170898
0 0.829590 0.080566 0.084961 0.161133
0 0.984375 0.041016 0.031250 0.060547
0 0.904785 0.983887 0.084961 0.032227
