0 0.246582 0.916992 0.083008 0.099609
0 0.346191 0.903320 0.075195 0.070312
0 0.400391 0.980469 0.097656 0.039062
0 0.465820 0.815918 0.082031 0.075195
0 0.543945 0.779297 0.083984 0.072266
0 0.491699 0.883301 0.077148 0.055664
0 0.173828 0.728027 0.113281 0.057617
0 0.174805 0.775391 0.126953 0.060547
0 0.319824 0.738770 0.059570 0.083008
0 0.159180 0.569824 0.091797 0.094727
0 0.313965 0.525879 0.067383 0.075195
0 0.387207 0.520508 0.106445 0.072266
0 0.411133 0.431152 0.107422 0.075195
0 0.486816 0.455078 0.059570 0.083984
0 0.847656 0.516602 0.119141 0.083984
0 0.717773 0.584961 0.097656 0.093750
0 0.020996 0.939941 0.041992 0.081055
0 0.232910 0.980469 0.079102 0.039062
0 0.466797 0.140625 0.115234 0.082031
0 0.409668 0.229004 0.047852 0.055664
0 0.588379 0.046387 0.081055 0.071289
0 0.200195 0.027832 0.103516 0.055664
