0 0.084473 0.893066 0.108398 0.059570
0 0.451172 0.510742 0.138672 0.085938
0 0.580566 0.701660 0.125977 0.043945
0 0.416016 0.250488 0.105469 0.075195
0 0.509766 0.211426 0.076172 0.088867
0 0.703125 0.280273 0.070312 0.076172
0 0.368652 0.950195 0.116211 0.058594
0 0.933105 0.575195 0.092773 0.056641
0 0.032227 0.031250 0.062500 0.058594
0 0.431152 0.178711 0.114258 0.087891
0 0.033691 0.290527 0.067383 0.047852
0 0.466797 0.259766 0.099609 0.097656
0 0.103516 0.489258 0.128906 0.070312
0 0.639160 0.289551 0.059570 0.096680
0 0.584473 0.248535 0.083008 0.090820
0 0.338379 0.967773 0.127930 0.056641
0 0.272949 0.314453 0.118164 0.070312
0 0.061523 0.225586 0.123047 0.064453
0 0.067871 0.157227 0.133789 0.107422
0 0.298340 0.989746 0.075195 0.020508
0 0.964844 0.691406 0.070312 0.037109
0 0.327637 0.305176 0.127930 0.092773
0 0.328613 0.122070 0.094727 0.091797
0 0.985840 0.546875 0.028320 0.033203
0 0.398438 0.869141 0.097656 0.056641
0 0.452148 0.940430 0.078125 0.046875
0 0.650391 0.187988 0.058594 0.061523
0 0.786133 0.587402 0.039062 0.036133
0 0.015625 0.243164 0.029297 0.042969
0 0.238281 0.760254 0.062500 0.043945
0 0.250000 0.158203 0.095703 0.074219
0 0.556641 0.791992 0.082031 0.064453
0 0.249512 0.530762 0.081055 0.036133
0 0.928711 0.518555 0.070312 0.050781
0 0.781738 0.625488 0.069336 0.045898
0 0.719727 0.885742 0.072266 0.060547
0 0.439941 0.067871 0.120117 0.104492
0 0.719238 0.559570 0.090820 0.068359
0 0.696289 0.900879 0.072266 0.043945
0 0.071289 0.607422 0.103516 0.039062
0 0.186523 0.623047 0.105469 0.050781
0 0.649414 0.973633 0.083984 0.052734
0 0.942871 0.648926 0.065430 0.047852
0 0.547852 0.402832 0.078125 0.036133
0 0.664062 0.933594 0.121094 0.052734
0 0.643555 0.944824 0.099609 0.061523
0 0.877441 0.272461 0.118164 0.080078
0 0.497559 0.694336 0.100586 0.050781
0 0.024414 0.572754 0.048828 0.038086
0 0.850098 0.032227 0.057617 0.060547
0 0.906250 0.977051 0.070312 0.041992
0 0.932129 0.792969 0.135742 0.058594
0 0.315430 0.210938 0.091797 0.068359
0 0.726074 0.011230 0.038086 0.022461
0 0.321777 0.636719 0.092773 0.058594
0 0.250977 0.614258 0.074219 0.037109
0 0.902344 0.053711 0.068359 0.062500
0 0.757812 0.061035 0.107422 0.069336
0 0.255371 0.561523 0.079102 0.046875
0 0.551758 0.337402 0.087891 0.073242
0 0.626953 0.672363 0.082031 0.053711
0 0.560059 0.652344 0.083008 0.054688
0 0.488281 0.616211 0.140625 0.052734
