0 0.915039 0.467773 0.078125 0.083984
0 0.489746 0.263184 0.073242 0.073242
0 0.081055 0.259277 0.095703 0.061523
0 0.200684 0.094238 0.055664 0.083008
0 0.247070 0.170898 0.091797 0.048828
0 0.672852 0.165039 0.066406 0.072266
0 0.918457 0.189453 0.090820 0.076172
0 0.582520 0.735352 0.086914 0.085938
0 0.716797 0.265137 0.037109 0.079102
0 0.374512 0.061035 0.098633 0.063477
0 0.155762 0.746582 0.073242 0.081055
0 0.778320 0.084961 0.027344 0.080078
0 0.334473 0.076172 0.083008 0.083984
0 0.179199 0.879395 0.090820 0.045898
0 0.979004 0.376953 0.041992 0.080078
0 0.111328 0.063965 0.074219 0.069336
0 0.713379 0.541504 0.057617 0.051758
0 0.401855 0.298340 0.077148 0.063477
0 0.875488 0.357910 0.063477 0.043945
0 0.321777 0.342773 0.102539 0.062500
0 0.505859 0.088379 0.083984 0.043945
0 0.971191 0.908203 0.057617 0.027344
0 0.188965 0.017578 0.090820 0.033203
0 0.314941 0.901367 0.094727 0.048828
0 0.911133 0.288086 0.138672 0.039062
0 0.218750 0.470703 0.089844 0.031250
0 0.815430 0.342773 0.031250 0.068359
0 0.930664 0.571777 0.111328 0.063477
0 0.614746 0.343750 0.055664 0.117188
0 0.606445 0.942871 0.054688 0.065430
0 0.247559 0.567871 0.096680 0.043945
0 0.217285 0.975586 0.065430 0.044922
0 0.403809 0.402344 0.083008 0.050781
0 0.865234 0.472168 0.058594 0.049805
0 0.927246 0.045898 0.065430 0.056641
0 0.398438 0.750977 0.078125 0.041016
0 0.687891 0.682129 0.106641 0.032227
0 0.945801 0.648926 0.053711 0.057617
0 0.155762 0.301270 0.053711 0.036133
0 0.895020 0.242676 0.028320 0.065430
0 0.983887 0.139648 0.032227 0.066406
0 0.382812 0.330566 0.083984 0.043945
0 0.614746 0.452148 0.049805 0.025391
0 0.830566 0.211914 0.036133 0.046875
0 0.627441 0.700195 0.071289 0.023438
0 0.894043 0.649414 0.069336 0.042969
0 0.619141 0.012695 0.062500 0.023438
0 0.011719 0.015625 0.023438 0.031250
0 0.800293 0.544922 0.073242 0.021484
0 0.458496 0.927246 0.051758 0.024414
0 0.396484 0.799316 0.076172 0.047852
0 0.693359 0.031250 0.091797 0.050781
0 0.007324 0.017090 0.014648 0.034180
0 0.822266 0.935059 0.052734 0.032227
0 0.010254 0.987305 0.020508 0.021484
0 0.881836 0.896973 0.037109 0.047852
0 0.914062 0.854004 0.080078 0.038086
0 0.765137 0.469238 0.086914 0.063477
0 0.405762 0.963867 0.069336 0.072266
0 0.028809 0.619629 0.055664 0.047852
0 0.339355 0.712891 0.106445 0.037109
0 0.517090 0.948730 0.069336 0.026367
0 0.092285 0.589355 0.063477 0.047852
0 0.559570 0.621094 0.050781 0.039062
0 0.877441 0.586914 0.081055 0.054688
0 0.716309 0.369141 0.047852 0.035156
0 0.870117 0.283203 0.107422 0.054688
0 0.846680 0.741211 0.050781 0.044922
0 0.248535 0.826660 0.067383 0.030273
0 0.427246 0.161133 0.086914 0.072266
0 0.096191 0.982422 0.041992 0.035156
