0 0.161621 0.567383 0.067383 0.080078
0 0.840820 0.537109 0.066406 0.080078
0 0.419922 0.349121 0.068359 0.083008
0 0.452148 0.867188 0.068359 0.076172
0 0.102539 0.356934 0.062500 0.083008
0 0.544922 0.620117 0.050781 0.078125
0 0.200684 0.744629 0.110352 0.083008
0 0.444824 0.159180 0.045898 0.083984
0 0.033203 0.876953 0.037109 0.080078
0 0.738770 0.471680 0.063477 0.111328
0 0.199707 0.288086 0.075195 0.054688
0 0.289551 0.059082 0.073242 0.065430
0 0.491211 0.261230 0.046875 0.081055
0 0.427246 0.033691 0.047852 0.067383
0 0.355469 0.629395 0.052734 0.065430
0 0.397949 0.151367 0.061523 0.085938
0 0.027832 0.509766 0.055664 0.068359
0 0.302246 0.590332 0.041992 0.069336
0 0.083496 0.229980 0.098633 0.090820
0 0.335449 0.385742 0.034180 0.070312
0 0.862793 0.497070 0.041992 0.074219
0 0.968750 0.794434 0.031250 0.083008
0 0.565918 0.176758 0.043945 0.082031
0 0.348633 0.511230 0.054688 0.061523
0 0.530762 0.121582 0.057617 0.102539
0 0.399902 0.761230 0.040039 0.077148
0 0.085938 0.124512 0.087891 0.077148
0 0.083496 0.786133 0.061523 0.052734
0 0.433105 0.278320 0.032227 0.072266
0 0.030273 0.024902 0.060547 0.047852
0 0.313477 0.422852 0.062500 0.060547
0 0.370117 0.869629 0.027344 0.067383
0 0.597656 0.023438 0.060547 0.042969
0 0.581055 0.313477 0.109375 0.039062
0 0.156738 0.883301 0.034180 0.063477
0 0.240234 0.850586 0.025391 0.058594
0 0.953125 0.514648 0.048828 0.093750
0 0.863770 0.869629 0.030273 0.077148
0 0.428223 0.746582 0.063477 0.040039
0 0.691895 0.892090 0.040039 0.059570
0 0.765625 0.433105 0.027344 0.090820
0 0.265137 0.687012 0.040039 0.163086
0 0.689453 0.306152 0.035156 0.053711
0 0.217285 0.915039 0.051758 0.054688
0 0.824707 0.449707 0.034180 0.120117
0 0.730469 0.014648 0.046875 0.029297
0 0.453613 0.526367 0.043945 0.037109
0 0.722168 0.227539 0.040039 0.060547
0 0.876953 0.024414 0.044922 0.048828
0 0.683105 0.209961 0.030273 0.058594
0 0.923340 0.182129 0.032227 0.071289
0 0.707520 0.573730 0.038086 0.069336
0 0.047363 0.233887 0.041992 0.090820
0 0.892578 0.192871 0.025391 0.077148
0 0.210938 0.495605 0.052734 0.053711
0 0.522461 0.230957 0.091797 0.041992
0 0.462891 0.304199 0.048828 0.067383
0 0.453125 0.576660 0.126953 0.063477
0 0.710938 0.500977 0.048828 0.052734
0 0.764160 0.902832 0.049805 0.051758
0 0.301270 0.924805 0.057617 0.031250
0 0.845215 0.179688 0.026367 0.050781
0 0.027344 0.967773 0.054688 0.039062
0 0.200195 0.638184 0.048828 0.024414
0 0.545410 0.921387 0.045898 0.028320
0 0.789551 0.843750 0.034180 0.054688
0 0.060547 0.452148 0.046875 0.111328
0 0.922852 0.964355 0.031250 0.051758
0 0.936523 0.961914 0.029297 0.054688
0 0.062988 0.188965 0.057617 0.057617
0 0.977539 0.436035 0.041016 0.079102
0 0.738770 0.880371 0.030273 0.059570
0 0.745605 0.806641 0.041992 0.025391
0 0.167480 0.941406 0.034180 0.041016
0 0.863281 0.327637 0.029297 0.041992
0 0.795410 0.346191 0.086914 0.040039
0 0.842285 0.908691 0.032227 0.045898
0 0.286621 0.763184 0.036133 0.051758
0 0.419434 0.600098 0.061523 0.055664
0 0.842285 0.833008 0.040039 0.054688
0 0.034180 0.477539 0.060547 0.076172
0 0.068359 0.473633 0.089844 0.039062
