0 0.083496 0.906738 0.129883 0.071289
0 0.099609 0.873535 0.111328 0.055664
0 0.196289 0.706543 0.175781 0.069336
0 0.235840 0.585938 0.090820 0.039062
0 0.332031 0.500000 0.093750 0.074219
0 0.346680 0.430176 0.058594 0.063477
0 0.232910 0.433105 0.075195 0.065430
0 0.087891 0.490234 0.105469 0.076172
0 0.015625 0.364746 0.031250 0.071289
0 0.137207 0.372559 0.069336 0.051758
0 0.035156 0.175781 0.054688 0.068359
0 0.130859 0.134277 0.085938 0.079102
0 0.075195 0.060547 0.062500 0.062500
0 0.138184 0.028320 0.075195 0.056641
0 0.081055 0.009277 0.121094 0.018555
0 0.322266 0.040039 0.091797 0.080078
0 0.355469 0.085938 0.134766 0.119141
0 0.390137 0.213379 0.065430 0.083008
0 0.314453 0.241699 0.062500 0.120117
0 0.268555 0.273926 0.070312 0.094727
0 0.370117 0.359375 0.068359 0.060547
0 0.535645 0.297852 0.065430 0.072266
0 0.633789 0.307617 0.072266 0.105469
0 0.602051 0.423340 0.071289 0.079102
0 0.704102 0.202637 0.130859 0.055664
0 0.667969 0.240723 0.093750 0.065430
0 0.727539 0.121582 0.169922 0.096680
0 0.930176 0.213867 0.065430 0.087891
0 0.983398 0.213379 0.033203 0.061523
0 0.607910 0.008789 0.102539 0.017578
0 0.686523 0.578613 0.050781 0.069336
0 0.727539 0.566406 0.082031 0.062500
0 0.871582 0.546875 0.065430 0.089844
0 0.909180 0.652344 0.113281 0.064453
0 0.795898 0.724121 0.083984 0.092773
0 0.826660 0.772949 0.077148 0.079102
0 0.527832 0.705566 0.065430 0.092773
0 0.402832 0.660156 0.104492 0.066406
0 0.407227 0.737305 0.099609 0.080078
0 0.335449 0.820801 0.051758 0.043945
0 0.250977 0.769043 0.080078 0.057617
0 0.187012 0.809082 0.069336 0.059570
0 0.618652 0.872070 0.084961 0.058594
0 0.576172 0.811523 0.058594 0.046875
0 0.589355 0.695801 0.063477 0.061523
0 0.888184 0.846680 0.149414 0.087891
0 0.826660 0.899414 0.069336 0.052734
0 0.775391 0.869629 0.046875 0.055664
0 0.965332 0.754883 0.061523 0.064453
0 0.713379 0.958008 0.077148 0.078125
0 0.443359 0.946289 0.097656 0.107422
0 0.371094 0.989258 0.064453 0.021484
0 0.289062 0.946777 0.048828 0.069336
0 0.912598 0.399414 0.094727 0.070312
0 0.957520 0.332031 0.084961 0.046875
0 0.018066 0.693359 0.036133 0.058594
0 0.223145 0.117188 0.053711 0.054688
0 0.464844 0.159180 0.062500 0.054688
0 0.780762 0.253906 0.049805 0.054688
0 0.564453 0.485352 0.058594 0.058594
0 0.493652 0.912598 0.055664 0.069336
0 0.537109 0.861816 0.062500 0.090820
0 0.951172 0.270508 0.072266 0.054688
0 0.338867 0.132324 0.050781 0.053711
