0 0.779785 0.531738 0.075195 0.075195
0 0.690430 0.966309 0.076172 0.067383
0 0.872070 0.280762 0.070312 0.083008
0 0.485840 0.385742 0.073242 0.107422
0 0.623047 0.587891 0.056641 0.082031
0 0.507324 0.479492 0.075195 0.074219
0 0.680664 0.461426 0.054688 0.081055
0 0.767090 0.396973 0.067383 0.065430
0 0.748047 0.273438 0.097656 0.082031
0 0.963379 0.294434 0.073242 0.094727
0 0.745605 0.104492 0.067383 0.099609
0 0.597168 0.644531 0.069336 0.064453
0 0.683594 0.037109 0.072266 0.070312
0 0.829590 0.128906 0.108398 0.107422
