0 0.059082 0.784180 0.118164 0.099609
0 0.151855 0.640625 0.106445 0.164062
0 0.294922 0.727539 0.080078 0.082031
0 0.220508 0.915039 0.117188 0.132812
0 0.370117 0.828125 0.123047 0.083984
0 0.557617 0.777344 0.128906 0.082031
0 0.767578 0.812012 0.128906 0.086914
0 0.660156 0.933594 0.074219 0.126953
0 0.870605 0.770996 0.088867 0.084961
0 0.557129 0.581055 0.249023 0.228516
0 0.482422 0.575195 0.126953 0.121094
0 0.326172 0.488770 0.130859 0.192383
0 0.065918 0.313965 0.073242 0.067383
0 0.068359 0.172852 0.111328 0.115234
0 0.014160 0.031738 0.028320 0.055664
0 0.119141 0.086426 0.107422 0.081055
0 0.333496 0.195312 0.084961 0.144531
0 0.655273 0.308594 0.207031 0.115234
0 0.895508 0.404297 0.142578 0.101562
0 0.965820 0.532715 0.068359 0.143555
0 0.926367 0.100977 0.147266 0.181641
0 0.625488 0.158691 0.108398 0.094727
0 0.352539 0.054688 0.279297 0.109375
0 0.026367 0.457031 0.050781 0.074219
0 0.020020 0.394043 0.040039 0.063477
0 0.020508 0.552734 0.041016 0.101562
0 0.154297 0.451660 0.171875 0.217773
0 0.302246 0.552246 0.067383 0.075195
0 0.539062 0.980469 0.119141 0.039062
0 0.970215 0.969727 0.055664 0.060547
