0 0.945801 0.130371 0.108398 0.147461
0 0.872070 0.209473 0.160156 0.139648
0 0.711914 0.551270 0.119141 0.110352
0 0.507324 0.503418 0.069336 0.106445
0 0.387207 0.485352 0.075195 0.128906
0 0.083496 0.528320 0.100586 0.101562
0 0.033691 0.787109 0.067383 0.185547
0 0.615723 0.729980 0.118164 0.135742
0 0.605469 0.297852 0.097656 0.095703
0 0.386230 0.037598 0.194336 0.075195
0 0.014160 0.004883 0.028320 0.009766
0 0.098633 0.010742 0.068359 0.021484
0 0.050781 0.094238 0.058594 0.075195
0 0.118652 0.203613 0.077148 0.098633
0 0.017578 0.485352 0.035156 0.068359
0 0.103516 0.343262 0.101562 0.063477
0 0.087891 0.980469 0.085938 0.039062
0 0.084473 0.834961 0.041992 0.062500
0 0.120117 0.870605 0.060547 0.092773
0 0.123047 0.709473 0.072266 0.065430
0 0.116699 0.655762 0.041992 0.073242
0 0.192383 0.624023 0.054688 0.066406
0 0.389160 0.633789 0.084961 0.099609
0 0.408691 0.792969 0.090820 0.164062
0 0.554688 0.821289 0.074219 0.154297
0 0.498047 0.849121 0.058594 0.106445
0 0.327148 0.971191 0.111328 0.057617
0 0.743652 0.820312 0.069336 0.130859
0 0.719727 0.940430 0.085938 0.113281
0 0.601562 0.061523 0.085938 0.107422
0 0.818359 0.063965 0.072266 0.073242
0 0.708984 0.166016 0.058594 0.076172
0 0.865723 0.361328 0.104492 0.078125
0 0.982910 0.503906 0.034180 0.070312
0 0.885254 0.487793 0.067383 0.049805
0 0.861328 0.679199 0.060547 0.104492
0 0.956543 0.708496 0.063477 0.090820
0 0.963379 0.856934 0.073242 0.108398
0 0.867188 0.835449 0.105469 0.127930
0 0.854492 0.949219 0.078125 0.101562
