0 0.921875 0.900391 0.054688 0.029297
0 0.082031 0.297363 0.101562 0.057617
0 0.437500 0.396973 0.054688 0.083008
0 0.110840 0.711914 0.059570 0.083984
0 0.336426 0.180176 0.086914 0.065430
0 0.248535 0.729492 0.090820 0.048828
0 0.433105 0.144043 0.098633 0.071289
0 0.148926 0.177734 0.098633 0.058594
0 0.318848 0.486816 0.065430 0.059570
0 0.605469 0.475098 0.064453 0.065430
0 0.252441 0.124512 0.079102 0.073242
0 0.304199 0.308105 0.067383 0.045898
0 0.948730 0.748047 0.088867 0.060547
0 0.034180 0.455078 0.068359 0.054688
0 0.468262 0.479980 0.038086 0.137695
0 0.664062 0.237305 0.068359 0.056641
0 0.884277 0.368164 0.079102 0.121094
0 0.565918 0.224609 0.077148 0.058594
0 0.689453 0.492676 0.113281 0.059570
0 0.379883 0.590820 0.062500 0.044922
0 0.671387 0.199219 0.061523 0.080078
0 0.407715 0.241211 0.090820 0.054688
0 0.051270 0.179688 0.092773 0.074219
0 0.529297 0.239258 0.070312 0.083984
0 0.323730 0.791504 0.081055 0.049805
0 0.274902 0.832031 0.088867 0.048828
0 0.114746 0.811035 0.079102 0.051758
0 0.137207 0.492676 0.086914 0.047852
0 0.623535 0.742188 0.098633 0.082031
0 0.374023 0.626465 0.072266 0.036133
0 0.664062 0.832520 0.082031 0.040039
0 0.259766 0.525879 0.070312 0.057617
0 0.139648 0.578613 0.091797 0.038086
0 0.203125 0.875000 0.054688 0.042969
0 0.972656 0.556152 0.054688 0.036133
0 0.122559 0.925781 0.061523 0.039062
0 0.562012 0.748535 0.032227 0.073242
0 0.981934 0.466797 0.036133 0.052734
0 0.741699 0.230469 0.040039 0.050781
0 0.752930 0.780273 0.111328 0.062500
0 0.297852 0.501953 0.060547 0.050781
0 0.685059 0.896484 0.122070 0.039062
0 0.927734 0.924316 0.052734 0.038086
0 0.110352 0.862793 0.072266 0.040039
0 0.517578 0.019531 0.046875 0.037109
0 0.559082 0.591309 0.067383 0.051758
0 0.520508 0.269043 0.050781 0.055664
0 0.529785 0.610352 0.047852 0.042969
0 0.217285 0.286621 0.125977 0.043945
0 0.681641 0.521484 0.068359 0.046875
0 0.383301 0.520996 0.061523 0.036133
0 0.895020 0.501953 0.043945 0.029297
0 0.527344 0.888672 0.128906 0.041016
0 0.026367 0.901855 0.052734 0.038086
0 0.767090 0.208984 0.086914 0.064453
0 0.389648 0.028809 0.097656 0.047852
0 0.450684 0.553223 0.051758 0.030273
0 0.253418 0.269531 0.083008 0.039062
0 0.145020 0.691406 0.053711 0.021484
0 0.479004 0.844727 0.075195 0.039062
0 0.854004 0.563965 0.061523 0.043945
0 0.288574 0.632812 0.071289 0.041016
0 0.576172 0.568848 0.035156 0.045898
0 0.986328 0.948730 0.027344 0.047852
0 0.833008 0.785156 0.070312 0.060547
0 0.356445 0.893066 0.052734 0.043945
0 0.182617 0.923828 0.126953 0.078125
0 0.250488 0.913086 0.053711 0.035156
0 0.016113 0.828125 0.032227 0.041016
0 0.703125 0.175293 0.062500 0.055664
0 0.503418 0.521973 0.040039 0.041992
0 0.721680 0.563965 0.068359 0.045898
0 0.041016 0.019043 0.082031 0.034180
0 0.221680 0.579102 0.046875 0.039062
