0 0.046387 0.057129 0.065430 0.114258
0 0.107422 0.041992 0.062500 0.076172
0 0.307617 0.044434 0.085938 0.067383
0 0.195312 0.278809 0.083984 0.075195
0 0.084473 0.148926 0.083008 0.067383
0 0.038574 0.374023 0.063477 0.089844
0 0.132812 0.448242 0.078125 0.083984
0 0.287109 0.424316 0.103516 0.083008
0 0.356934 0.311523 0.118164 0.072266
0 0.348633 0.236328 0.074219 0.074219
0 0.110352 0.523926 0.072266 0.071289
0 0.072266 0.653809 0.107422 0.096680
0 0.201660 0.523438 0.096680 0.052734
0 0.176270 0.699219 0.083008 0.078125
0 0.318359 0.518066 0.072266 0.094727
0 0.484375 0.446289 0.095703 0.056641
0 0.411621 0.657227 0.129883 0.136719
0 0.491211 0.628418 0.062500 0.086914
0 0.273926 0.795898 0.071289 0.089844
0 0.131836 0.830078 0.070312 0.091797
0 0.050293 0.899414 0.071289 0.109375
0 0.204102 0.912598 0.060547 0.063477
0 0.277344 0.886230 0.078125 0.057617
0 0.373535 0.821289 0.071289 0.062500
0 0.384766 0.891113 0.068359 0.059570
0 0.468750 0.778809 0.068359 0.063477
0 0.331543 0.974609 0.057617 0.042969
0 0.447754 0.951660 0.112305 0.061523
0 0.548828 0.868652 0.056641 0.059570
0 0.583984 0.961914 0.072266 0.070312
0 0.709473 0.892090 0.088867 0.083008
0 0.695312 0.802734 0.072266 0.058594
0 0.654785 0.718262 0.071289 0.059570
0 0.737793 0.662109 0.094727 0.062500
0 0.663574 0.615723 0.071289 0.067383
0 0.809082 0.654297 0.059570 0.089844
0 0.860352 0.727051 0.068359 0.073242
0 0.795898 0.799805 0.076172 0.068359
0 0.818848 0.863281 0.106445 0.056641
0 0.891602 0.887207 0.066406 0.084961
0 0.938965 0.773438 0.077148 0.060547
0 0.973633 0.821777 0.052734 0.077148
0 0.939453 0.621094 0.083984 0.111328
0 0.970215 0.478516 0.059570 0.091797
0 0.956543 0.423828 0.059570 0.064453
0 0.698242 0.452148 0.066406 0.074219
0 0.641113 0.408203 0.100586 0.109375
0 0.656738 0.253418 0.096680 0.063477
0 0.611328 0.045898 0.064453 0.080078
0 0.819336 0.090820 0.087891 0.066406
0 0.660156 0.106445 0.068359 0.074219
0 0.812988 0.244141 0.057617 0.056641
0 0.817383 0.496094 0.062500 0.060547
0 0.036133 0.516602 0.056641 0.085938
0 0.170898 0.954102 0.070312 0.080078
0 0.023926 0.763672 0.047852 0.068359
0 0.268555 0.945312 0.103516 0.060547
