0 0.144531 0.034668 0.080078 0.069336
0 0.130371 0.153809 0.069336 0.053711
0 0.084473 0.234375 0.079102 0.091797
0 0.188965 0.309082 0.112305 0.075195
0 0.137207 0.448242 0.083008 0.066406
0 0.135742 0.544434 0.115234 0.059570
0 0.255371 0.571289 0.084961 0.097656
0 0.071777 0.653809 0.061523 0.094727
0 0.153320 0.687988 0.056641 0.084961
0 0.212402 0.749512 0.077148 0.084961
0 0.059082 0.786621 0.081055 0.075195
0 0.115234 0.953613 0.085938 0.075195
0 0.290039 0.836914 0.080078 0.078125
0 0.362793 0.692871 0.071289 0.090820
0 0.317871 0.972656 0.124023 0.054688
0 0.399902 0.904297 0.069336 0.066406
0 0.517090 0.878418 0.069336 0.084961
0 0.410645 0.837891 0.090820 0.050781
0 0.478516 0.786133 0.074219 0.076172
0 0.476562 0.702637 0.076172 0.069336
0 0.525391 0.953125 0.085938 0.064453
0 0.672363 0.916504 0.071289 0.061523
0 0.870117 0.855469 0.138672 0.074219
0 0.782227 0.918945 0.080078 0.062500
0 0.801270 0.976562 0.067383 0.046875
0 0.719238 0.960449 0.055664 0.063477
0 0.693848 0.794922 0.077148 0.080078
0 0.777832 0.782715 0.083008 0.063477
0 0.694824 0.684570 0.071289 0.066406
0 0.554199 0.645508 0.092773 0.091797
0 0.565918 0.578125 0.098633 0.056641
0 0.521484 0.479492 0.062500 0.123047
0 0.748535 0.569336 0.106445 0.062500
0 0.623535 0.571777 0.069336 0.083008
0 0.438965 0.436035 0.067383 0.065430
0 0.540527 0.377441 0.065430 0.047852
0 0.694336 0.371582 0.056641 0.053711
0 0.873535 0.491699 0.061523 0.077148
0 0.923828 0.519531 0.054688 0.091797
0 0.907227 0.648926 0.068359 0.081055
0 0.949707 0.595215 0.063477 0.069336
0 0.776367 0.341797 0.056641 0.093750
0 0.861328 0.325195 0.074219 0.064453
0 0.703125 0.274414 0.070312 0.093750
0 0.610840 0.196777 0.100586 0.094727
0 0.940918 0.231934 0.059570 0.053711
0 0.753418 0.083496 0.071289 0.081055
0 0.673828 0.079102 0.066406 0.074219
0 0.354492 0.037598 0.072266 0.075195
0 0.627930 0.016602 0.074219 0.033203
0 0.848633 0.020508 0.062500 0.041016
0 0.906738 0.984375 0.075195 0.031250
0 0.462402 0.982910 0.061523 0.034180
0 0.263672 0.905762 0.046875 0.049805
0 0.017578 0.281250 0.035156 0.068359
0 0.144043 0.758301 0.030273 0.049805
0 0.455566 0.612793 0.051758 0.059570
0 0.735840 0.854004 0.102539 0.043945
0 0.824219 0.750977 0.056641 0.062500
