0 0.076660 0.046387 0.051758 0.055664
0 0.097656 0.149902 0.031250 0.041992
0 0.091797 0.332520 0.050781 0.086914
0 0.214844 0.203613 0.031250 0.075195
0 0.267090 0.284668 0.028320 0.079102
0 0.208008 0.422852 0.070312 0.066406
0 0.203125 0.600098 0.062500 0.045898
0 0.179688 0.673340 0.042969 0.086914
0 0.081055 0.675781 0.031250 0.060547
0 0.410645 0.171875 0.043945 0.109375
0 0.536133 0.280273 0.033203 0.025391
0 0.438965 0.336426 0.038086 0.032227
0 0.507812 0.352539 0.056641 0.041016
0 0.691406 0.314941 0.046875 0.065430
0 0.766113 0.351562 0.024414 0.046875
0 0.871094 0.446777 0.039062 0.057617
0 0.969238 0.564453 0.047852 0.056641
0 0.421387 0.516113 0.024414 0.055664
0 0.488281 0.506836 0.033203 0.054688
0 0.487793 0.567383 0.053711 0.074219
0 0.584961 0.556641 0.033203 0.058594
0 0.602051 0.551270 0.034180 0.045898
0 0.460938 0.688965 0.044922 0.090820
0 0.917969 0.606934 0.041016 0.040039
0 0.802246 0.627930 0.045898 0.042969
0 0.780762 0.115723 0.032227 0.030273
0 0.059570 0.910156 0.058594 0.056641
0 0.120605 0.818359 0.038086 0.048828
0 0.247070 0.872070 0.042969 0.062500
0 0.313965 0.970215 0.065430 0.049805
0 0.357422 0.934570 0.042969 0.060547
0 0.618652 0.969238 0.036133 0.061523
0 0.529297 0.887695 0.048828 0.031250
0 0.675781 0.843750 0.029297 0.052734
0 0.597656 0.776855 0.044922 0.053711
0 0.788574 0.896484 0.040039 0.046875
0 0.735352 0.922852 0.050781 0.035156
0 0.919922 0.902832 0.083984 0.065430
0 0.581543 0.880371 0.024414 0.034180
0 0.690430 0.109375 0.052734 0.048828
0 0.700195 0.036621 0.070312 0.051758
