0 0.086914 0.269531 0.158203 0.048828
0 0.110352 0.173340 0.156250 0.038086
0 0.039551 0.018555 0.079102 0.037109
0 0.055664 0.101074 0.074219 0.034180
0 0.170898 0.058594 0.128906 0.117188
0 0.281738 0.111328 0.116211 0.087891
0 0.382324 0.125488 0.118164 0.053711
0 0.389160 0.048340 0.163086 0.081055
0 0.314453 0.019043 0.117188 0.038086
0 0.535156 0.206055 0.062500 0.068359
0 0.657227 0.195312 0.074219 0.046875
0 0.592773 0.046387 0.121094 0.092773
0 0.679199 0.047852 0.118164 0.046875
0 0.685547 0.019043 0.068359 0.038086
0 0.747559 0.031250 0.073242 0.062500
0 0.857910 0.028320 0.110352 0.056641
0 0.831055 0.035156 0.076172 0.062500
0 0.944336 0.141113 0.044922 0.030273
0 0.965820 0.222168 0.064453 0.051758
0 0.919922 0.231445 0.107422 0.044922
0 0.980957 0.303223 0.038086 0.040039
0 0.980469 0.084961 0.039062 0.042969
0 0.976562 0.507812 0.046875 0.066406
0 0.942383 0.546875 0.113281 0.070312
0 0.971680 0.585938 0.056641 0.046875
0 0.960449 0.668945 0.079102 0.042969
0 0.950195 0.692383 0.089844 0.062500
0 0.816406 0.607910 0.123047 0.040039
0 0.778320 0.577637 0.035156 0.067383
0 0.693359 0.588867 0.144531 0.083984
0 0.583496 0.504395 0.102539 0.098633
0 0.118652 0.600586 0.106445 0.054688
0 0.124023 0.568848 0.152344 0.057617
0 0.311523 0.652344 0.187500 0.041016
0 0.331543 0.682129 0.161133 0.049805
0 0.376465 0.708496 0.065430 0.028320
0 0.473633 0.708984 0.126953 0.033203
0 0.160645 0.682617 0.141602 0.052734
0 0.160645 0.735840 0.159180 0.075195
0 0.874512 0.792480 0.104492 0.043945
0 0.852539 0.743164 0.048828 0.052734
0 0.783203 0.757324 0.115234 0.036133
0 0.719238 0.795898 0.110352 0.062500
0 0.473145 0.827637 0.100586 0.038086
0 0.280762 0.956055 0.127930 0.064453
0 0.144043 0.957520 0.194336 0.038086
0 0.175293 0.757324 0.094727 0.057617
0 0.968750 0.747559 0.062500 0.034180
