0 0.058105 0.264648 0.102539 0.078125
0 0.094238 0.353516 0.075195 0.052734
0 0.165527 0.408203 0.038086 0.072266
0 0.223633 0.423828 0.070312 0.058594
0 0.283203 0.454102 0.083984 0.076172
0 0.302246 0.366699 0.051758 0.063477
0 0.221191 0.314941 0.047852 0.061523
0 0.273438 0.253418 0.058594 0.067383
0 0.343262 0.226074 0.088867 0.081055
0 0.413574 0.243164 0.090820 0.058594
0 0.361328 0.311523 0.058594 0.062500
0 0.379395 0.383301 0.049805 0.073242
0 0.389648 0.437500 0.066406 0.056641
0 0.423828 0.341797 0.050781 0.072266
0 0.473145 0.342773 0.061523 0.082031
0 0.500488 0.427246 0.051758 0.051758
0 0.509766 0.494141 0.054688 0.048828
0 0.564941 0.502930 0.057617 0.072266
0 0.692871 0.479492 0.073242 0.054688
0 0.642090 0.420410 0.059570 0.047852
0 0.652832 0.371094 0.067383 0.066406
0 0.766113 0.372559 0.059570 0.061523
0 0.839844 0.380371 0.087891 0.069336
0 0.779297 0.460938 0.070312 0.089844
0 0.812500 0.542969 0.050781 0.066406
0 0.972168 0.436035 0.053711 0.083008
0 0.965820 0.325684 0.054688 0.098633
0 0.867676 0.254883 0.067383 0.111328
0 0.921387 0.193848 0.041992 0.069336
0 0.950684 0.067383 0.063477 0.078125
0 0.742188 0.172852 0.064453 0.074219
0 0.718262 0.257812 0.079102 0.062500
0 0.606934 0.246582 0.100586 0.065430
0 0.573730 0.325195 0.069336 0.058594
0 0.531738 0.358887 0.051758 0.049805
0 0.400391 0.151855 0.066406 0.069336
0 0.347656 0.139160 0.054688 0.061523
0 0.250977 0.077637 0.042969 0.040039
0 0.275391 0.102051 0.041016 0.057617
0 0.320801 0.049316 0.043945 0.063477
0 0.386230 0.069824 0.043945 0.043945
0 0.508301 0.031250 0.055664 0.062500
0 0.593262 0.030762 0.047852 0.061523
0 0.705566 0.021973 0.038086 0.043945
0 0.752441 0.028809 0.047852 0.057617
0 0.727539 0.088379 0.062500 0.084961
0 0.670410 0.094727 0.049805 0.064453
0 0.628418 0.145996 0.083008 0.059570
0 0.549805 0.176270 0.062500 0.077148
0 0.654297 0.031250 0.041016 0.054688
0 0.971680 0.177246 0.056641 0.084961
0 0.059082 0.094727 0.073242 0.064453
0 0.142090 0.123535 0.057617 0.045898
0 0.168457 0.025391 0.053711 0.050781
0 0.021973 0.813477 0.043945 0.060547
0 0.021973 0.692383 0.043945 0.117188
0 0.067383 0.748535 0.068359 0.094727
0 0.181152 0.725586 0.090820 0.111328
0 0.085449 0.579102 0.083008 0.074219
0 0.446777 0.712891 0.055664 0.060547
0 0.384277 0.744629 0.063477 0.051758
0 0.251465 0.758789 0.071289 0.042969
0 0.299805 0.751953 0.037109 0.042969
0 0.322266 0.844727 0.052734 0.068359
0 0.341309 0.793457 0.061523 0.047852
0 0.446777 0.849121 0.067383 0.065430
0 0.373535 0.847168 0.047852 0.077148
0 0.583008 0.774902 0.101562 0.096680
0 0.728516 0.825195 0.083984 0.054688
0 0.783203 0.763184 0.083984 0.065430
0 0.751465 0.702637 0.071289 0.063477
0 0.880371 0.774902 0.069336 0.053711
0 0.967773 0.780762 0.062500 0.081055
0 0.048828 0.974609 0.074219 0.050781
0 0.138672 0.968750 0.064453 0.062500
0 0.297852 0.922363 0.087891 0.069336
0 0.224121 0.849121 0.061523 0.047852
0 0.491211 0.963867 0.083984 0.072266
0 0.545410 0.934082 0.075195 0.065430
0 0.698242 0.947266 0.082031 0.105469
0 0.811523 0.944336 0.060547 0.058594
0 0.878418 0.971191 0.073242 0.057617
