0 0.215820 0.037109 0.082031 0.074219
0 0.228516 0.123535 0.107422 0.106445
0 0.111816 0.133301 0.086914 0.071289
0 0.122070 0.239746 0.117188 0.088867
0 0.135742 0.465332 0.158203 0.073242
0 0.333008 0.339844 0.097656 0.115234
0 0.440430 0.289062 0.119141 0.070312
0 0.469727 0.194824 0.072266 0.083008
0 0.521973 0.201660 0.086914 0.069336
0 0.407227 0.105957 0.080078 0.059570
0 0.924316 0.066895 0.069336 0.133789
0 0.970215 0.678223 0.059570 0.200195
0 0.975586 0.510742 0.048828 0.099609
0 0.821777 0.502930 0.067383 0.128906
0 0.747070 0.308105 0.109375 0.055664
0 0.667969 0.349609 0.085938 0.095703
0 0.534668 0.437012 0.075195 0.071289
0 0.618652 0.522461 0.096680 0.068359
0 0.124512 0.615723 0.069336 0.094727
0 0.370605 0.690918 0.092773 0.163086
0 0.586914 0.712891 0.105469 0.103516
0 0.322754 0.915039 0.112305 0.154297
0 0.449219 0.952637 0.107422 0.094727
0 0.454590 0.883301 0.090820 0.086914
0 0.817871 0.802734 0.122070 0.128906
0 0.969238 0.843750 0.061523 0.095703
0 0.965332 0.296875 0.069336 0.082031
0 0.727051 0.653320 0.083008 0.080078
0 0.116211 0.789551 0.121094 0.088867
0 0.716797 0.118164 0.136719 0.105469
0 0.537598 0.970215 0.084961 0.059570
