0 0.281250 0.048340 0.062500 0.096680
0 0.404297 0.025391 0.046875 0.050781
0 0.461426 0.015137 0.061523 0.030273
0 0.101562 0.071289 0.089844 0.093750
0 0.059570 0.189941 0.080078 0.122070
0 0.011719 0.462891 0.023438 0.082031
0 0.061523 0.377441 0.085938 0.090820
0 0.300781 0.268066 0.140625 0.071289
0 0.491211 0.342773 0.101562 0.083984
0 0.431152 0.509766 0.157227 0.123047
0 0.633301 0.518066 0.131836 0.086914
0 0.611816 0.390625 0.063477 0.097656
0 0.158203 0.641602 0.087891 0.115234
0 0.185059 0.812012 0.067383 0.127930
0 0.227539 0.874512 0.056641 0.053711
0 0.375000 0.761719 0.072266 0.083984
0 0.431152 0.678711 0.122070 0.107422
0 0.386230 0.922852 0.055664 0.056641
0 0.736328 0.889648 0.082031 0.089844
0 0.786133 0.793457 0.111328 0.100586
0 0.890625 0.814941 0.058594 0.059570
0 0.887207 0.889648 0.069336 0.064453
0 0.951172 0.977539 0.082031 0.044922
0 0.727051 0.670410 0.116211 0.124023
0 0.770996 0.548340 0.098633 0.079102
0 0.822754 0.427734 0.055664 0.062500
0 0.800293 0.325195 0.063477 0.083984
0 0.895996 0.444824 0.069336 0.084961
0 0.922363 0.303711 0.110352 0.148438
0 0.970215 0.564453 0.059570 0.101562
0 0.950684 0.745605 0.084961 0.088867
0 0.905273 0.129883 0.080078 0.113281
0 0.652832 0.169922 0.104492 0.111328
0 0.282227 0.981445 0.078125 0.037109
